week,timestamp_index,week_death_index,pageid,timestamp,views,share
1,6,-3,405184,20150707,13859,0.00000794
2,13,-2,405184,20150714,13049,0.00000756
3,20,-1,405184,20150721,14199,0.00000818
4,27,0,405184,20150728,1523641,0.00089507
5,34,1,405184,20150804,423777,0.00024652
6,41,2,405184,20150811,72545,0.00004187
7,48,3,405184,20150818,49519,0.00002836
8,55,4,405184,20150825,34938,0.00002005
9,62,5,405184,20150901,37204,0.00002070
10,69,6,405184,20150908,25603,0.00001376
11,76,7,405184,20150915,27066,0.00001542
12,83,8,405184,20150922,20115,0.00001161
13,90,9,405184,20150929,18566,0.00001088
14,97,10,405184,20151006,24620,0.00001402
15,104,11,405184,20151013,21021,0.00001192
16,111,12,405184,20151020,21101,0.00001184
17,118,13,405184,20151027,27240,0.00001550
18,125,14,405184,20151103,30093,0.00001697
19,132,15,405184,20151110,46677,0.00002668
20,139,16,405184,20151117,20215,0.00001150
21,146,17,405184,20151124,19617,0.00001132
22,153,18,405184,20151201,19056,0.00001083
23,160,19,405184,20151208,18409,0.00001037
24,167,20,405184,20151215,19114,0.00001159
25,174,21,405184,20151222,22470,0.00001428
26,181,22,405184,20151229,27750,0.00001589
27,188,23,405184,20160105,22022,0.00001191
28,195,24,405184,20160112,17741,0.00000964
29,202,25,405184,20160119,17361,0.00000931
30,209,26,405184,20160126,18198,0.00000982
31,216,27,405184,20160202,18083,0.00000984
32,223,28,405184,20160209,14646,0.00000814
33,230,29,405184,20160216,15200,0.00000824
34,237,30,405184,20160223,16134,0.00000885
35,244,31,405184,20160301,22183,0.00001220
36,251,32,405184,20160308,16851,0.00000967
37,258,33,405184,20160315,17630,0.00001040
38,265,34,405184,20160322,17442,0.00001042
39,272,35,405184,20160329,21578,0.00001262
40,279,36,405184,20160405,26956,0.00001542
41,286,37,405184,20160412,21873,0.00001272
42,293,38,405184,20160419,24162,0.00001374
43,300,39,405184,20160426,15989,0.00000930
44,307,40,405184,20160503,16635,0.00000974
45,314,41,405184,20160510,18426,0.00001075
46,321,42,405184,20160517,17766,0.00001024
47,328,43,405184,20160524,14178,0.00000847
48,335,44,405184,20160531,16448,0.00000964
49,342,45,405184,20160607,20904,0.00001236
50,349,46,405184,20160614,19344,0.00001146
51,356,47,405184,20160621,16059,0.00000957
52,363,48,405184,20160628,17066,0.00001012
53,370,49,405184,20160705,15418,0.00000911
54,377,50,405184,20160712,15984,0.00000971
55,384,51,405184,20160719,16325,0.00000874
56,391,52,405184,20160726,24841,0.00001262
57,398,53,405184,20160802,19498,0.00001022
58,405,54,405184,20160809,14718,0.00000748
59,412,55,405184,20160816,15086,0.00000857
60,419,56,405184,20160823,15802,0.00000898
61,426,57,405184,20160830,14803,0.00000846
62,433,58,405184,20160906,14071,0.00000800
63,440,59,405184,20160913,14487,0.00000816
64,447,60,405184,20160920,18893,0.00001066
65,454,61,405184,20160927,13698,0.00000785
66,461,62,405184,20161004,20057,0.00001129
67,468,63,405184,20161011,14508,0.00000805
68,475,64,405184,20161018,16839,0.00000939
69,482,65,405184,20161025,16471,0.00000941
70,489,66,405184,20161101,14913,0.00000808
71,496,67,405184,20161108,13453,0.00000704
72,503,68,405184,20161115,15229,0.00000817
73,510,69,405184,20161122,14129,0.00000778
74,517,70,405184,20161129,15784,0.00000849
75,524,71,405184,20161206,16326,0.00000883
76,531,72,405184,20161213,14867,0.00000839
77,538,73,405184,20161220,15483,0.00000896
78,545,74,405184,20161227,18428,0.00000982
79,552,75,405184,20170103,19945,0.00001010
80,559,76,405184,20170110,26521,0.00001346
81,566,77,405184,20170117,21168,0.00001066
82,573,78,405184,20170124,18425,0.00000926
83,580,79,405184,20170131,18647,0.00000958
84,587,80,405184,20170207,16585,0.00000852
85,594,81,405184,20170214,19507,0.00001025
86,601,82,405184,20170221,17182,0.00000884
87,608,83,405184,20170228,16034,0.00000845
88,615,84,405184,20170307,17498,0.00000929
89,622,85,405184,20170314,17007,0.00000905
90,629,86,405184,20170321,18581,0.00001019
91,636,87,405184,20170328,19419,0.00001093
92,643,88,405184,20170404,17615,0.00000999
93,650,89,405184,20170411,20274,0.00001153
94,657,90,405184,20170418,20090,0.00001108
95,664,91,405184,20170425,13860,0.00000779
96,671,92,405184,20170502,19070,0.00001065
97,678,93,405184,20170509,14097,0.00000801
98,685,94,405184,20170516,12421,0.00000693
99,692,95,405184,20170523,12493,0.00000730
100,699,96,405184,20170530,12826,0.00000733
101,706,97,405184,20170606,11627,0.00000679
102,713,98,405184,20170613,11919,0.00000721
103,720,99,405184,20170620,11969,0.00000733
104,727,100,405184,20170627,14311,0.00000894
105,734,101,405184,20170704,14014,0.00000851
106,741,102,405184,20170711,14943,0.00000902
107,748,103,405184,20170718,15418,0.00000924
108,755,104,405184,20170725,21280,0.00001300
109,762,105,405184,20170801,19060,0.00001181
110,769,106,405184,20170808,15624,0.00000960
111,776,107,405184,20170815,16489,0.00001009
112,783,108,405184,20170822,14975,0.00000924
113,790,109,405184,20170829,13942,0.00000860
114,797,110,405184,20170905,13018,0.00000786
115,804,111,405184,20170912,15131,0.00000911
116,811,112,405184,20170919,15159,0.00000903
117,818,113,405184,20170926,12778,0.00000776
118,825,114,405184,20171003,13406,0.00000789
119,832,115,405184,20171010,13530,0.00000788
120,839,116,405184,20171017,15466,0.00000906
121,846,117,405184,20171024,16704,0.00000967
122,853,118,405184,20171031,17590,0.00001014
123,860,119,405184,20171107,23073,0.00001319
124,867,120,405184,20171114,16119,0.00000918
125,874,121,405184,20171121,14994,0.00000868
126,881,122,405184,20171128,13509,0.00000781
127,888,123,405184,20171205,12914,0.00000733
128,895,124,405184,20171212,12618,0.00000747
129,902,125,405184,20171219,12635,0.00000800
130,909,126,405184,20171226,15324,0.00000887
131,916,127,405184,20180102,14873,0.00000783
132,923,128,405184,20180109,14828,0.00000780
133,930,129,405184,20180116,15357,0.00000806
134,937,130,405184,20180123,43605,0.00002322
135,944,131,405184,20180130,43796,0.00002375
136,951,132,405184,20180206,21408,0.00001162
137,958,133,405184,20180213,19288,0.00001062
138,965,134,405184,20180220,30396,0.00001635
139,972,135,405184,20180227,31122,0.00001681
140,979,136,405184,20180306,19704,0.00001078
141,986,137,405184,20180313,20782,0.00001133
142,993,138,405184,20180320,20106,0.00001124
143,1000,139,405184,20180327,23553,0.00001329
144,1007,140,405184,20180403,40335,0.00002219
145,1014,141,405184,20180410,42978,0.00002365
146,1021,142,405184,20180417,40045,0.00002269
147,1028,143,405184,20180424,20934,0.00001186
148,1035,144,405184,20180501,16391,0.00000951
149,1042,145,405184,20180508,14153,0.00000811
150,1049,146,405184,20180515,21697,0.00001200
151,1056,147,405184,20180522,13457,0.00000777
152,1063,148,405184,20180529,12776,0.00000743
153,1070,149,405184,20180605,12713,0.00000733
154,1077,150,405184,20180612,14581,0.00000864
155,1084,151,405184,20180619,16590,0.00000980
156,1091,152,405184,20180626,12661,0.00000756
0,0,-5,179643,20150701,9642,0.00000565
1,7,-4,179643,20150708,8062,0.00000461
2,14,-3,179643,20150715,4368,0.00000254
3,21,-2,179643,20150722,5374,0.00000308
4,28,-1,179643,20150729,708711,0.00041847
5,35,0,179643,20150805,203287,0.00011799
6,42,1,179643,20150812,78108,0.00004501
7,49,2,179643,20150819,163472,0.00009351
8,56,3,179643,20150826,19086,0.00001099
9,63,4,179643,20150902,11551,0.00000629
10,70,5,179643,20150909,8920,0.00000485
11,77,6,179643,20150916,11003,0.00000631
12,84,7,179643,20150923,6776,0.00000391
13,91,8,179643,20150930,6903,0.00000403
14,98,9,179643,20151007,6236,0.00000355
15,105,10,179643,20151014,14940,0.00000846
16,112,11,179643,20151021,13811,0.00000777
17,119,12,179643,20151028,14311,0.00000817
18,126,13,179643,20151104,9168,0.00000516
19,133,14,179643,20151111,7459,0.00000426
20,140,15,179643,20151118,7243,0.00000413
21,147,16,179643,20151125,8027,0.00000462
22,154,17,179643,20151202,13480,0.00000764
23,161,18,179643,20151209,11604,0.00000658
24,168,19,179643,20151216,11961,0.00000734
25,175,20,179643,20151223,48030,0.00003023
26,182,21,179643,20151230,25951,0.00001473
27,189,22,179643,20160106,8162,0.00000439
28,196,23,179643,20160113,7533,0.00000409
29,203,24,179643,20160120,6112,0.00000329
30,210,25,179643,20160127,7279,0.00000393
31,217,26,179643,20160203,7536,0.00000412
32,224,27,179643,20160210,6971,0.00000384
33,231,28,179643,20160217,6019,0.00000328
34,238,29,179643,20160224,5531,0.00000303
35,245,30,179643,20160302,5028,0.00000278
36,252,31,179643,20160309,9947,0.00000573
37,259,32,179643,20160316,11865,0.00000704
38,266,33,179643,20160323,4900,0.00000290
39,273,34,179643,20160330,4985,0.00000292
40,280,35,179643,20160406,4366,0.00000250
41,287,36,179643,20160413,4813,0.00000281
42,294,37,179643,20160420,5671,0.00000322
43,301,38,179643,20160427,6274,0.00000365
44,308,39,179643,20160504,5665,0.00000331
45,315,40,179643,20160511,14197,0.00000829
46,322,41,179643,20160518,4695,0.00000271
47,329,42,179643,20160525,5772,0.00000345
48,336,43,179643,20160601,5473,0.00000322
49,343,44,179643,20160608,5400,0.00000318
50,350,45,179643,20160615,6494,0.00000387
51,357,46,179643,20160622,4847,0.00000288
52,364,47,179643,20160629,4753,0.00000282
53,371,48,179643,20160706,4714,0.00000280
54,378,49,179643,20160713,5116,0.00000310
55,385,50,179643,20160720,7630,0.00000398
56,392,51,179643,20160727,7274,0.00000371
57,399,52,179643,20160803,4698,0.00000246
58,406,53,179643,20160810,6376,0.00000325
59,413,54,179643,20160817,8123,0.00000466
60,420,55,179643,20160824,12663,0.00000717
61,427,56,179643,20160831,6023,0.00000345
62,434,57,179643,20160907,5467,0.00000310
63,441,58,179643,20160914,5235,0.00000296
64,448,59,179643,20160921,4712,0.00000267
65,455,60,179643,20160928,4478,0.00000255
66,462,61,179643,20161005,4634,0.00000261
67,469,62,179643,20161012,4586,0.00000253
68,476,63,179643,20161019,4986,0.00000279
69,483,64,179643,20161026,4686,0.00000268
70,490,65,179643,20161102,5404,0.00000291
71,497,66,179643,20161109,9869,0.00000515
72,504,67,179643,20161116,19218,0.00001035
73,511,68,179643,20161123,12135,0.00000665
74,518,69,179643,20161130,5564,0.00000300
75,525,70,179643,20161207,7457,0.00000407
76,532,71,179643,20161214,16207,0.00000915
77,539,72,179643,20161221,14332,0.00000824
78,546,73,179643,20161228,14503,0.00000768
79,553,74,179643,20170104,13590,0.00000689
80,560,75,179643,20170111,22419,0.00001133
81,567,76,179643,20170118,7791,0.00000393
82,574,77,179643,20170125,6966,0.00000350
83,581,78,179643,20170201,6696,0.00000344
84,588,79,179643,20170208,8753,0.00000452
85,595,80,179643,20170215,6234,0.00000326
86,602,81,179643,20170222,10442,0.00000538
87,609,82,179643,20170301,9409,0.00000497
88,616,83,179643,20170308,7892,0.00000420
89,623,84,179643,20170315,8844,0.00000469
90,630,85,179643,20170322,5441,0.00000301
91,637,86,179643,20170329,5396,0.00000304
92,644,87,179643,20170405,6275,0.00000358
93,651,88,179643,20170412,5614,0.00000316
94,658,89,179643,20170419,5802,0.00000321
95,665,90,179643,20170426,10417,0.00000585
96,672,91,179643,20170503,7088,0.00000396
97,679,92,179643,20170510,8383,0.00000479
98,686,93,179643,20170517,6403,0.00000355
99,693,94,179643,20170524,7099,0.00000417
100,700,95,179643,20170531,5148,0.00000295
101,707,96,179643,20170607,5851,0.00000343
102,714,97,179643,20170614,9840,0.00000598
103,721,98,179643,20170621,7902,0.00000486
104,728,99,179643,20170628,7104,0.00000443
105,735,100,179643,20170705,5681,0.00000344
106,742,101,179643,20170712,5534,0.00000335
107,749,102,179643,20170719,5290,0.00000316
108,756,103,179643,20170726,6274,0.00000385
109,763,104,179643,20170802,5825,0.00000361
110,770,105,179643,20170809,7704,0.00000474
111,777,106,179643,20170816,8096,0.00000495
112,784,107,179643,20170823,7371,0.00000455
113,791,108,179643,20170830,6257,0.00000383
114,798,109,179643,20170906,7920,0.00000482
115,805,110,179643,20170913,7304,0.00000437
116,812,111,179643,20170920,6509,0.00000388
117,819,112,179643,20170927,14782,0.00000895
118,826,113,179643,20171004,22222,0.00001305
119,833,114,179643,20171011,26296,0.00001535
120,840,115,179643,20171018,14246,0.00000831
121,847,116,179643,20171025,7264,0.00000423
122,854,117,179643,20171101,10688,0.00000612
123,861,118,179643,20171108,8605,0.00000491
124,868,119,179643,20171115,6214,0.00000354
125,875,120,179643,20171122,6911,0.00000399
126,882,121,179643,20171129,5736,0.00000332
127,889,122,179643,20171206,5078,0.00000289
128,896,123,179643,20171213,10762,0.00000642
129,903,124,179643,20171220,14888,0.00000941
130,910,125,179643,20171227,7556,0.00000430
131,917,126,179643,20180103,11081,0.00000583
132,924,127,179643,20180110,6592,0.00000346
133,931,128,179643,20180117,7220,0.00000380
134,938,129,179643,20180124,5823,0.00000311
135,945,130,179643,20180131,5796,0.00000314
136,952,131,179643,20180207,6005,0.00000327
137,959,132,179643,20180214,6452,0.00000354
138,966,133,179643,20180221,5801,0.00000312
139,973,134,179643,20180228,5180,0.00000280
140,980,135,179643,20180307,6749,0.00000369
141,987,136,179643,20180314,5880,0.00000322
142,994,137,179643,20180321,6007,0.00000336
143,1001,138,179643,20180328,5595,0.00000315
144,1008,139,179643,20180404,5724,0.00000316
145,1015,140,179643,20180411,8490,0.00000467
146,1022,141,179643,20180418,10678,0.00000605
147,1029,142,179643,20180425,5757,0.00000328
148,1036,143,179643,20180502,6422,0.00000372
149,1043,144,179643,20180509,7263,0.00000416
150,1050,145,179643,20180516,7402,0.00000408
151,1057,146,179643,20180523,11492,0.00000663
152,1064,147,179643,20180530,5925,0.00000347
153,1071,148,179643,20180606,4797,0.00000277
154,1078,149,179643,20180613,5098,0.00000301
155,1085,150,179643,20180620,4890,0.00000291
156,1092,151,179643,20180627,4500,0.00000268
1,6,-4,1448170,20150707,580,0.00000033
2,13,-3,1448170,20150714,637,0.00000037
3,20,-2,1448170,20150721,845,0.00000049
4,27,-1,1448170,20150728,516,0.00000030
5,34,0,1448170,20150804,44805,0.00002606
6,41,1,1448170,20150811,30314,0.00001749
7,48,2,1448170,20150818,2672,0.00000153
8,55,3,1448170,20150825,1675,0.00000096
9,62,4,1448170,20150901,1486,0.00000083
10,69,5,1448170,20150908,1156,0.00000062
11,76,6,1448170,20150915,1030,0.00000059
12,83,7,1448170,20150922,1021,0.00000059
13,90,8,1448170,20150929,879,0.00000051
14,97,9,1448170,20151006,990,0.00000056
15,104,10,1448170,20151013,833,0.00000047
16,111,11,1448170,20151020,972,0.00000055
17,118,12,1448170,20151027,761,0.00000043
18,125,13,1448170,20151103,879,0.00000050
19,132,14,1448170,20151110,829,0.00000047
20,139,15,1448170,20151117,708,0.00000040
21,146,16,1448170,20151124,664,0.00000038
22,153,17,1448170,20151201,692,0.00000039
23,160,18,1448170,20151208,1567,0.00000088
24,167,19,1448170,20151215,872,0.00000053
25,174,20,1448170,20151222,542,0.00000034
26,181,21,1448170,20151229,868,0.00000050
27,188,22,1448170,20160105,573,0.00000031
28,195,23,1448170,20160112,1136,0.00000062
29,202,24,1448170,20160119,1166,0.00000063
30,209,25,1448170,20160126,787,0.00000042
31,216,26,1448170,20160202,975,0.00000053
32,223,27,1448170,20160209,890,0.00000049
33,230,28,1448170,20160216,663,0.00000036
34,237,29,1448170,20160223,1522,0.00000083
35,244,30,1448170,20160301,985,0.00000054
36,251,31,1448170,20160308,1207,0.00000069
37,258,32,1448170,20160315,742,0.00000044
38,265,33,1448170,20160322,564,0.00000034
39,272,34,1448170,20160329,918,0.00000054
40,279,35,1448170,20160405,1054,0.00000060
41,286,36,1448170,20160412,826,0.00000048
42,293,37,1448170,20160419,957,0.00000054
43,300,38,1448170,20160426,859,0.00000050
44,307,39,1448170,20160503,791,0.00000046
45,314,40,1448170,20160510,668,0.00000039
46,321,41,1448170,20160517,2189,0.00000126
47,328,42,1448170,20160524,2876,0.00000172
48,335,43,1448170,20160531,1048,0.00000061
49,342,44,1448170,20160607,592,0.00000035
50,349,45,1448170,20160614,594,0.00000035
51,356,46,1448170,20160621,461,0.00000027
52,363,47,1448170,20160628,518,0.00000031
53,370,48,1448170,20160705,516,0.00000030
54,377,49,1448170,20160712,585,0.00000036
55,384,50,1448170,20160719,1269,0.00000068
56,391,51,1448170,20160726,917,0.00000047
57,398,52,1448170,20160802,12450,0.00000653
58,405,53,1448170,20160809,1267,0.00000064
59,412,54,1448170,20160816,549,0.00000031
60,419,55,1448170,20160823,729,0.00000041
61,426,56,1448170,20160830,768,0.00000044
62,433,57,1448170,20160906,618,0.00000035
63,440,58,1448170,20160913,685,0.00000039
64,447,59,1448170,20160920,887,0.00000050
65,454,60,1448170,20160927,653,0.00000037
66,461,61,1448170,20161004,892,0.00000050
67,468,62,1448170,20161011,844,0.00000047
68,475,63,1448170,20161018,671,0.00000037
69,482,64,1448170,20161025,790,0.00000045
70,489,65,1448170,20161101,849,0.00000046
71,496,66,1448170,20161108,601,0.00000031
72,503,67,1448170,20161115,717,0.00000038
73,510,68,1448170,20161122,636,0.00000035
74,517,69,1448170,20161129,701,0.00000038
75,524,70,1448170,20161206,913,0.00000049
76,531,71,1448170,20161213,808,0.00000046
77,538,72,1448170,20161220,1668,0.00000097
78,545,73,1448170,20161227,509,0.00000027
79,552,74,1448170,20170103,580,0.00000029
80,559,75,1448170,20170110,777,0.00000039
81,566,76,1448170,20170117,673,0.00000034
82,573,77,1448170,20170124,923,0.00000046
83,580,78,1448170,20170131,1155,0.00000059
84,587,79,1448170,20170207,910,0.00000047
85,594,80,1448170,20170214,1047,0.00000055
86,601,81,1448170,20170221,930,0.00000048
87,608,82,1448170,20170228,1298,0.00000068
88,615,83,1448170,20170307,1102,0.00000059
89,622,84,1448170,20170314,871,0.00000046
90,629,85,1448170,20170321,706,0.00000039
91,636,86,1448170,20170328,644,0.00000036
92,643,87,1448170,20170404,810,0.00000046
93,650,88,1448170,20170411,620,0.00000035
94,657,89,1448170,20170418,839,0.00000046
95,664,90,1448170,20170425,735,0.00000041
96,671,91,1448170,20170502,675,0.00000038
97,678,92,1448170,20170509,1267,0.00000072
98,685,93,1448170,20170516,1030,0.00000057
99,692,94,1448170,20170523,602,0.00000035
100,699,95,1448170,20170530,568,0.00000032
101,706,96,1448170,20170606,605,0.00000035
102,713,97,1448170,20170613,581,0.00000035
103,720,98,1448170,20170620,656,0.00000040
104,727,99,1448170,20170627,708,0.00000044
105,734,100,1448170,20170704,278857,0.00016941
106,741,101,1448170,20170711,1424,0.00000086
107,748,102,1448170,20170718,1251,0.00000075
108,755,103,1448170,20170725,1130,0.00000069
109,762,104,1448170,20170801,4273,0.00000265
110,769,105,1448170,20170808,826,0.00000051
111,776,106,1448170,20170815,558,0.00000034
112,783,107,1448170,20170822,756,0.00000047
113,790,108,1448170,20170829,673,0.00000042
114,797,109,1448170,20170905,732,0.00000044
115,804,110,1448170,20170912,776,0.00000047
116,811,111,1448170,20170919,886,0.00000053
117,818,112,1448170,20170926,841,0.00000051
118,825,113,1448170,20171003,755,0.00000044
119,832,114,1448170,20171010,967,0.00000056
120,839,115,1448170,20171017,948,0.00000056
121,846,116,1448170,20171024,839,0.00000049
122,853,117,1448170,20171031,645,0.00000037
123,860,118,1448170,20171107,721,0.00000041
124,867,119,1448170,20171114,672,0.00000038
125,874,120,1448170,20171121,733,0.00000042
126,881,121,1448170,20171128,808,0.00000047
127,888,122,1448170,20171205,796,0.00000045
128,895,123,1448170,20171212,527,0.00000031
129,902,124,1448170,20171219,423,0.00000027
130,909,125,1448170,20171226,789,0.00000046
131,916,126,1448170,20180102,596,0.00000031
132,923,127,1448170,20180109,575,0.00000030
133,930,128,1448170,20180116,691,0.00000036
134,937,129,1448170,20180123,623,0.00000033
135,944,130,1448170,20180130,675,0.00000037
136,951,131,1448170,20180206,697,0.00000038
137,958,132,1448170,20180213,784,0.00000043
138,965,133,1448170,20180220,837,0.00000045
139,972,134,1448170,20180227,1077,0.00000058
140,979,135,1448170,20180306,1059,0.00000058
141,986,136,1448170,20180313,750,0.00000041
142,993,137,1448170,20180320,750,0.00000042
143,1000,138,1448170,20180327,691,0.00000039
144,1007,139,1448170,20180403,704,0.00000039
145,1014,140,1448170,20180410,609,0.00000034
146,1021,141,1448170,20180417,625,0.00000035
147,1028,142,1448170,20180424,624,0.00000035
148,1035,143,1448170,20180501,652,0.00000038
149,1042,144,1448170,20180508,656,0.00000038
150,1049,145,1448170,20180515,752,0.00000042
151,1056,146,1448170,20180522,586,0.00000034
152,1063,147,1448170,20180529,563,0.00000033
153,1070,148,1448170,20180605,4770,0.00000275
154,1077,149,1448170,20180612,1504,0.00000089
155,1084,150,1448170,20180619,874,0.00000052
156,1091,151,1448170,20180626,957,0.00000057
0,1,-9,153147,20150702,8772,0.00000511
1,8,-8,153147,20150709,9013,0.00000516
2,15,-7,153147,20150716,8535,0.00000497
3,22,-6,153147,20150723,8862,0.00000504
4,29,-5,153147,20150730,10394,0.00000619
5,36,-4,153147,20150806,9247,0.00000537
6,43,-3,153147,20150813,8865,0.00000510
7,50,-2,153147,20150820,8411,0.00000481
8,57,-1,153147,20150827,834211,0.00047979
9,64,0,153147,20150903,168336,0.00009108
10,71,1,153147,20150910,46347,0.00002549
11,78,2,153147,20150917,40595,0.00002320
12,85,3,153147,20150924,28862,0.00001668
13,92,4,153147,20151001,34645,0.00002012
14,99,5,153147,20151008,28738,0.00001633
15,106,6,153147,20151015,25460,0.00001444
16,113,7,153147,20151022,44214,0.00002492
17,120,8,153147,20151029,155830,0.00008890
18,127,9,153147,20151105,20659,0.00001167
19,134,10,153147,20151112,14628,0.00000833
20,141,11,153147,20151119,13219,0.00000760
21,148,12,153147,20151126,12096,0.00000692
22,155,13,153147,20151203,12795,0.00000723
23,162,14,153147,20151210,11947,0.00000684
24,169,15,153147,20151217,13535,0.00000842
25,176,16,153147,20151224,16770,0.00001041
26,183,17,153147,20151231,18642,0.00001047
27,190,18,153147,20160107,13265,0.00000713
28,197,19,153147,20160114,13979,0.00000758
29,204,20,153147,20160121,12164,0.00000653
30,211,21,153147,20160128,10730,0.00000579
31,218,22,153147,20160204,10126,0.00000555
32,225,23,153147,20160211,18683,0.00001028
33,232,24,153147,20160218,11072,0.00000605
34,239,25,153147,20160225,48855,0.00002679
35,246,26,153147,20160303,14617,0.00000810
36,253,27,153147,20160310,11648,0.00000674
37,260,28,153147,20160317,10543,0.00000631
38,267,29,153147,20160324,11197,0.00000659
39,274,30,153147,20160331,13125,0.00000763
40,281,31,153147,20160407,12353,0.00000708
41,288,32,153147,20160414,11597,0.00000677
42,295,33,153147,20160421,10957,0.00000622
43,302,34,153147,20160428,10669,0.00000622
44,309,35,153147,20160505,10863,0.00000636
45,316,36,153147,20160512,16318,0.00000948
46,323,37,153147,20160519,13821,0.00000803
47,330,38,153147,20160526,14797,0.00000881
48,337,39,153147,20160602,12999,0.00000767
49,344,40,153147,20160609,13223,0.00000777
50,351,41,153147,20160616,11777,0.00000703
51,358,42,153147,20160623,12744,0.00000757
52,365,43,153147,20160630,13696,0.00000807
53,372,44,153147,20160707,11312,0.00000677
54,379,45,153147,20160714,10412,0.00000626
55,386,46,153147,20160721,10672,0.00000548
56,393,47,153147,20160728,14935,0.00000767
57,400,48,153147,20160804,11142,0.00000580
58,407,49,153147,20160811,11042,0.00000575
59,414,50,153147,20160818,11035,0.00000630
60,421,51,153147,20160825,13785,0.00000779
61,428,52,153147,20160901,10610,0.00000610
62,435,53,153147,20160908,9487,0.00000537
63,442,54,153147,20160915,9859,0.00000557
64,449,55,153147,20160922,9198,0.00000521
65,456,56,153147,20160929,11220,0.00000638
66,463,57,153147,20161006,11991,0.00000677
67,470,58,153147,20161013,18037,0.00000995
68,477,59,153147,20161020,15168,0.00000851
69,484,60,153147,20161027,31998,0.00001822
70,491,61,153147,20161103,12576,0.00000672
71,498,62,153147,20161110,10597,0.00000555
72,505,63,153147,20161117,9131,0.00000496
73,512,64,153147,20161124,8779,0.00000478
74,519,65,153147,20161201,23495,0.00001264
75,526,66,153147,20161208,12288,0.00000674
76,533,67,153147,20161215,10382,0.00000588
77,540,68,153147,20161222,10204,0.00000580
78,547,69,153147,20161229,11387,0.00000601
79,554,70,153147,20170105,11619,0.00000590
80,561,71,153147,20170112,11854,0.00000598
81,568,72,153147,20170119,9503,0.00000480
82,575,73,153147,20170126,9713,0.00000489
83,582,74,153147,20170202,11047,0.00000568
84,589,75,153147,20170209,9405,0.00000487
85,596,76,153147,20170216,10865,0.00000567
86,603,77,153147,20170223,10235,0.00000528
87,610,78,153147,20170302,9494,0.00000502
88,617,79,153147,20170309,9447,0.00000504
89,624,80,153147,20170316,8631,0.00000457
90,631,81,153147,20170323,8321,0.00000463
91,638,82,153147,20170330,9591,0.00000542
92,645,83,153147,20170406,9134,0.00000522
93,652,84,153147,20170413,9258,0.00000518
94,659,85,153147,20170420,9804,0.00000544
95,666,86,153147,20170427,9264,0.00000520
96,673,87,153147,20170504,9102,0.00000509
97,680,88,153147,20170511,8729,0.00000498
98,687,89,153147,20170518,8910,0.00000496
99,694,90,153147,20170525,13146,0.00000756
100,701,91,153147,20170601,10140,0.00000593
101,708,92,153147,20170608,9082,0.00000536
102,715,93,153147,20170615,9771,0.00000591
103,722,94,153147,20170622,9450,0.00000586
104,729,95,153147,20170629,9510,0.00000593
105,736,96,153147,20170706,11004,0.00000663
106,743,97,153147,20170713,11847,0.00000719
107,750,98,153147,20170720,10013,0.00000597
108,757,99,153147,20170727,11417,0.00000702
109,764,100,153147,20170803,12263,0.00000757
110,771,101,153147,20170810,9366,0.00000578
111,778,102,153147,20170817,8511,0.00000520
112,785,103,153147,20170824,12662,0.00000782
113,792,104,153147,20170831,12136,0.00000739
114,799,105,153147,20170907,9345,0.00000571
115,806,106,153147,20170914,11019,0.00000656
116,813,107,153147,20170921,9671,0.00000578
117,820,108,153147,20170928,10078,0.00000609
118,827,109,153147,20171005,14801,0.00000865
119,834,110,153147,20171012,19371,0.00001137
120,841,111,153147,20171019,19004,0.00001102
121,848,112,153147,20171026,25431,0.00001487
122,855,113,153147,20171102,13220,0.00000753
123,862,114,153147,20171109,8871,0.00000507
124,869,115,153147,20171116,7360,0.00000420
125,876,116,153147,20171123,7548,0.00000434
126,883,117,153147,20171130,7672,0.00000446
127,890,118,153147,20171207,6966,0.00000397
128,897,119,153147,20171214,7126,0.00000430
129,904,120,153147,20171221,7483,0.00000468
130,911,121,153147,20171228,9616,0.00000540
131,918,122,153147,20180104,10032,0.00000530
132,925,123,153147,20180111,11792,0.00000615
133,932,124,153147,20180118,10584,0.00000559
134,939,125,153147,20180125,9256,0.00000495
135,946,126,153147,20180201,8463,0.00000459
136,953,127,153147,20180208,8894,0.00000487
137,960,128,153147,20180215,8343,0.00000455
138,967,129,153147,20180222,9587,0.00000516
139,974,130,153147,20180301,8741,0.00000473
140,981,131,153147,20180308,8219,0.00000447
141,988,132,153147,20180315,8356,0.00000461
142,995,133,153147,20180322,8024,0.00000450
143,1002,134,153147,20180329,8933,0.00000501
144,1009,135,153147,20180405,8284,0.00000456
145,1016,136,153147,20180412,8891,0.00000491
146,1023,137,153147,20180419,9452,0.00000533
147,1030,138,153147,20180426,7643,0.00000440
148,1037,139,153147,20180503,8819,0.00000511
149,1044,140,153147,20180510,9347,0.00000533
150,1051,141,153147,20180517,8929,0.00000493
151,1058,142,153147,20180524,8712,0.00000504
152,1065,143,153147,20180531,8185,0.00000480
153,1072,144,153147,20180607,9356,0.00000540
154,1079,145,153147,20180614,8565,0.00000507
155,1086,146,153147,20180621,8337,0.00000496
0,1,-11,1164653,20150702,5437,0.00000317
1,8,-10,1164653,20150709,5054,0.00000289
2,15,-9,1164653,20150716,5427,0.00000316
3,22,-8,1164653,20150723,5446,0.00000310
4,29,-7,1164653,20150730,4821,0.00000287
5,36,-6,1164653,20150806,4519,0.00000262
6,43,-5,1164653,20150813,5287,0.00000304
7,50,-4,1164653,20150820,4928,0.00000282
8,57,-3,1164653,20150827,15544,0.00000894
9,64,-2,1164653,20150903,3749,0.00000203
10,71,-1,1164653,20150910,510433,0.00028072
11,78,0,1164653,20150917,78348,0.00004478
12,85,1,1164653,20150924,13870,0.00000802
13,92,2,1164653,20151001,8749,0.00000508
14,99,3,1164653,20151008,7204,0.00000409
15,106,4,1164653,20151015,6009,0.00000341
16,113,5,1164653,20151022,6926,0.00000390
17,120,6,1164653,20151029,9247,0.00000528
18,127,7,1164653,20151105,7733,0.00000437
19,134,8,1164653,20151112,6479,0.00000369
20,141,9,1164653,20151119,6612,0.00000380
21,148,10,1164653,20151126,14162,0.00000810
22,155,11,1164653,20151203,7969,0.00000451
23,162,12,1164653,20151210,10168,0.00000582
24,169,13,1164653,20151217,7451,0.00000464
25,176,14,1164653,20151224,11616,0.00000721
26,183,15,1164653,20151231,10171,0.00000571
27,190,16,1164653,20160107,6338,0.00000341
28,197,17,1164653,20160114,7457,0.00000404
29,204,18,1164653,20160121,10342,0.00000555
30,211,19,1164653,20160128,9223,0.00000498
31,218,20,1164653,20160204,14130,0.00000775
32,225,21,1164653,20160211,10671,0.00000587
33,232,22,1164653,20160218,8599,0.00000470
34,239,23,1164653,20160225,6968,0.00000382
35,246,24,1164653,20160303,6591,0.00000365
36,253,25,1164653,20160310,6096,0.00000353
37,260,26,1164653,20160317,11138,0.00000667
38,267,27,1164653,20160324,9138,0.00000538
39,274,28,1164653,20160331,8160,0.00000475
40,281,29,1164653,20160407,8086,0.00000463
41,288,30,1164653,20160414,11978,0.00000699
42,295,31,1164653,20160421,7396,0.00000420
43,302,32,1164653,20160428,6620,0.00000386
44,309,33,1164653,20160505,8936,0.00000523
45,316,34,1164653,20160512,9705,0.00000564
46,323,35,1164653,20160519,9038,0.00000525
47,330,36,1164653,20160526,7783,0.00000463
48,337,37,1164653,20160602,7971,0.00000471
49,344,38,1164653,20160609,7527,0.00000442
50,351,39,1164653,20160616,10192,0.00000609
51,358,40,1164653,20160623,13097,0.00000778
52,365,41,1164653,20160630,9739,0.00000574
53,372,42,1164653,20160707,7898,0.00000472
54,379,43,1164653,20160714,9817,0.00000590
55,386,44,1164653,20160721,11633,0.00000598
56,393,45,1164653,20160728,5352,0.00000275
57,400,46,1164653,20160804,4706,0.00000245
58,407,47,1164653,20160811,4307,0.00000224
59,414,48,1164653,20160818,4562,0.00000261
60,421,49,1164653,20160825,4085,0.00000231
61,428,50,1164653,20160901,3806,0.00000219
62,435,51,1164653,20160908,5996,0.00000339
63,442,52,1164653,20160915,15882,0.00000897
64,449,53,1164653,20160922,4771,0.00000270
65,456,54,1164653,20160929,3737,0.00000212
66,463,55,1164653,20161006,3616,0.00000204
67,470,56,1164653,20161013,3830,0.00000211
68,477,57,1164653,20161020,4437,0.00000249
69,484,58,1164653,20161027,4947,0.00000282
70,491,59,1164653,20161103,8884,0.00000474
71,498,60,1164653,20161110,7303,0.00000383
72,505,61,1164653,20161117,5597,0.00000304
73,512,62,1164653,20161124,6860,0.00000373
74,519,63,1164653,20161201,7653,0.00000412
75,526,64,1164653,20161208,9279,0.00000509
76,533,65,1164653,20161215,15256,0.00000865
77,540,66,1164653,20161222,9338,0.00000531
78,547,67,1164653,20161229,6699,0.00000354
79,554,68,1164653,20170105,6931,0.00000352
80,561,69,1164653,20170112,7027,0.00000354
81,568,70,1164653,20170119,6330,0.00000319
82,575,71,1164653,20170126,7127,0.00000359
83,582,72,1164653,20170202,9284,0.00000477
84,589,73,1164653,20170209,8058,0.00000417
85,596,74,1164653,20170216,9076,0.00000474
86,603,75,1164653,20170223,8393,0.00000433
87,610,76,1164653,20170302,9732,0.00000515
88,617,77,1164653,20170309,7981,0.00000425
89,624,78,1164653,20170316,8873,0.00000470
90,631,79,1164653,20170323,11969,0.00000665
91,638,80,1164653,20170330,9681,0.00000548
92,645,81,1164653,20170406,7873,0.00000450
93,652,82,1164653,20170413,10603,0.00000594
94,659,83,1164653,20170420,8920,0.00000495
95,666,84,1164653,20170427,7263,0.00000408
96,673,85,1164653,20170504,8506,0.00000476
97,680,86,1164653,20170511,21838,0.00001246
98,687,87,1164653,20170518,12080,0.00000673
99,694,88,1164653,20170525,9157,0.00000526
100,701,89,1164653,20170601,15296,0.00000895
101,708,90,1164653,20170608,25823,0.00001523
102,715,91,1164653,20170615,15882,0.00000960
103,722,92,1164653,20170622,11746,0.00000728
104,729,93,1164653,20170629,8065,0.00000502
105,736,94,1164653,20170706,7431,0.00000448
106,743,95,1164653,20170713,5979,0.00000363
107,750,96,1164653,20170720,5806,0.00000346
108,757,97,1164653,20170727,5645,0.00000347
109,764,98,1164653,20170803,5599,0.00000346
110,771,99,1164653,20170810,4582,0.00000283
111,778,100,1164653,20170817,4261,0.00000260
112,785,101,1164653,20170824,4939,0.00000305
113,792,102,1164653,20170831,3536,0.00000215
114,799,103,1164653,20170907,4817,0.00000294
115,806,104,1164653,20170914,3942,0.00000235
116,813,105,1164653,20170921,3914,0.00000234
117,820,106,1164653,20170928,4208,0.00000254
118,827,107,1164653,20171005,3771,0.00000220
119,834,108,1164653,20171012,4630,0.00000272
120,841,109,1164653,20171019,5002,0.00000290
121,848,110,1164653,20171026,5148,0.00000301
122,855,111,1164653,20171102,5877,0.00000335
123,862,112,1164653,20171109,6140,0.00000351
124,869,113,1164653,20171116,6740,0.00000385
125,876,114,1164653,20171123,7091,0.00000408
126,883,115,1164653,20171130,7729,0.00000449
127,890,116,1164653,20171207,6753,0.00000385
128,897,117,1164653,20171214,7860,0.00000474
129,904,118,1164653,20171221,7908,0.00000495
130,911,119,1164653,20171228,6709,0.00000377
131,918,120,1164653,20180104,6734,0.00000356
132,925,121,1164653,20180111,7280,0.00000380
133,932,122,1164653,20180118,7861,0.00000415
134,939,123,1164653,20180125,7823,0.00000419
135,946,124,1164653,20180201,6847,0.00000371
136,953,125,1164653,20180208,8628,0.00000472
137,960,126,1164653,20180215,9067,0.00000495
138,967,127,1164653,20180222,8793,0.00000473
139,974,128,1164653,20180301,8951,0.00000484
140,981,129,1164653,20180308,7143,0.00000388
141,988,130,1164653,20180315,6954,0.00000384
142,995,131,1164653,20180322,12402,0.00000695
143,1002,132,1164653,20180329,9210,0.00000516
144,1009,133,1164653,20180405,6980,0.00000384
145,1016,134,1164653,20180412,8493,0.00000469
146,1023,135,1164653,20180419,7582,0.00000428
147,1030,136,1164653,20180426,9368,0.00000539
148,1037,137,1164653,20180503,10019,0.00000580
149,1044,138,1164653,20180510,8730,0.00000498
150,1051,139,1164653,20180517,10016,0.00000553
151,1058,140,1164653,20180524,12005,0.00000694
152,1065,141,1164653,20180531,9631,0.00000565
153,1072,142,1164653,20180607,12132,0.00000701
154,1079,143,1164653,20180614,7395,0.00000438
155,1086,144,1164653,20180621,8806,0.00000524
0,0,-12,595864,20150701,3698,0.00000217
1,7,-11,595864,20150708,4307,0.00000246
2,14,-10,595864,20150715,3629,0.00000211
3,21,-9,595864,20150722,7079,0.00000406
4,28,-8,595864,20150729,4245,0.00000251
5,35,-7,595864,20150805,3712,0.00000215
6,42,-6,595864,20150812,3175,0.00000183
7,49,-5,595864,20150819,3088,0.00000177
8,56,-4,595864,20150826,3197,0.00000184
9,63,-3,595864,20150902,12457,0.00000678
10,70,-2,595864,20150909,6485,0.00000353
11,77,-1,595864,20150916,538425,0.00030890
12,84,0,595864,20150923,99385,0.00005735
13,91,1,595864,20150930,26042,0.00001520
14,98,2,595864,20151007,16433,0.00000934
15,105,3,595864,20151014,10125,0.00000573
16,112,4,595864,20151021,7961,0.00000448
17,119,5,595864,20151028,8076,0.00000461
18,126,6,595864,20151104,36372,0.00002047
19,133,7,595864,20151111,8763,0.00000501
20,140,8,595864,20151118,6470,0.00000369
21,147,9,595864,20151125,6131,0.00000353
22,154,10,595864,20151202,11305,0.00000641
23,161,11,595864,20151209,14428,0.00000819
24,168,12,595864,20151216,7528,0.00000462
25,175,13,595864,20151223,20789,0.00001308
26,182,14,595864,20151230,14153,0.00000803
27,189,15,595864,20160106,7084,0.00000381
28,196,16,595864,20160113,6282,0.00000341
29,203,17,595864,20160120,6951,0.00000374
30,210,18,595864,20160127,5201,0.00000281
31,217,19,595864,20160203,4615,0.00000252
32,224,20,595864,20160210,5495,0.00000303
33,231,21,595864,20160217,8263,0.00000451
34,238,22,595864,20160224,6493,0.00000356
35,245,23,595864,20160302,4589,0.00000254
36,252,24,595864,20160309,5754,0.00000332
37,259,25,595864,20160316,3773,0.00000224
38,266,26,595864,20160323,6250,0.00000370
39,273,27,595864,20160330,4724,0.00000276
40,280,28,595864,20160406,7857,0.00000449
41,287,29,595864,20160413,4814,0.00000281
42,294,30,595864,20160420,31898,0.00001811
43,301,31,595864,20160427,16067,0.00000935
44,308,32,595864,20160504,12991,0.00000760
45,315,33,595864,20160511,5382,0.00000314
46,322,34,595864,20160518,5520,0.00000319
47,329,35,595864,20160525,6165,0.00000368
48,336,36,595864,20160601,4486,0.00000264
49,343,37,595864,20160608,3913,0.00000230
50,350,38,595864,20160615,3892,0.00000232
51,357,39,595864,20160622,3720,0.00000221
52,364,40,595864,20160629,4508,0.00000267
53,371,41,595864,20160706,4860,0.00000288
54,378,42,595864,20160713,4074,0.00000247
55,385,43,595864,20160720,4253,0.00000222
56,392,44,595864,20160727,5558,0.00000284
57,399,45,595864,20160803,7759,0.00000407
58,406,46,595864,20160810,5593,0.00000285
59,413,47,595864,20160817,7767,0.00000446
60,420,48,595864,20160824,4932,0.00000279
61,427,49,595864,20160831,4606,0.00000264
62,434,50,595864,20160907,8393,0.00000476
63,441,51,595864,20160914,8932,0.00000505
64,448,52,595864,20160921,4915,0.00000278
65,455,53,595864,20160928,5594,0.00000319
66,462,54,595864,20161005,4181,0.00000236
67,469,55,595864,20161012,3962,0.00000219
68,476,56,595864,20161019,3795,0.00000212
69,483,57,595864,20161026,3863,0.00000221
70,490,58,595864,20161102,4313,0.00000232
71,497,59,595864,20161109,3739,0.00000195
72,504,60,595864,20161116,3596,0.00000194
73,511,61,595864,20161123,4191,0.00000230
74,518,62,595864,20161130,4364,0.00000235
75,525,63,595864,20161207,6725,0.00000367
76,532,64,595864,20161214,4878,0.00000275
77,539,65,595864,20161221,5453,0.00000314
78,546,66,595864,20161228,8376,0.00000443
79,553,67,595864,20170104,4631,0.00000235
80,560,68,595864,20170111,5042,0.00000255
81,567,69,595864,20170118,3818,0.00000193
82,574,70,595864,20170125,3719,0.00000187
83,581,71,595864,20170201,3985,0.00000205
84,588,72,595864,20170208,4340,0.00000224
85,595,73,595864,20170215,5134,0.00000268
86,602,74,595864,20170222,4804,0.00000247
87,609,75,595864,20170301,7708,0.00000407
88,616,76,595864,20170308,9257,0.00000492
89,623,77,595864,20170315,3968,0.00000210
90,630,78,595864,20170322,3857,0.00000214
91,637,79,595864,20170329,4928,0.00000278
92,644,80,595864,20170405,4012,0.00000229
93,651,81,595864,20170412,4224,0.00000238
94,658,82,595864,20170419,4015,0.00000222
95,665,83,595864,20170426,4270,0.00000240
96,672,84,595864,20170503,4393,0.00000246
97,679,85,595864,20170510,10730,0.00000613
98,686,86,595864,20170517,5325,0.00000295
99,693,87,595864,20170524,4117,0.00000242
100,700,88,595864,20170531,3530,0.00000202
101,707,89,595864,20170607,3337,0.00000195
102,714,90,595864,20170614,7751,0.00000471
103,721,91,595864,20170621,3582,0.00000220
104,728,92,595864,20170628,3804,0.00000237
105,735,93,595864,20170705,3938,0.00000238
106,742,94,595864,20170712,3806,0.00000230
107,749,95,595864,20170719,3669,0.00000219
108,756,96,595864,20170726,3780,0.00000232
109,763,97,595864,20170802,4176,0.00000259
110,770,98,595864,20170809,4218,0.00000259
111,777,99,595864,20170816,3589,0.00000219
112,784,100,595864,20170823,5191,0.00000321
113,791,101,595864,20170830,4843,0.00000296
114,798,102,595864,20170906,11740,0.00000715
115,805,103,595864,20170913,5691,0.00000340
116,812,104,595864,20170920,3737,0.00000223
117,819,105,595864,20170927,4202,0.00000254
118,826,106,595864,20171004,5215,0.00000306
119,833,107,595864,20171011,5985,0.00000349
120,840,108,595864,20171018,5188,0.00000303
121,847,109,595864,20171025,5107,0.00000298
122,854,110,595864,20171101,4330,0.00000248
123,861,111,595864,20171108,7459,0.00000426
124,868,112,595864,20171115,3716,0.00000212
125,875,113,595864,20171122,5414,0.00000312
126,882,114,595864,20171129,3817,0.00000221
127,889,115,595864,20171206,3469,0.00000198
128,896,116,595864,20171213,4345,0.00000259
129,903,117,595864,20171220,5288,0.00000334
130,910,118,595864,20171227,5327,0.00000303
131,917,119,595864,20180103,4472,0.00000235
132,924,120,595864,20180110,3690,0.00000193
133,931,121,595864,20180117,4772,0.00000251
134,938,122,595864,20180124,4448,0.00000237
135,945,123,595864,20180131,4296,0.00000233
136,952,124,595864,20180207,4400,0.00000240
137,959,125,595864,20180214,4360,0.00000240
138,966,126,595864,20180221,3995,0.00000215
139,973,127,595864,20180228,4317,0.00000233
140,980,128,595864,20180307,4414,0.00000241
141,987,129,595864,20180314,3925,0.00000215
142,994,130,595864,20180321,4170,0.00000233
143,1001,131,595864,20180328,4858,0.00000273
144,1008,132,595864,20180404,4816,0.00000265
145,1015,133,595864,20180411,4274,0.00000235
146,1022,134,595864,20180418,4143,0.00000235
147,1029,135,595864,20180425,3846,0.00000219
148,1036,136,595864,20180502,3596,0.00000208
149,1043,137,595864,20180509,3799,0.00000218
150,1050,138,595864,20180516,3771,0.00000208
151,1057,139,595864,20180523,4759,0.00000275
152,1064,140,595864,20180530,5374,0.00000314
153,1071,141,595864,20180606,3564,0.00000206
154,1078,142,595864,20180613,3327,0.00000197
155,1085,143,595864,20180620,3461,0.00000206
156,1092,144,595864,20180627,3582,0.00000214
0,3,-12,43088,20150704,8992,0.00000518
1,10,-11,43088,20150711,15950,0.00000917
2,17,-10,43088,20150718,11079,0.00000641
3,24,-9,43088,20150725,13582,0.00000776
4,31,-8,43088,20150801,9690,0.00000574
5,38,-7,43088,20150808,10712,0.00000623
6,45,-6,43088,20150815,12331,0.00000708
7,52,-5,43088,20150822,11825,0.00000678
8,59,-4,43088,20150829,9149,0.00000520
9,66,-3,43088,20150905,8836,0.00000476
10,73,-2,43088,20150912,8480,0.00000473
11,80,-1,43088,20150919,855441,0.00048938
12,87,0,43088,20150926,161434,0.00009410
13,94,1,43088,20151003,30820,0.00001768
14,101,2,43088,20151010,20313,0.00001155
15,108,3,43088,20151017,18580,0.00001046
16,115,4,43088,20151024,16309,0.00000924
17,122,5,43088,20151031,14426,0.00000819
18,129,6,43088,20151107,11255,0.00000641
19,136,7,43088,20151114,10694,0.00000608
20,143,8,43088,20151121,12008,0.00000701
21,150,9,43088,20151128,8919,0.00000504
22,157,10,43088,20151205,8392,0.00000473
23,164,11,43088,20151212,8507,0.00000497
24,171,12,43088,20151219,9333,0.00000601
25,178,13,43088,20151226,12151,0.00000731
26,185,14,43088,20160102,9350,0.00000510
27,192,15,43088,20160109,7519,0.00000403
28,199,16,43088,20160116,6829,0.00000369
29,206,17,43088,20160123,6793,0.00000366
30,213,18,43088,20160130,6239,0.00000337
31,220,19,43088,20160206,6242,0.00000345
32,227,20,43088,20160213,6372,0.00000349
33,234,21,43088,20160220,8156,0.00000447
34,241,22,43088,20160227,7199,0.00000393
35,248,23,43088,20160305,6988,0.00000393
36,255,24,43088,20160312,6938,0.00000404
37,262,25,43088,20160319,16113,0.00000973
38,269,26,43088,20160326,11359,0.00000666
39,276,27,43088,20160402,11178,0.00000643
40,283,28,43088,20160409,10648,0.00000611
41,290,29,43088,20160416,10480,0.00000604
42,297,30,43088,20160423,10348,0.00000595
43,304,31,43088,20160430,10151,0.00000595
44,311,32,43088,20160507,15148,0.00000887
45,318,33,43088,20160514,10090,0.00000585
46,325,34,43088,20160521,8628,0.00000505
47,332,35,43088,20160528,9409,0.00000558
48,339,36,43088,20160604,9493,0.00000562
49,346,37,43088,20160611,7906,0.00000465
50,353,38,43088,20160618,7131,0.00000426
51,360,39,43088,20160625,8011,0.00000473
52,367,40,43088,20160702,8137,0.00000485
53,374,41,43088,20160709,10629,0.00000636
54,381,42,43088,20160716,9617,0.00000555
55,388,43,43088,20160723,8436,0.00000430
56,395,44,43088,20160730,8623,0.00000450
57,402,45,43088,20160806,7982,0.00000408
58,409,46,43088,20160813,7898,0.00000428
59,416,47,43088,20160820,6958,0.00000395
60,423,48,43088,20160827,7265,0.00000411
61,430,49,43088,20160903,6647,0.00000382
62,437,50,43088,20160910,6810,0.00000384
63,444,51,43088,20160917,8772,0.00000491
64,451,52,43088,20160924,8219,0.00000472
65,458,53,43088,20161001,7411,0.00000418
66,465,54,43088,20161008,7476,0.00000420
67,472,55,43088,20161015,8010,0.00000443
68,479,56,43088,20161022,11592,0.00000655
69,486,57,43088,20161029,14496,0.00000809
70,493,58,43088,20161105,7160,0.00000381
71,500,59,43088,20161112,5902,0.00000311
72,507,60,43088,20161119,6579,0.00000366
73,514,61,43088,20161126,6812,0.00000366
74,521,62,43088,20161203,6227,0.00000333
75,528,63,43088,20161210,5169,0.00000289
76,535,64,43088,20161217,5212,0.00000297
77,542,65,43088,20161224,5759,0.00000316
78,549,66,43088,20161231,6061,0.00000318
79,556,67,43088,20170107,6445,0.00000327
80,563,68,43088,20170114,7884,0.00000397
81,570,69,43088,20170121,7608,0.00000383
82,577,70,43088,20170128,6199,0.00000316
83,584,71,43088,20170204,9934,0.00000509
84,591,72,43088,20170211,9623,0.00000502
85,598,73,43088,20170218,7124,0.00000372
86,605,74,43088,20170225,6678,0.00000344
87,612,75,43088,20170304,6298,0.00000334
88,619,76,43088,20170311,7213,0.00000386
89,626,77,43088,20170318,7338,0.00000391
90,633,78,43088,20170325,8547,0.00000478
91,640,79,43088,20170401,8687,0.00000491
92,647,80,43088,20170408,8275,0.00000475
93,654,81,43088,20170415,10085,0.00000560
94,661,82,43088,20170422,8992,0.00000502
95,668,83,43088,20170429,10645,0.00000596
96,675,84,43088,20170506,19321,0.00001088
97,682,85,43088,20170513,22013,0.00001248
98,689,86,43088,20170520,8814,0.00000499
99,696,87,43088,20170527,9989,0.00000573
100,703,88,43088,20170603,8873,0.00000517
101,710,89,43088,20170610,7785,0.00000465
102,717,90,43088,20170617,7189,0.00000436
103,724,91,43088,20170624,8245,0.00000513
104,731,92,43088,20170701,8577,0.00000531
105,738,93,43088,20170708,9308,0.00000561
106,745,94,43088,20170715,9508,0.00000574
107,752,95,43088,20170722,7736,0.00000465
108,759,96,43088,20170729,8803,0.00000544
109,766,97,43088,20170805,7815,0.00000481
110,773,98,43088,20170812,7839,0.00000483
111,780,99,43088,20170819,6968,0.00000427
112,787,100,43088,20170826,6150,0.00000382
113,794,101,43088,20170902,5921,0.00000357
114,801,102,43088,20170909,6117,0.00000373
115,808,103,43088,20170916,6597,0.00000391
116,815,104,43088,20170923,6746,0.00000405
117,822,105,43088,20170930,7748,0.00000466
118,829,106,43088,20171007,10578,0.00000616
119,836,107,43088,20171014,12442,0.00000732
120,843,108,43088,20171021,12963,0.00000750
121,850,109,43088,20171028,11655,0.00000676
122,857,110,43088,20171104,8098,0.00000463
123,864,111,43088,20171111,6322,0.00000360
124,871,112,43088,20171118,5346,0.00000311
125,878,113,43088,20171125,5791,0.00000329
126,885,114,43088,20171202,5850,0.00000336
127,892,115,43088,20171209,5944,0.00000345
128,899,116,43088,20171216,5183,0.00000318
129,906,117,43088,20171223,4992,0.00000302
130,913,118,43088,20171230,5636,0.00000313
131,920,119,43088,20180106,5660,0.00000298
132,927,120,43088,20180113,6278,0.00000324
133,934,121,43088,20180120,6897,0.00000368
134,941,122,43088,20180127,6540,0.00000353
135,948,123,43088,20180203,6534,0.00000354
136,955,124,43088,20180210,6319,0.00000348
137,962,125,43088,20180217,6391,0.00000347
138,969,126,43088,20180224,6802,0.00000368
139,976,127,43088,20180303,7193,0.00000389
140,983,128,43088,20180310,6660,0.00000362
141,990,129,43088,20180317,6420,0.00000355
142,997,130,43088,20180324,8441,0.00000477
143,1004,131,43088,20180331,11736,0.00000655
144,1011,132,43088,20180407,10330,0.00000567
145,1018,133,43088,20180414,8876,0.00000495
146,1025,134,43088,20180421,8758,0.00000492
147,1032,135,43088,20180428,8424,0.00000488
148,1039,136,43088,20180505,10447,0.00000603
149,1046,137,43088,20180512,16198,0.00000923
150,1053,138,43088,20180519,7789,0.00000433
151,1060,139,43088,20180526,8551,0.00000495
152,1067,140,43088,20180602,9942,0.00000578
153,1074,141,43088,20180609,8983,0.00000526
154,1081,142,43088,20180616,10398,0.00000616
155,1088,143,43088,20180623,8404,0.00000501
0,0,-17,235309,20150701,12919,0.00000757
1,7,-16,235309,20150708,11988,0.00000686
2,14,-15,235309,20150715,15553,0.00000905
3,21,-14,235309,20150722,24779,0.00001422
4,28,-13,235309,20150729,12400,0.00000732
5,35,-12,235309,20150805,12112,0.00000703
6,42,-11,235309,20150812,37683,0.00002171
7,49,-10,235309,20150819,37500,0.00002145
8,56,-9,235309,20150826,12204,0.00000703
9,63,-8,235309,20150902,15808,0.00000860
10,70,-7,235309,20150909,10952,0.00000596
11,77,-6,235309,20150916,11322,0.00000650
12,84,-5,235309,20150923,14780,0.00000853
13,91,-4,235309,20150930,11192,0.00000653
14,98,-3,235309,20151007,17821,0.00001013
15,105,-2,235309,20151014,15844,0.00000897
16,112,-1,235309,20151021,635993,0.00035802
17,119,0,235309,20151028,116457,0.00006648
18,126,1,235309,20151104,61986,0.00003489
19,133,2,235309,20151111,30574,0.00001746
20,140,3,235309,20151118,62371,0.00003559
21,147,4,235309,20151125,24264,0.00001398
22,154,5,235309,20151202,26610,0.00001508
23,161,6,235309,20151209,33013,0.00001873
24,168,7,235309,20151216,51862,0.00003181
25,175,8,235309,20151223,39353,0.00002477
26,182,9,235309,20151230,28900,0.00001640
27,189,10,235309,20160106,13063,0.00000703
28,196,11,235309,20160113,13064,0.00000708
29,203,12,235309,20160120,12938,0.00000696
30,210,13,235309,20160127,14090,0.00000761
31,217,14,235309,20160203,11456,0.00000626
32,224,15,235309,20160210,16810,0.00000926
33,231,16,235309,20160217,15884,0.00000866
34,238,17,235309,20160224,33303,0.00001827
35,245,18,235309,20160302,11965,0.00000661
36,252,19,235309,20160309,13028,0.00000751
37,259,20,235309,20160316,13536,0.00000803
38,266,21,235309,20160323,12485,0.00000739
39,273,22,235309,20160330,14974,0.00000876
40,280,23,235309,20160406,11729,0.00000671
41,287,24,235309,20160413,9849,0.00000574
42,294,25,235309,20160420,8259,0.00000469
43,301,26,235309,20160427,11105,0.00000646
44,308,27,235309,20160504,9954,0.00000582
45,315,28,235309,20160511,13674,0.00000798
46,322,29,235309,20160518,13824,0.00000798
47,329,30,235309,20160525,15557,0.00000929
48,336,31,235309,20160601,10274,0.00000604
49,343,32,235309,20160608,18725,0.00001103
50,350,33,235309,20160615,10352,0.00000617
51,357,34,235309,20160622,9895,0.00000588
52,364,35,235309,20160629,26003,0.00001541
53,371,36,235309,20160706,16182,0.00000960
54,378,37,235309,20160713,9390,0.00000570
55,385,38,235309,20160720,12865,0.00000672
56,392,39,235309,20160727,11641,0.00000594
57,399,40,235309,20160803,10182,0.00000534
58,406,41,235309,20160810,10661,0.00000544
59,413,42,235309,20160817,14490,0.00000832
60,420,43,235309,20160824,10861,0.00000615
61,427,44,235309,20160831,13599,0.00000779
62,434,45,235309,20160907,9885,0.00000561
63,441,46,235309,20160914,9833,0.00000556
64,448,47,235309,20160921,9464,0.00000536
65,455,48,235309,20160928,11589,0.00000661
66,462,49,235309,20161005,17361,0.00000979
67,469,50,235309,20161012,12397,0.00000684
68,476,51,235309,20161019,14516,0.00000812
69,483,52,235309,20161026,14540,0.00000833
70,490,53,235309,20161102,15937,0.00000857
71,497,54,235309,20161109,12962,0.00000677
72,504,55,235309,20161116,14496,0.00000781
73,511,56,235309,20161123,26371,0.00001445
74,518,57,235309,20161130,17862,0.00000962
75,525,58,235309,20161207,18007,0.00000982
76,532,59,235309,20161214,19649,0.00001109
77,539,60,235309,20161221,36077,0.00002075
78,546,61,235309,20161228,28349,0.00001500
79,553,62,235309,20170104,29856,0.00001515
80,560,63,235309,20170111,21697,0.00001096
81,567,64,235309,20170118,17123,0.00000864
82,574,65,235309,20170125,33205,0.00001670
83,581,66,235309,20170201,16269,0.00000836
84,588,67,235309,20170208,19162,0.00000990
85,595,68,235309,20170215,18808,0.00000982
86,602,69,235309,20170222,29777,0.00001533
87,609,70,235309,20170301,12869,0.00000680
88,616,71,235309,20170308,15152,0.00000806
89,623,72,235309,20170315,31651,0.00001679
90,630,73,235309,20170322,12646,0.00000700
91,637,74,235309,20170329,19083,0.00001075
92,644,75,235309,20170405,15398,0.00000880
93,651,76,235309,20170412,12130,0.00000684
94,658,77,235309,20170419,14078,0.00000778
95,665,78,235309,20170426,12536,0.00000704
96,672,79,235309,20170503,11798,0.00000660
97,679,80,235309,20170510,14322,0.00000818
98,686,81,235309,20170517,12747,0.00000707
99,693,82,235309,20170524,18263,0.00001073
100,700,83,235309,20170531,14854,0.00000851
101,707,84,235309,20170607,16096,0.00000943
102,714,85,235309,20170614,12963,0.00000788
103,721,86,235309,20170621,9849,0.00000606
104,728,87,235309,20170628,15015,0.00000935
105,735,88,235309,20170705,19156,0.00001159
106,742,89,235309,20170712,14038,0.00000849
107,749,90,235309,20170719,14450,0.00000863
108,756,91,235309,20170726,14712,0.00000903
109,763,92,235309,20170802,20208,0.00001251
110,770,93,235309,20170809,35201,0.00002165
111,777,94,235309,20170816,15531,0.00000949
112,784,95,235309,20170823,13188,0.00000815
113,791,96,235309,20170830,13632,0.00000834
114,798,97,235309,20170906,12410,0.00000755
115,805,98,235309,20170913,16598,0.00000993
116,812,99,235309,20170920,17211,0.00001026
117,819,100,235309,20170927,10684,0.00000647
118,826,101,235309,20171004,11933,0.00000701
119,833,102,235309,20171011,14198,0.00000829
120,840,103,235309,20171018,17443,0.00001018
121,847,104,235309,20171025,15324,0.00000893
122,854,105,235309,20171101,38384,0.00002198
123,861,106,235309,20171108,18167,0.00001038
124,868,107,235309,20171115,14351,0.00000818
125,875,108,235309,20171122,30150,0.00001739
126,882,109,235309,20171129,15623,0.00000904
127,889,110,235309,20171206,23972,0.00001366
128,896,111,235309,20171213,29628,0.00001768
129,903,112,235309,20171220,63273,0.00004000
130,910,113,235309,20171227,20841,0.00001186
131,917,114,235309,20180103,12477,0.00000657
132,924,115,235309,20180110,15055,0.00000789
133,931,116,235309,20180117,11857,0.00000624
134,938,117,235309,20180124,12337,0.00000659
135,945,118,235309,20180131,13727,0.00000744
136,952,119,235309,20180207,11711,0.00000638
137,959,120,235309,20180214,8949,0.00000492
138,966,121,235309,20180221,9954,0.00000535
139,973,122,235309,20180228,21877,0.00001183
140,980,123,235309,20180307,15788,0.00000863
141,987,124,235309,20180314,28138,0.00001541
142,994,125,235309,20180321,15591,0.00000872
143,1001,126,235309,20180328,12861,0.00000723
144,1008,127,235309,20180404,9567,0.00000527
145,1015,128,235309,20180411,10300,0.00000567
146,1022,129,235309,20180418,10630,0.00000602
147,1029,130,235309,20180425,11967,0.00000682
148,1036,131,235309,20180502,10832,0.00000628
149,1043,132,235309,20180509,9221,0.00000528
150,1050,133,235309,20180516,7846,0.00000433
151,1057,134,235309,20180523,15188,0.00000877
152,1064,135,235309,20180530,10522,0.00000616
153,1071,136,235309,20180606,10790,0.00000623
154,1078,137,235309,20180613,10787,0.00000638
155,1085,138,235309,20180620,10675,0.00000634
156,1092,139,235309,20180627,18157,0.00001082
0,1,-18,553222,20150702,6330,0.00000369
1,8,-17,553222,20150709,5660,0.00000324
2,15,-16,553222,20150716,6159,0.00000359
3,22,-15,553222,20150723,8760,0.00000498
4,29,-14,553222,20150730,7419,0.00000442
5,36,-13,553222,20150806,9964,0.00000578
6,43,-12,553222,20150813,7915,0.00000455
7,50,-11,553222,20150820,7282,0.00000416
8,57,-10,553222,20150827,6045,0.00000348
9,64,-9,553222,20150903,5801,0.00000314
10,71,-8,553222,20150910,6289,0.00000346
11,78,-7,553222,20150917,5739,0.00000328
12,85,-6,553222,20150924,5655,0.00000327
13,92,-5,553222,20151001,6044,0.00000351
14,99,-4,553222,20151008,6422,0.00000365
15,106,-3,553222,20151015,5860,0.00000332
16,113,-2,553222,20151022,6881,0.00000388
17,120,-1,553222,20151029,504764,0.00028798
18,127,0,553222,20151105,51723,0.00002921
19,134,1,553222,20151112,17012,0.00000969
20,141,2,553222,20151119,11934,0.00000686
21,148,3,553222,20151126,11235,0.00000643
22,155,4,553222,20151203,9178,0.00000519
23,162,5,553222,20151210,10050,0.00000575
24,169,6,553222,20151217,11443,0.00000712
25,176,7,553222,20151224,16470,0.00001022
26,183,8,553222,20151231,14469,0.00000813
27,190,9,553222,20160107,8639,0.00000464
28,197,10,553222,20160114,8997,0.00000488
29,204,11,553222,20160121,8740,0.00000469
30,211,12,553222,20160128,13446,0.00000726
31,218,13,553222,20160204,9518,0.00000522
32,225,14,553222,20160211,8667,0.00000477
33,232,15,553222,20160218,7859,0.00000429
34,239,16,553222,20160225,8511,0.00000467
35,246,17,553222,20160303,8090,0.00000448
36,253,18,553222,20160310,6401,0.00000370
37,260,19,553222,20160317,8410,0.00000504
38,267,20,553222,20160324,7807,0.00000459
39,274,21,553222,20160331,10781,0.00000627
40,281,22,553222,20160407,8830,0.00000506
41,288,23,553222,20160414,8831,0.00000516
42,295,24,553222,20160421,9688,0.00000550
43,302,25,553222,20160428,8233,0.00000480
44,309,26,553222,20160505,9746,0.00000570
45,316,27,553222,20160512,7841,0.00000456
46,323,28,553222,20160519,7780,0.00000452
47,330,29,553222,20160526,6763,0.00000403
48,337,30,553222,20160602,6565,0.00000388
49,344,31,553222,20160609,5898,0.00000346
50,351,32,553222,20160616,5705,0.00000341
51,358,33,553222,20160623,7116,0.00000422
52,365,34,553222,20160630,7518,0.00000443
53,372,35,553222,20160707,6528,0.00000390
54,379,36,553222,20160714,7660,0.00000461
55,386,37,553222,20160721,8268,0.00000425
56,393,38,553222,20160728,9366,0.00000481
57,400,39,553222,20160804,9492,0.00000494
58,407,40,553222,20160811,8492,0.00000442
59,414,41,553222,20160818,11848,0.00000677
60,421,42,553222,20160825,8927,0.00000505
61,428,43,553222,20160901,8641,0.00000497
62,435,44,553222,20160908,9106,0.00000515
63,442,45,553222,20160915,17458,0.00000986
64,449,46,553222,20160922,8546,0.00000484
65,456,47,553222,20160929,8301,0.00000472
66,463,48,553222,20161006,8574,0.00000484
67,470,49,553222,20161013,8726,0.00000481
68,477,50,553222,20161020,8307,0.00000466
69,484,51,553222,20161027,8795,0.00000501
70,491,52,553222,20161103,12303,0.00000657
71,498,53,553222,20161110,9449,0.00000495
72,505,54,553222,20161117,7919,0.00000430
73,512,55,553222,20161124,8156,0.00000444
74,519,56,553222,20161201,8444,0.00000454
75,526,57,553222,20161208,11409,0.00000625
76,533,58,553222,20161215,8094,0.00000459
77,540,59,553222,20161222,9656,0.00000549
78,547,60,553222,20161229,8634,0.00000456
79,554,61,553222,20170105,9314,0.00000473
80,561,62,553222,20170112,10726,0.00000541
81,568,63,553222,20170119,10843,0.00000547
82,575,64,553222,20170126,9797,0.00000493
83,582,65,553222,20170202,9553,0.00000491
84,589,66,553222,20170209,9419,0.00000488
85,596,67,553222,20170216,7651,0.00000399
86,603,68,553222,20170223,8431,0.00000435
87,610,69,553222,20170302,8587,0.00000454
88,617,70,553222,20170309,8663,0.00000462
89,624,71,553222,20170316,8072,0.00000427
90,631,72,553222,20170323,7630,0.00000424
91,638,73,553222,20170330,10384,0.00000587
92,645,74,553222,20170406,9406,0.00000537
93,652,75,553222,20170413,6141,0.00000344
94,659,76,553222,20170420,6469,0.00000359
95,666,77,553222,20170427,7587,0.00000426
96,673,78,553222,20170504,7830,0.00000438
97,680,79,553222,20170511,10754,0.00000614
98,687,80,553222,20170518,11232,0.00000626
99,694,81,553222,20170525,8179,0.00000470
100,701,82,553222,20170601,7458,0.00000436
101,708,83,553222,20170608,7121,0.00000420
102,715,84,553222,20170615,17709,0.00001071
103,722,85,553222,20170622,10547,0.00000654
104,729,86,553222,20170629,14745,0.00000919
105,736,87,553222,20170706,9234,0.00000557
106,743,88,553222,20170713,9548,0.00000579
107,750,89,553222,20170720,7869,0.00000469
108,757,90,553222,20170727,6722,0.00000413
109,764,91,553222,20170803,7032,0.00000434
110,771,92,553222,20170810,6835,0.00000421
111,778,93,553222,20170817,7372,0.00000451
112,785,94,553222,20170824,6279,0.00000388
113,792,95,553222,20170831,8426,0.00000513
114,799,96,553222,20170907,5350,0.00000327
115,806,97,553222,20170914,5718,0.00000340
116,813,98,553222,20170921,6927,0.00000414
117,820,99,553222,20170928,7036,0.00000425
118,827,100,553222,20171005,7472,0.00000437
119,834,101,553222,20171012,6740,0.00000396
120,841,102,553222,20171019,7479,0.00000434
121,848,103,553222,20171026,7606,0.00000445
122,855,104,553222,20171102,6561,0.00000374
123,862,105,553222,20171109,6266,0.00000358
124,869,106,553222,20171116,9439,0.00000539
125,876,107,553222,20171123,8319,0.00000479
126,883,108,553222,20171130,7934,0.00000461
127,890,109,553222,20171207,7711,0.00000439
128,897,110,553222,20171214,7454,0.00000449
129,904,111,553222,20171221,9802,0.00000614
130,911,112,553222,20171228,11709,0.00000658
131,918,113,553222,20180104,9318,0.00000492
132,925,114,553222,20180111,8561,0.00000446
133,932,115,553222,20180118,8022,0.00000424
134,939,116,553222,20180125,7736,0.00000414
135,946,117,553222,20180201,8171,0.00000443
136,953,118,553222,20180208,8717,0.00000477
137,960,119,553222,20180215,6403,0.00000349
138,967,120,553222,20180222,7187,0.00000387
139,974,121,553222,20180301,8143,0.00000440
140,981,122,553222,20180308,7180,0.00000390
141,988,123,553222,20180315,6316,0.00000349
142,995,124,553222,20180322,8011,0.00000449
143,1002,125,553222,20180329,8526,0.00000478
144,1009,126,553222,20180405,6148,0.00000338
145,1016,127,553222,20180412,7736,0.00000427
146,1023,128,553222,20180419,7646,0.00000432
147,1030,129,553222,20180426,5921,0.00000341
148,1037,130,553222,20180503,6093,0.00000353
149,1044,131,553222,20180510,4750,0.00000271
150,1051,132,553222,20180517,5317,0.00000294
151,1058,133,553222,20180524,5050,0.00000292
152,1065,134,553222,20180531,4941,0.00000290
153,1072,135,553222,20180607,5666,0.00000327
154,1079,136,553222,20180614,6084,0.00000360
155,1086,137,553222,20180621,8784,0.00000523
1,4,-19,264230,20150705,3223,0.00000185
2,11,-18,264230,20150712,3349,0.00000193
3,18,-17,264230,20150719,3962,0.00000228
4,25,-16,264230,20150726,4097,0.00000235
5,32,-15,264230,20150802,4231,0.00000250
6,39,-14,264230,20150809,5990,0.00000349
7,46,-13,264230,20150816,8872,0.00000509
8,53,-12,264230,20150823,13711,0.00000786
9,60,-11,264230,20150830,10110,0.00000572
10,67,-10,264230,20150906,9501,0.00000510
11,74,-9,264230,20150913,45913,0.00002587
12,81,-8,264230,20150920,42688,0.00002448
13,88,-7,264230,20150927,27080,0.00001581
14,95,-6,264230,20151004,39180,0.00002239
15,102,-5,264230,20151011,37821,0.00002152
16,109,-4,264230,20151018,38171,0.00002142
17,116,-3,264230,20151025,37240,0.00002112
18,123,-2,264230,20151101,19028,0.00001080
19,130,-1,264230,20151108,5350,0.00000305
20,137,0,264230,20151115,783082,0.00044440
21,144,1,264230,20151122,74139,0.00004307
22,151,2,264230,20151129,500816,0.00028444
23,158,3,264230,20151206,40125,0.00002258
24,165,4,264230,20151213,21416,0.00001262
25,172,5,264230,20151220,15032,0.00000962
26,179,6,264230,20151227,12941,0.00000763
27,186,7,264230,20160103,9314,0.00000512
28,193,8,264230,20160110,7451,0.00000400
29,200,9,264230,20160117,21758,0.00001174
30,207,10,264230,20160124,16166,0.00000873
31,214,11,264230,20160131,10521,0.00000570
32,221,12,264230,20160207,8367,0.00000462
33,228,13,264230,20160214,7383,0.00000403
34,235,14,264230,20160221,8127,0.00000447
35,242,15,264230,20160228,8819,0.00000480
36,249,16,264230,20160306,7100,0.00000402
37,256,17,264230,20160313,7288,0.00000426
38,263,18,264230,20160320,6473,0.00000389
39,270,19,264230,20160327,5514,0.00000323
40,277,20,264230,20160403,5545,0.00000318
41,284,21,264230,20160410,5260,0.00000303
42,291,22,264230,20160417,6080,0.00000349
43,298,23,264230,20160424,5435,0.00000314
44,305,24,264230,20160501,4669,0.00000273
45,312,25,264230,20160508,8927,0.00000522
46,319,26,264230,20160515,5382,0.00000310
47,326,27,264230,20160522,5202,0.00000307
48,333,28,264230,20160529,5486,0.00000324
49,340,29,264230,20160605,5288,0.00000313
50,347,30,264230,20160612,6072,0.00000358
51,354,31,264230,20160619,5153,0.00000307
52,361,32,264230,20160626,6826,0.00000403
53,368,33,264230,20160703,4981,0.00000297
54,375,34,264230,20160710,4725,0.00000284
55,382,35,264230,20160717,4139,0.00000233
56,389,36,264230,20160724,4672,0.00000238
57,396,37,264230,20160731,7204,0.00000376
58,403,38,264230,20160807,10997,0.00000562
59,410,39,264230,20160814,6324,0.00000350
60,417,40,264230,20160821,5123,0.00000290
61,424,41,264230,20160828,5096,0.00000289
62,431,42,264230,20160904,6053,0.00000346
63,438,43,264230,20160911,7415,0.00000420
64,445,44,264230,20160918,5634,0.00000316
65,452,45,264230,20160925,4509,0.00000259
66,459,46,264230,20161002,4899,0.00000276
67,466,47,264230,20161009,4724,0.00000265
68,473,48,264230,20161016,5705,0.00000316
69,480,49,264230,20161023,5444,0.00000309
70,487,50,264230,20161030,6978,0.00000385
71,494,51,264230,20161106,13541,0.00000717
72,501,52,264230,20161113,22399,0.00001186
73,508,53,264230,20161120,11605,0.00000642
74,515,54,264230,20161127,9649,0.00000519
75,522,55,264230,20161204,6326,0.00000340
76,529,56,264230,20161211,4502,0.00000254
77,536,57,264230,20161218,6534,0.00000371
78,543,58,264230,20161225,5180,0.00000283
79,550,59,264230,20170101,6065,0.00000313
80,557,60,264230,20170108,5250,0.00000267
81,564,61,264230,20170115,5258,0.00000265
82,571,62,264230,20170122,5172,0.00000260
83,578,63,264230,20170129,6305,0.00000323
84,585,64,264230,20170205,41220,0.00002112
85,592,65,264230,20170212,12440,0.00000651
86,599,66,264230,20170219,6939,0.00000362
87,606,67,264230,20170226,7560,0.00000391
88,613,68,264230,20170305,7464,0.00000395
89,620,69,264230,20170312,6396,0.00000340
90,627,70,264230,20170319,5209,0.00000281
91,634,71,264230,20170326,4413,0.00000248
92,641,72,264230,20170402,3939,0.00000222
93,648,73,264230,20170409,4315,0.00000247
94,655,74,264230,20170416,4512,0.00000250
95,662,75,264230,20170423,4282,0.00000240
96,669,76,264230,20170430,5294,0.00000295
97,676,77,264230,20170507,10540,0.00000596
98,683,78,264230,20170514,7284,0.00000413
99,690,79,264230,20170521,5362,0.00000306
100,697,80,264230,20170528,7717,0.00000441
101,704,81,264230,20170604,7568,0.00000441
102,711,82,264230,20170611,7402,0.00000443
103,718,83,264230,20170618,10101,0.00000614
104,725,84,264230,20170625,8647,0.00000539
105,732,85,264230,20170702,8776,0.00000541
106,739,86,264230,20170709,6281,0.00000379
107,746,87,264230,20170716,4892,0.00000295
108,753,88,264230,20170723,4094,0.00000247
109,760,89,264230,20170730,4149,0.00000257
110,767,90,264230,20170806,4268,0.00000262
111,774,91,264230,20170813,4720,0.00000291
112,781,92,264230,20170820,6412,0.00000393
113,788,93,264230,20170827,4839,0.00000301
114,795,94,264230,20170903,9136,0.00000551
115,802,95,264230,20170910,5380,0.00000328
116,809,96,264230,20170917,5163,0.00000306
117,816,97,264230,20170924,8430,0.00000510
118,823,98,264230,20171001,5935,0.00000354
119,830,99,264230,20171008,5511,0.00000321
120,837,100,264230,20171015,7211,0.00000424
121,844,101,264230,20171022,6513,0.00000377
122,851,102,264230,20171029,5576,0.00000323
123,858,103,264230,20171105,7293,0.00000417
124,865,104,264230,20171112,12263,0.00000699
125,872,105,264230,20171119,12071,0.00000700
126,879,106,264230,20171126,8596,0.00000492
127,886,107,264230,20171203,8353,0.00000477
128,893,108,264230,20171210,5543,0.00000323
129,900,109,264230,20171217,4097,0.00000252
130,907,110,264230,20171224,3610,0.00000215
131,914,111,264230,20171231,4104,0.00000224
132,921,112,264230,20180107,4126,0.00000219
133,928,113,264230,20180114,4108,0.00000213
134,935,114,264230,20180121,4163,0.00000222
135,942,115,264230,20180128,5742,0.00000310
136,949,116,264230,20180204,13066,0.00000707
137,956,117,264230,20180211,6260,0.00000345
138,963,118,264230,20180218,7030,0.00000381
139,970,119,264230,20180225,6956,0.00000375
140,977,120,264230,20180304,8002,0.00000434
141,984,121,264230,20180311,6752,0.00000367
142,991,122,264230,20180318,6776,0.00000376
143,998,123,264230,20180325,6643,0.00000375
144,1005,124,264230,20180401,5806,0.00000323
145,1012,125,264230,20180408,7797,0.00000430
146,1019,126,264230,20180415,5174,0.00000289
147,1026,127,264230,20180422,5270,0.00000297
148,1033,128,264230,20180429,5325,0.00000308
149,1040,129,264230,20180506,8412,0.00000484
150,1047,130,264230,20180513,6885,0.00000387
151,1054,131,264230,20180520,5455,0.00000309
152,1061,132,264230,20180527,7969,0.00000461
153,1068,133,264230,20180603,9636,0.00000557
154,1075,134,264230,20180610,11392,0.00000672
155,1082,135,264230,20180617,9253,0.00000545
156,1089,136,264230,20180624,7421,0.00000444
1,5,-21,367133,20150706,9450,0.00000539
2,12,-20,367133,20150713,9991,0.00000578
3,19,-19,367133,20150720,9245,0.00000532
4,26,-18,367133,20150727,9906,0.00000572
5,33,-17,367133,20150803,11859,0.00000697
6,40,-16,367133,20150810,8667,0.00000504
7,47,-15,367133,20150817,9129,0.00000523
8,54,-14,367133,20150824,9203,0.00000529
9,61,-13,367133,20150831,8882,0.00000499
10,68,-12,367133,20150907,8330,0.00000446
11,75,-11,367133,20150914,8961,0.00000509
12,82,-10,367133,20150921,9131,0.00000526
13,89,-9,367133,20150928,7757,0.00000453
14,96,-8,367133,20151005,8099,0.00000463
15,103,-7,367133,20151012,7805,0.00000443
16,110,-6,367133,20151019,8592,0.00000482
17,117,-5,367133,20151026,9970,0.00000568
18,124,-4,367133,20151102,9701,0.00000548
19,131,-3,367133,20151109,17364,0.00000990
20,138,-2,367133,20151116,9195,0.00000522
21,145,-1,367133,20151123,9043,0.00000524
22,152,0,367133,20151130,1293186,0.00073626
23,159,1,367133,20151207,519735,0.00029209
24,166,2,367133,20151214,115255,0.00006888
25,173,3,367133,20151221,62225,0.00003968
26,180,4,367133,20151228,58626,0.00003396
27,187,5,367133,20160104,40754,0.00002236
28,194,6,367133,20160111,44817,0.00002408
29,201,7,367133,20160118,34063,0.00001833
30,208,8,367133,20160125,23468,0.00001266
31,215,9,367133,20160201,27463,0.00001495
32,222,10,367133,20160208,20108,0.00001113
33,229,11,367133,20160215,31049,0.00001690
34,236,12,367133,20160222,19292,0.00001065
35,243,13,367133,20160229,16729,0.00000909
36,250,14,367133,20160307,17766,0.00001014
37,257,15,367133,20160314,14841,0.00000871
38,264,16,367133,20160321,15793,0.00000949
39,271,17,367133,20160328,22679,0.00001326
40,278,18,367133,20160404,27545,0.00001577
41,285,19,367133,20160411,16830,0.00000976
42,292,20,367133,20160418,22235,0.00001269
43,299,21,367133,20160425,20366,0.00001184
44,306,22,367133,20160502,17627,0.00001032
45,313,23,367133,20160509,15830,0.00000923
46,320,24,367133,20160516,18323,0.00001057
47,327,25,367133,20160523,14500,0.00000862
48,334,26,367133,20160530,15202,0.00000892
49,341,27,367133,20160606,15577,0.00000924
50,348,28,367133,20160613,13368,0.00000791
51,355,29,367133,20160620,13361,0.00000794
52,362,30,367133,20160627,14381,0.00000852
53,369,31,367133,20160704,14395,0.00000853
54,376,32,367133,20160711,14703,0.00000889
55,383,33,367133,20160718,16568,0.00000909
56,390,34,367133,20160725,15198,0.00000773
57,397,35,367133,20160801,14907,0.00000782
58,404,36,367133,20160808,15011,0.00000764
59,411,37,367133,20160815,19200,0.00001075
60,418,38,367133,20160822,15484,0.00000881
61,425,39,367133,20160829,14948,0.00000849
62,432,40,367133,20160905,14331,0.00000815
63,439,41,367133,20160912,14681,0.00000833
64,446,42,367133,20160919,14730,0.00000829
65,453,43,367133,20160926,13348,0.00000765
66,460,44,367133,20161003,14866,0.00000835
67,467,45,367133,20161010,13923,0.00000778
68,474,46,367133,20161017,14040,0.00000781
69,481,47,367133,20161024,20920,0.00001191
70,488,48,367133,20161031,15690,0.00000857
71,495,49,367133,20161107,14283,0.00000752
72,502,50,367133,20161114,18329,0.00000977
73,509,51,367133,20161121,16979,0.00000935
74,516,52,367133,20161128,30234,0.00001628
75,523,53,367133,20161205,36781,0.00001983
76,530,54,367133,20161212,16200,0.00000915
77,537,55,367133,20161219,15444,0.00000887
78,544,56,367133,20161226,21970,0.00001189
79,551,57,367133,20170102,16082,0.00000817
80,558,58,367133,20170109,15993,0.00000813
81,565,59,367133,20170116,15966,0.00000804
82,572,60,367133,20170123,15620,0.00000785
83,579,61,367133,20170130,15017,0.00000771
84,586,62,367133,20170206,15458,0.00000792
85,593,63,367133,20170213,16605,0.00000871
86,600,64,367133,20170220,17227,0.00000894
87,607,65,367133,20170227,15631,0.00000814
88,614,66,367133,20170306,16128,0.00000853
89,621,67,367133,20170313,15235,0.00000811
90,628,68,367133,20170320,15610,0.00000850
91,635,69,367133,20170327,15886,0.00000897
92,642,70,367133,20170403,15717,0.00000887
93,649,71,367133,20170410,17325,0.00000991
94,656,72,367133,20170417,15258,0.00000841
95,663,73,367133,20170424,15882,0.00000894
96,670,74,367133,20170501,16092,0.00000896
97,677,75,367133,20170508,15294,0.00000868
98,684,76,367133,20170515,131077,0.00007417
99,691,77,367133,20170522,45898,0.00002633
100,698,78,367133,20170529,23595,0.00001346
101,705,79,367133,20170605,21005,0.00001226
102,712,80,367133,20170612,17003,0.00001022
103,719,81,367133,20170619,15066,0.00000917
104,726,82,367133,20170626,14799,0.00000924
105,733,83,367133,20170703,18992,0.00001163
106,740,84,367133,20170710,16226,0.00000976
107,747,85,367133,20170717,119321,0.00007170
108,754,86,367133,20170724,41961,0.00002549
109,761,87,367133,20170731,24183,0.00001499
110,768,88,367133,20170807,18258,0.00001120
111,775,89,367133,20170814,16259,0.00000998
112,782,90,367133,20170821,15326,0.00000943
113,789,91,367133,20170828,14180,0.00000879
114,796,92,367133,20170904,13661,0.00000823
115,803,93,367133,20170911,13378,0.00000813
116,810,94,367133,20170918,15749,0.00000934
117,817,95,367133,20170925,17375,0.00001055
118,824,96,367133,20171002,16265,0.00000962
119,831,97,367133,20171009,15359,0.00000894
120,838,98,367133,20171016,14840,0.00000871
121,845,99,367133,20171023,22241,0.00001286
122,852,100,367133,20171030,17825,0.00001028
123,859,101,367133,20171106,14475,0.00000829
124,866,102,367133,20171113,24499,0.00001398
125,873,103,367133,20171120,17926,0.00001039
126,880,104,367133,20171127,17970,0.00001033
127,887,105,367133,20171204,19579,0.00001113
128,894,106,367133,20171211,14605,0.00000859
129,901,107,367133,20171218,14106,0.00000878
130,908,108,367133,20171225,14003,0.00000824
131,915,109,367133,20180101,14257,0.00000763
132,922,110,367133,20180108,14057,0.00000743
133,929,111,367133,20180115,14952,0.00000782
134,936,112,367133,20180122,14559,0.00000775
135,943,113,367133,20180129,17131,0.00000927
136,950,114,367133,20180205,14484,0.00000784
137,957,115,367133,20180212,14232,0.00000785
138,964,116,367133,20180219,15538,0.00000838
139,971,117,367133,20180226,16235,0.00000879
140,978,118,367133,20180305,16967,0.00000922
141,985,119,367133,20180312,19741,0.00001073
142,992,120,367133,20180319,18505,0.00001032
143,999,121,367133,20180326,17057,0.00000965
144,1006,122,367133,20180402,20742,0.00001143
145,1013,123,367133,20180409,16801,0.00000925
146,1020,124,367133,20180416,15948,0.00000898
147,1027,125,367133,20180423,15024,0.00000849
148,1034,126,367133,20180430,16398,0.00000952
149,1041,127,367133,20180507,18064,0.00001037
150,1048,128,367133,20180514,19352,0.00001076
151,1055,129,367133,20180521,19673,0.00001127
152,1062,130,367133,20180528,16489,0.00000956
153,1069,131,367133,20180604,18931,0.00001093
154,1076,132,367133,20180611,16081,0.00000951
155,1083,133,367133,20180618,15396,0.00000908
156,1090,134,367133,20180625,16548,0.00000989
1,5,-25,423882,20150706,4853,0.00000277
2,12,-24,423882,20150713,4830,0.00000279
3,19,-23,423882,20150720,4767,0.00000274
4,26,-22,423882,20150727,5411,0.00000312
5,33,-21,423882,20150803,4943,0.00000291
6,40,-20,423882,20150810,5466,0.00000318
7,47,-19,423882,20150817,5315,0.00000304
8,54,-18,423882,20150824,5102,0.00000293
9,61,-17,423882,20150831,4452,0.00000250
10,68,-16,423882,20150907,4679,0.00000250
11,75,-15,423882,20150914,4557,0.00000259
12,82,-14,423882,20150921,4249,0.00000245
13,89,-13,423882,20150928,4320,0.00000252
14,96,-12,423882,20151005,4590,0.00000262
15,103,-11,423882,20151012,4418,0.00000251
16,110,-10,423882,20151019,4994,0.00000280
17,117,-9,423882,20151026,4525,0.00000258
18,124,-8,423882,20151102,5106,0.00000288
19,131,-7,423882,20151109,4933,0.00000281
20,138,-6,423882,20151116,5492,0.00000312
21,145,-5,423882,20151123,6459,0.00000374
22,152,-4,423882,20151130,7517,0.00000428
23,159,-3,423882,20151207,7877,0.00000443
24,166,-2,423882,20151214,10376,0.00000620
25,173,-1,423882,20151221,11038,0.00000704
26,180,0,423882,20151228,1155931,0.00066966
27,187,1,423882,20160104,217909,0.00011958
28,194,2,423882,20160111,146456,0.00007868
29,201,3,423882,20160118,54098,0.00002911
30,208,4,423882,20160125,28670,0.00001547
31,215,5,423882,20160201,25149,0.00001369
32,222,6,423882,20160208,19913,0.00001102
33,229,7,423882,20160215,194082,0.00010561
34,236,8,423882,20160222,21155,0.00001168
35,243,9,423882,20160229,18230,0.00000990
36,250,10,423882,20160307,20711,0.00001182
37,257,11,423882,20160314,17595,0.00001033
38,264,12,423882,20160321,12667,0.00000761
39,271,13,423882,20160328,11440,0.00000669
40,278,14,423882,20160404,11078,0.00000634
41,285,15,423882,20160411,9937,0.00000576
42,292,16,423882,20160418,21359,0.00001219
43,299,17,423882,20160425,15644,0.00000909
44,306,18,423882,20160502,20657,0.00001209
45,313,19,423882,20160509,11653,0.00000679
46,320,20,423882,20160516,10984,0.00000634
47,327,21,423882,20160523,11007,0.00000654
48,334,22,423882,20160530,13067,0.00000766
49,341,23,423882,20160606,12721,0.00000754
50,348,24,423882,20160613,17276,0.00001022
51,355,25,423882,20160620,10661,0.00000634
52,362,26,423882,20160627,13351,0.00000791
53,369,27,423882,20160704,11307,0.00000670
54,376,28,423882,20160711,14451,0.00000874
55,383,29,423882,20160718,9821,0.00000539
56,390,30,423882,20160725,9783,0.00000498
57,397,31,423882,20160801,8998,0.00000472
58,404,32,423882,20160808,9308,0.00000473
59,411,33,423882,20160815,9795,0.00000549
60,418,34,423882,20160822,14834,0.00000844
61,425,35,423882,20160829,14608,0.00000829
62,432,36,423882,20160905,13054,0.00000743
63,439,37,423882,20160912,10488,0.00000595
64,446,38,423882,20160919,38003,0.00002138
65,453,39,423882,20160926,10470,0.00000600
66,460,40,423882,20161003,15781,0.00000886
67,467,41,423882,20161010,12371,0.00000691
68,474,42,423882,20161017,11970,0.00000666
69,481,43,423882,20161024,10578,0.00000602
70,488,44,423882,20161031,11437,0.00000625
71,495,45,423882,20161107,11335,0.00000597
72,502,46,423882,20161114,13376,0.00000713
73,509,47,423882,20161121,18182,0.00001001
74,516,48,423882,20161128,20368,0.00001097
75,523,49,423882,20161205,35339,0.00001905
76,530,50,423882,20161212,45235,0.00002556
77,537,51,423882,20161219,53499,0.00003072
78,544,52,423882,20161226,57761,0.00003127
79,551,53,423882,20170102,20990,0.00001067
80,558,54,423882,20170109,12741,0.00000647
81,565,55,423882,20170116,10776,0.00000542
82,572,56,423882,20170123,10066,0.00000506
83,579,57,423882,20170130,11484,0.00000590
84,586,58,423882,20170206,16880,0.00000865
85,593,59,423882,20170213,15761,0.00000827
86,600,60,423882,20170220,14306,0.00000742
87,607,61,423882,20170227,10630,0.00000554
88,614,62,423882,20170306,12324,0.00000652
89,621,63,423882,20170313,10253,0.00000546
90,628,64,423882,20170320,9875,0.00000538
91,635,65,423882,20170327,9447,0.00000534
92,642,66,423882,20170403,8297,0.00000468
93,649,67,423882,20170410,8913,0.00000510
94,656,68,423882,20170417,10114,0.00000558
95,663,69,423882,20170424,8808,0.00000496
96,670,70,423882,20170501,8780,0.00000489
97,677,71,423882,20170508,11411,0.00000648
98,684,72,423882,20170515,9395,0.00000532
99,691,73,423882,20170522,23239,0.00001333
100,698,74,423882,20170529,15861,0.00000905
101,705,75,423882,20170605,10756,0.00000628
102,712,76,423882,20170612,12693,0.00000763
103,719,77,423882,20170619,13522,0.00000823
104,726,78,423882,20170626,9771,0.00000610
105,733,79,423882,20170703,9711,0.00000595
106,740,80,423882,20170710,11058,0.00000665
107,747,81,423882,20170717,9139,0.00000549
108,754,82,423882,20170724,9140,0.00000555
109,761,83,423882,20170731,9820,0.00000609
110,768,84,423882,20170807,21526,0.00001321
111,775,85,423882,20170814,66574,0.00004087
112,782,86,423882,20170821,18854,0.00001161
113,789,87,423882,20170828,17765,0.00001101
114,796,88,423882,20170904,14580,0.00000878
115,803,89,423882,20170911,11149,0.00000677
116,810,90,423882,20170918,19354,0.00001148
117,817,91,423882,20170925,10667,0.00000647
118,824,92,423882,20171002,14873,0.00000880
119,831,93,423882,20171009,10776,0.00000627
120,838,94,423882,20171016,12405,0.00000728
121,845,95,423882,20171023,11861,0.00000686
122,852,96,423882,20171030,12140,0.00000700
123,859,97,423882,20171106,14384,0.00000824
124,866,98,423882,20171113,13438,0.00000767
125,873,99,423882,20171120,16106,0.00000934
126,880,100,423882,20171127,16706,0.00000960
127,887,101,423882,20171204,20573,0.00001170
128,894,102,423882,20171211,21409,0.00001259
129,901,103,423882,20171218,26165,0.00001628
130,908,104,423882,20171225,25102,0.00001477
131,915,105,423882,20180101,22711,0.00001215
132,922,106,423882,20180108,11448,0.00000605
133,929,107,423882,20180115,11094,0.00000580
134,936,108,423882,20180122,11239,0.00000598
135,943,109,423882,20180129,12368,0.00000669
136,950,110,423882,20180205,17829,0.00000965
137,957,111,423882,20180212,16241,0.00000896
138,964,112,423882,20180219,16801,0.00000906
139,971,113,423882,20180226,11225,0.00000608
140,978,114,423882,20180305,10011,0.00000544
141,985,115,423882,20180312,12876,0.00000700
142,992,116,423882,20180319,11677,0.00000651
143,999,117,423882,20180326,10572,0.00000598
144,1006,118,423882,20180402,13402,0.00000739
145,1013,119,423882,20180409,26345,0.00001450
146,1020,120,423882,20180416,37162,0.00002092
147,1027,121,423882,20180423,11310,0.00000639
148,1034,122,423882,20180430,10974,0.00000637
149,1041,123,423882,20180507,10300,0.00000591
150,1048,124,423882,20180514,9398,0.00000523
151,1055,125,423882,20180521,9973,0.00000571
152,1062,126,423882,20180528,10059,0.00000583
153,1069,127,423882,20180604,11813,0.00000682
154,1076,128,423882,20180611,11484,0.00000679
155,1083,129,423882,20180618,9352,0.00000551
156,1090,130,423882,20180625,9579,0.00000572
0,1,-28,8786,20150702,61007,0.00003557
1,8,-27,8786,20150709,61121,0.00003496
2,15,-26,8786,20150716,82955,0.00004833
3,22,-25,8786,20150723,76247,0.00004338
4,29,-24,8786,20150730,60216,0.00003587
5,36,-23,8786,20150806,56319,0.00003269
6,43,-22,8786,20150813,68604,0.00003946
7,50,-21,8786,20150820,61933,0.00003540
8,57,-20,8786,20150827,61220,0.00003521
9,64,-19,8786,20150903,70269,0.00003802
10,71,-18,8786,20150910,65589,0.00003607
11,78,-17,8786,20150917,61030,0.00003488
12,85,-16,8786,20150924,60194,0.00003478
13,92,-15,8786,20151001,61362,0.00003563
14,99,-14,8786,20151008,65103,0.00003698
15,106,-13,8786,20151015,61286,0.00003476
16,113,-12,8786,20151022,74270,0.00004185
17,120,-11,8786,20151029,71047,0.00004053
18,127,-10,8786,20151105,75644,0.00004272
19,134,-9,8786,20151112,64274,0.00003661
20,141,-8,8786,20151119,112242,0.00006456
21,148,-7,8786,20151126,80968,0.00004630
22,155,-6,8786,20151203,75219,0.00004253
23,162,-5,8786,20151210,70244,0.00004021
24,169,-4,8786,20151217,73597,0.00004579
25,176,-3,8786,20151224,81853,0.00005081
26,183,-2,8786,20151231,151973,0.00008536
27,190,-1,8786,20160107,10826803,0.00582011
28,197,0,8786,20160114,2166821,0.00117451
29,204,1,8786,20160121,537782,0.00028877
30,211,2,8786,20160128,372083,0.00020089
31,218,3,8786,20160204,230284,0.00012625
32,225,4,8786,20160211,314281,0.00017285
33,232,5,8786,20160218,208186,0.00011375
34,239,6,8786,20160225,201336,0.00011042
35,246,7,8786,20160303,122452,0.00006787
36,253,8,8786,20160310,113518,0.00006568
37,260,9,8786,20160317,112629,0.00006744
38,267,10,8786,20160324,110761,0.00006517
39,274,11,8786,20160331,118353,0.00006884
40,281,12,8786,20160407,105903,0.00006069
41,288,13,8786,20160414,95064,0.00005550
42,295,14,8786,20160421,193408,0.00010977
43,302,15,8786,20160428,93169,0.00005433
44,309,16,8786,20160505,86295,0.00005051
45,316,17,8786,20160512,85290,0.00004958
46,323,18,8786,20160519,80656,0.00004683
47,330,19,8786,20160526,87676,0.00005220
48,337,20,8786,20160602,87925,0.00005191
49,344,21,8786,20160609,82806,0.00004864
50,351,22,8786,20160616,71756,0.00004286
51,358,23,8786,20160623,66183,0.00003929
52,365,24,8786,20160630,64562,0.00003806
53,372,25,8786,20160707,65028,0.00003889
54,379,26,8786,20160714,68809,0.00004138
55,386,27,8786,20160721,70144,0.00003603
56,393,28,8786,20160728,86830,0.00004461
57,400,29,8786,20160804,66726,0.00003471
58,407,30,8786,20160811,78616,0.00004096
59,414,31,8786,20160818,68489,0.00003912
60,421,32,8786,20160825,73916,0.00004179
61,428,33,8786,20160901,69010,0.00003970
62,435,34,8786,20160908,105694,0.00005981
63,442,35,8786,20160915,84504,0.00004771
64,449,36,8786,20160922,74539,0.00004225
65,456,37,8786,20160929,66839,0.00003799
66,463,38,8786,20161006,69599,0.00003929
67,470,39,8786,20161013,75252,0.00004149
68,477,40,8786,20161020,89058,0.00004998
69,484,41,8786,20161027,80681,0.00004594
70,491,42,8786,20161103,78384,0.00004186
71,498,43,8786,20161110,94862,0.00004972
72,505,44,8786,20161117,87685,0.00004765
73,512,45,8786,20161124,88276,0.00004804
74,519,46,8786,20161201,97013,0.00005220
75,526,47,8786,20161208,116237,0.00006372
76,533,48,8786,20161215,113655,0.00006442
77,540,49,8786,20161222,210724,0.00011985
78,547,50,8786,20161229,196652,0.00010386
79,554,51,8786,20170105,430851,0.00021862
80,561,52,8786,20170112,174243,0.00008785
81,568,53,8786,20170119,94725,0.00004781
82,575,54,8786,20170126,85740,0.00004318
83,582,55,8786,20170202,82329,0.00004230
84,589,56,8786,20170209,155353,0.00008045
85,596,57,8786,20170216,111175,0.00005800
86,603,58,8786,20170223,100372,0.00005179
87,610,59,8786,20170302,78742,0.00004164
88,617,60,8786,20170309,68183,0.00003635
89,624,61,8786,20170316,71800,0.00003802
90,631,62,8786,20170323,65961,0.00003667
91,638,63,8786,20170330,64512,0.00003649
92,645,64,8786,20170406,65580,0.00003746
93,652,65,8786,20170413,67437,0.00003777
94,659,66,8786,20170420,71289,0.00003959
95,666,67,8786,20170427,71269,0.00003999
96,673,68,8786,20170504,70263,0.00003931
97,680,69,8786,20170511,72813,0.00004155
98,687,70,8786,20170518,85817,0.00004781
99,694,71,8786,20170525,85619,0.00004922
100,701,72,8786,20170601,76820,0.00004496
101,708,73,8786,20170608,67730,0.00003994
102,715,74,8786,20170615,64926,0.00003926
103,722,75,8786,20170622,64170,0.00003977
104,729,76,8786,20170629,68038,0.00004239
105,736,77,8786,20170706,70441,0.00004246
106,743,78,8786,20170713,66128,0.00004011
107,750,79,8786,20170720,71134,0.00004244
108,757,80,8786,20170727,67882,0.00004174
109,764,81,8786,20170803,66784,0.00004125
110,771,82,8786,20170810,66617,0.00004108
111,778,83,8786,20170817,88094,0.00005385
112,785,84,8786,20170824,72533,0.00004482
113,792,85,8786,20170831,66780,0.00004069
114,799,86,8786,20170907,59372,0.00003625
115,806,87,8786,20170914,67032,0.00003991
116,813,88,8786,20170921,66634,0.00003981
117,820,89,8786,20170928,70740,0.00004276
118,827,90,8786,20171005,66662,0.00003898
119,834,91,8786,20171012,68221,0.00004004
120,841,92,8786,20171019,77030,0.00004466
121,848,93,8786,20171026,73033,0.00004271
122,855,94,8786,20171102,73339,0.00004177
123,862,95,8786,20171109,72057,0.00004118
124,869,96,8786,20171116,72880,0.00004163
125,876,97,8786,20171123,76725,0.00004414
126,883,98,8786,20171130,76465,0.00004441
127,890,99,8786,20171207,76991,0.00004385
128,897,100,8786,20171214,77816,0.00004692
129,904,101,8786,20171221,88132,0.00005518
130,911,102,8786,20171228,99418,0.00005584
131,918,103,8786,20180104,225848,0.00011926
132,925,104,8786,20180111,205097,0.00010695
133,932,105,8786,20180118,100164,0.00005291
134,939,106,8786,20180125,94156,0.00005038
135,946,107,8786,20180201,100316,0.00005442
136,953,108,8786,20180208,103479,0.00005664
137,960,109,8786,20180215,85034,0.00004640
138,967,110,8786,20180222,90330,0.00004863
139,974,111,8786,20180301,81947,0.00004430
140,981,112,8786,20180308,85485,0.00004648
141,988,113,8786,20180315,75223,0.00004152
142,995,114,8786,20180322,83986,0.00004710
143,1002,115,8786,20180329,78425,0.00004395
144,1009,116,8786,20180405,75096,0.00004130
145,1016,117,8786,20180412,77130,0.00004262
146,1023,118,8786,20180419,80645,0.00004552
147,1030,119,8786,20180426,80128,0.00004611
148,1037,120,8786,20180503,69150,0.00004003
149,1044,121,8786,20180510,75183,0.00004290
150,1051,122,8786,20180517,84936,0.00004692
151,1058,123,8786,20180524,74759,0.00004321
152,1065,124,8786,20180531,77803,0.00004563
153,1072,125,8786,20180607,84548,0.00004882
154,1079,126,8786,20180614,87796,0.00005199
155,1086,127,8786,20180621,84376,0.00005020
1,5,-27,442087,20150706,8443,0.00000482
2,12,-26,442087,20150713,8780,0.00000508
3,19,-25,442087,20150720,7514,0.00000432
4,26,-24,442087,20150727,7052,0.00000407
5,33,-23,442087,20150803,12583,0.00000740
6,40,-22,442087,20150810,11220,0.00000653
7,47,-21,442087,20150817,9009,0.00000516
8,54,-20,442087,20150824,107583,0.00006188
9,61,-19,442087,20150831,23403,0.00001314
10,68,-18,442087,20150907,17523,0.00000937
11,75,-17,442087,20150914,16599,0.00000943
12,82,-16,442087,20150921,28225,0.00001626
13,89,-15,442087,20150928,24474,0.00001430
14,96,-14,442087,20151005,23844,0.00001363
15,103,-13,442087,20151012,27897,0.00001583
16,110,-12,442087,20151019,21671,0.00001215
17,117,-11,442087,20151026,24884,0.00001417
18,124,-10,442087,20151102,26663,0.00001506
19,131,-9,442087,20151109,29032,0.00001655
20,138,-8,442087,20151116,23441,0.00001332
21,145,-7,442087,20151123,46128,0.00002673
22,152,-6,442087,20151130,20837,0.00001186
23,159,-5,442087,20151207,74035,0.00004161
24,166,-4,442087,20151214,24197,0.00001446
25,173,-3,442087,20151221,47690,0.00003041
26,180,-2,442087,20151228,31575,0.00001829
27,187,-1,442087,20160104,25589,0.00001404
28,194,0,442087,20160111,686626,0.00036888
29,201,1,442087,20160118,434014,0.00023351
30,208,2,442087,20160125,118928,0.00006417
31,215,3,442087,20160201,71761,0.00003906
32,222,4,442087,20160208,26631,0.00001474
33,229,5,442087,20160215,27890,0.00001518
34,236,6,442087,20160222,49033,0.00002708
35,243,7,442087,20160229,22636,0.00001230
36,250,8,442087,20160307,15676,0.00000894
37,257,9,442087,20160314,15114,0.00000887
38,264,10,442087,20160321,13662,0.00000821
39,271,11,442087,20160328,16146,0.00000944
40,278,12,442087,20160404,11647,0.00000667
41,285,13,442087,20160411,10561,0.00000612
42,292,14,442087,20160418,11271,0.00000643
43,299,15,442087,20160425,9972,0.00000580
44,306,16,442087,20160502,12538,0.00000734
45,313,17,442087,20160509,11870,0.00000692
46,320,18,442087,20160516,45638,0.00002633
47,327,19,442087,20160523,106038,0.00006303
48,334,20,442087,20160530,16218,0.00000951
49,341,21,442087,20160606,11214,0.00000665
50,348,22,442087,20160613,12049,0.00000713
51,355,23,442087,20160620,10505,0.00000624
52,362,24,442087,20160627,10379,0.00000615
53,369,25,442087,20160704,14454,0.00000857
54,376,26,442087,20160711,9241,0.00000559
55,383,27,442087,20160718,41954,0.00002301
56,390,28,442087,20160725,19968,0.00001016
57,397,29,442087,20160801,20081,0.00001053
58,404,30,442087,20160808,9275,0.00000472
59,411,31,442087,20160815,8910,0.00000499
60,418,32,442087,20160822,9417,0.00000536
61,425,33,442087,20160829,9068,0.00000515
62,432,34,442087,20160905,17935,0.00001021
63,439,35,442087,20160912,24157,0.00001370
64,446,36,442087,20160919,11397,0.00000641
65,453,37,442087,20160926,8673,0.00000497
66,460,38,442087,20161003,14399,0.00000808
67,467,39,442087,20161010,18894,0.00001056
68,474,40,442087,20161017,9162,0.00000510
69,481,41,442087,20161024,11742,0.00000669
70,488,42,442087,20161031,9503,0.00000519
71,495,43,442087,20161107,8154,0.00000430
72,502,44,442087,20161114,8887,0.00000474
73,509,45,442087,20161121,9891,0.00000545
74,516,46,442087,20161128,8829,0.00000475
75,523,47,442087,20161205,10833,0.00000584
76,530,48,442087,20161212,11360,0.00000642
77,537,49,442087,20161219,15266,0.00000877
78,544,50,442087,20161226,16027,0.00000868
79,551,51,442087,20170102,11329,0.00000576
80,558,52,442087,20170109,19717,0.00001002
81,565,53,442087,20170116,14262,0.00000718
82,572,54,442087,20170123,11407,0.00000573
83,579,55,442087,20170130,11999,0.00000616
84,586,56,442087,20170206,12220,0.00000626
85,593,57,442087,20170213,42847,0.00002247
86,600,58,442087,20170220,15295,0.00000794
87,607,59,442087,20170227,9881,0.00000515
88,614,60,442087,20170306,13548,0.00000716
89,621,61,442087,20170313,17514,0.00000932
90,628,62,442087,20170320,30268,0.00001648
91,635,63,442087,20170327,25391,0.00001434
92,642,64,442087,20170403,11235,0.00000634
93,649,65,442087,20170410,11442,0.00000655
94,656,66,442087,20170417,34182,0.00001884
95,663,67,442087,20170424,11551,0.00000650
96,670,68,442087,20170501,14479,0.00000807
97,677,69,442087,20170508,11989,0.00000681
98,684,70,442087,20170515,11853,0.00000671
99,691,71,442087,20170522,62842,0.00003605
100,698,72,442087,20170529,17423,0.00000994
101,705,73,442087,20170605,10552,0.00000616
102,712,74,442087,20170612,13448,0.00000808
103,719,75,442087,20170619,16172,0.00000984
104,726,76,442087,20170626,12699,0.00000793
105,733,77,442087,20170703,19227,0.00001178
106,740,78,442087,20170710,11952,0.00000719
107,747,79,442087,20170717,15378,0.00000924
108,754,80,442087,20170724,12869,0.00000782
109,761,81,442087,20170731,12214,0.00000757
110,768,82,442087,20170807,10072,0.00000618
111,775,83,442087,20170814,9986,0.00000613
112,782,84,442087,20170821,10656,0.00000656
113,789,85,442087,20170828,9043,0.00000560
114,796,86,442087,20170904,8857,0.00000533
115,803,87,442087,20170911,7863,0.00000478
116,810,88,442087,20170918,8614,0.00000511
117,817,89,442087,20170925,8396,0.00000510
118,824,90,442087,20171002,9423,0.00000558
119,831,91,442087,20171009,7787,0.00000453
120,838,92,442087,20171016,7634,0.00000448
121,845,93,442087,20171023,11499,0.00000665
122,852,94,442087,20171030,8553,0.00000493
123,859,95,442087,20171106,9458,0.00000542
124,866,96,442087,20171113,8589,0.00000490
125,873,97,442087,20171120,9579,0.00000555
126,880,98,442087,20171127,9689,0.00000557
127,887,99,442087,20171204,9913,0.00000564
128,894,100,442087,20171211,10213,0.00000600
129,901,101,442087,20171218,10834,0.00000674
130,908,102,442087,20171225,12149,0.00000715
131,915,103,442087,20180101,23328,0.00001248
132,922,104,442087,20180108,13737,0.00000726
133,929,105,442087,20180115,12137,0.00000635
134,936,106,442087,20180122,12851,0.00000684
135,943,107,442087,20180129,10550,0.00000571
136,950,108,442087,20180205,14025,0.00000759
137,957,109,442087,20180212,15902,0.00000877
138,964,110,442087,20180219,13349,0.00000720
139,971,111,442087,20180226,8281,0.00000448
140,978,112,442087,20180305,7905,0.00000430
141,985,113,442087,20180312,8441,0.00000459
142,992,114,442087,20180319,11097,0.00000619
143,999,115,442087,20180326,15609,0.00000883
144,1006,116,442087,20180402,12753,0.00000703
145,1013,117,442087,20180409,10375,0.00000571
146,1020,118,442087,20180416,9738,0.00000548
147,1027,119,442087,20180423,9097,0.00000514
148,1034,120,442087,20180430,17994,0.00001044
149,1041,121,442087,20180507,15906,0.00000913
150,1048,122,442087,20180514,11738,0.00000653
151,1055,123,442087,20180521,13596,0.00000779
152,1062,124,442087,20180528,11224,0.00000651
153,1069,125,442087,20180604,9695,0.00000560
154,1076,126,442087,20180611,9489,0.00000561
155,1083,127,442087,20180618,9269,0.00000546
156,1090,128,442087,20180625,10050,0.00000601
1,5,-27,39879,20150706,30828,0.00001758
2,12,-26,39879,20150713,32713,0.00001893
3,19,-25,39879,20150720,34712,0.00001997
4,26,-24,39879,20150727,29660,0.00001712
5,33,-23,39879,20150803,26141,0.00001537
6,40,-22,39879,20150810,25542,0.00001486
7,47,-21,39879,20150817,27054,0.00001550
8,54,-20,39879,20150824,26619,0.00001531
9,61,-19,39879,20150831,26289,0.00001476
10,68,-18,39879,20150907,23769,0.00001271
11,75,-17,39879,20150914,22180,0.00001259
12,82,-16,39879,20150921,23769,0.00001369
13,89,-15,39879,20150928,21918,0.00001281
14,96,-14,39879,20151005,24830,0.00001419
15,103,-13,39879,20151012,24038,0.00001364
16,110,-12,39879,20151019,25482,0.00001429
17,117,-11,39879,20151026,25713,0.00001464
18,124,-10,39879,20151102,32229,0.00001821
19,131,-9,39879,20151109,26451,0.00001508
20,138,-8,39879,20151116,22137,0.00001258
21,145,-7,39879,20151123,27082,0.00001569
22,152,-6,39879,20151130,28585,0.00001627
23,159,-5,39879,20151207,33671,0.00001892
24,166,-4,39879,20151214,43353,0.00002591
25,173,-3,39879,20151221,60360,0.00003849
26,180,-2,39879,20151228,53532,0.00003101
27,187,-1,39879,20160104,39178,0.00002150
28,194,0,39879,20160111,5187833,0.00278707
29,201,1,39879,20160118,451174,0.00024274
30,208,2,39879,20160125,155090,0.00008369
31,215,3,39879,20160201,112087,0.00006100
32,222,4,39879,20160208,79564,0.00004405
33,229,5,39879,20160215,86991,0.00004734
34,236,6,39879,20160222,71325,0.00003939
35,243,7,39879,20160229,174014,0.00009454
36,250,8,39879,20160307,68805,0.00003926
37,257,9,39879,20160314,62654,0.00003678
38,264,10,39879,20160321,68060,0.00004088
39,271,11,39879,20160328,92970,0.00005437
40,278,12,39879,20160404,118752,0.00006798
41,285,13,39879,20160411,97286,0.00005639
42,292,14,39879,20160418,99655,0.00005686
43,299,15,39879,20160425,74489,0.00004330
44,306,16,39879,20160502,61669,0.00003610
45,313,17,39879,20160509,58699,0.00003422
46,320,18,39879,20160516,60934,0.00003515
47,327,19,39879,20160523,86555,0.00005145
48,334,20,39879,20160530,87956,0.00005158
49,341,21,39879,20160606,69454,0.00004118
50,348,22,39879,20160613,78989,0.00004673
51,355,23,39879,20160620,63355,0.00003766
52,362,24,39879,20160627,75197,0.00004452
53,369,25,39879,20160704,76600,0.00004540
54,376,26,39879,20160711,68902,0.00004165
55,383,27,39879,20160718,73118,0.00004011
56,390,28,39879,20160725,77627,0.00003948
57,397,29,39879,20160801,81929,0.00004296
58,404,30,39879,20160808,63405,0.00003225
59,411,31,39879,20160815,63024,0.00003529
60,418,32,39879,20160822,63640,0.00003621
61,425,33,39879,20160829,79265,0.00004501
62,432,34,39879,20160905,78838,0.00004486
63,439,35,39879,20160912,59275,0.00003362
64,446,36,39879,20160919,73762,0.00004150
65,453,37,39879,20160926,59986,0.00003437
66,460,38,39879,20161003,50447,0.00002832
67,467,39,39879,20161010,60051,0.00003355
68,474,40,39879,20161017,69113,0.00003846
69,481,41,39879,20161024,62718,0.00003571
70,488,42,39879,20161031,63192,0.00003452
71,495,43,39879,20161107,64732,0.00003410
72,502,44,39879,20161114,86433,0.00004609
73,509,45,39879,20161121,99377,0.00005471
74,516,46,39879,20161128,81882,0.00004409
75,523,47,39879,20161205,93974,0.00005066
76,530,48,39879,20161212,120363,0.00006800
77,537,49,39879,20161219,173299,0.00009952
78,544,50,39879,20161226,367566,0.00019899
79,551,51,39879,20170102,119962,0.00006097
80,558,52,39879,20170109,138352,0.00007031
81,565,53,39879,20170116,70727,0.00003560
82,572,54,39879,20170123,58638,0.00002947
83,579,55,39879,20170130,57507,0.00002954
84,586,56,39879,20170206,48451,0.00002483
85,593,57,39879,20170213,52941,0.00002777
86,600,58,39879,20170220,71424,0.00003706
87,607,59,39879,20170227,54723,0.00002850
88,614,60,39879,20170306,49141,0.00002599
89,621,61,39879,20170313,42520,0.00002263
90,628,62,39879,20170320,49903,0.00002717
91,635,63,39879,20170327,39433,0.00002227
92,642,64,39879,20170403,36988,0.00002088
93,649,65,39879,20170410,36600,0.00002094
94,656,66,39879,20170417,34724,0.00001914
95,663,67,39879,20170424,45733,0.00002575
96,670,68,39879,20170501,47101,0.00002624
97,677,69,39879,20170508,36425,0.00002068
98,684,70,39879,20170515,33825,0.00001914
99,691,71,39879,20170522,39803,0.00002284
100,698,72,39879,20170529,39137,0.00002232
101,705,73,39879,20170605,40307,0.00002353
102,712,74,39879,20170612,39391,0.00002368
103,719,75,39879,20170619,40204,0.00002447
104,726,76,39879,20170626,50503,0.00003152
105,733,77,39879,20170703,38893,0.00002382
106,740,78,39879,20170710,40788,0.00002453
107,747,79,39879,20170717,48566,0.00002918
108,754,80,39879,20170724,49339,0.00002997
109,761,81,39879,20170731,47568,0.00002948
110,768,82,39879,20170807,39058,0.00002397
111,775,83,39879,20170814,43069,0.00002644
112,782,84,39879,20170821,35357,0.00002177
113,789,85,39879,20170828,40886,0.00002534
114,796,86,39879,20170904,40690,0.00002451
115,803,87,39879,20170911,35158,0.00002136
116,810,88,39879,20170918,35665,0.00002116
117,817,89,39879,20170925,31293,0.00001899
118,824,90,39879,20171002,35284,0.00002088
119,831,91,39879,20171009,38128,0.00002219
120,838,92,39879,20171016,39675,0.00002330
121,845,93,39879,20171023,33263,0.00001924
122,852,94,39879,20171030,53898,0.00003109
123,859,95,39879,20171106,42085,0.00002411
124,866,96,39879,20171113,43079,0.00002457
125,873,97,39879,20171120,56313,0.00003264
126,880,98,39879,20171127,54516,0.00003133
127,887,99,39879,20171204,51807,0.00002946
128,894,100,39879,20171211,62817,0.00003693
129,901,101,39879,20171218,95647,0.00005952
130,908,102,39879,20171225,143103,0.00008419
131,915,103,39879,20180101,91171,0.00004879
132,922,104,39879,20180108,77610,0.00004101
133,929,105,39879,20180115,73612,0.00003851
134,936,106,39879,20180122,52667,0.00002804
135,943,107,39879,20180129,42543,0.00002303
136,950,108,39879,20180205,37219,0.00002015
137,957,109,39879,20180212,46066,0.00002541
138,964,110,39879,20180219,56675,0.00003058
139,971,111,39879,20180226,48504,0.00002627
140,978,112,39879,20180305,45464,0.00002470
141,985,113,39879,20180312,44352,0.00002411
142,992,114,39879,20180319,38914,0.00002170
143,999,115,39879,20180326,45984,0.00002602
144,1006,116,39879,20180402,43517,0.00002398
145,1013,117,39879,20180409,41042,0.00002259
146,1020,118,39879,20180416,38654,0.00002177
147,1027,119,39879,20180423,37493,0.00002120
148,1034,120,39879,20180430,37788,0.00002193
149,1041,121,39879,20180507,37918,0.00002176
150,1048,122,39879,20180514,36766,0.00002045
151,1055,123,39879,20180521,38940,0.00002230
152,1062,124,39879,20180528,64226,0.00003724
153,1069,125,39879,20180604,39567,0.00002284
154,1076,126,39879,20180611,34811,0.00002059
155,1083,127,39879,20180618,37444,0.00002207
156,1090,128,39879,20180625,36748,0.00002196
0,2,-29,536880,20150703,9485,0.00000551
1,9,-28,536880,20150710,12773,0.00000731
2,16,-27,536880,20150717,13040,0.00000758
3,23,-26,536880,20150724,14144,0.00000806
4,30,-25,536880,20150731,9780,0.00000583
5,37,-24,536880,20150807,9296,0.00000539
6,44,-23,536880,20150814,9524,0.00000547
7,51,-22,536880,20150821,9270,0.00000531
8,58,-21,536880,20150828,10824,0.00000618
9,65,-20,536880,20150904,10062,0.00000545
10,72,-19,536880,20150911,8104,0.00000447
11,79,-18,536880,20150918,13195,0.00000755
12,86,-17,536880,20150925,10392,0.00000604
13,93,-16,536880,20151002,9377,0.00000540
14,100,-15,536880,20151009,8555,0.00000486
15,107,-14,536880,20151016,8078,0.00000457
16,114,-13,536880,20151023,9486,0.00000536
17,121,-12,536880,20151030,9643,0.00000549
18,128,-11,536880,20151106,12047,0.00000682
19,135,-10,536880,20151113,8553,0.00000487
20,142,-9,536880,20151120,9045,0.00000525
21,149,-8,536880,20151127,8678,0.00000493
22,156,-7,536880,20151204,11746,0.00000663
23,163,-6,536880,20151211,9376,0.00000541
24,170,-5,536880,20151218,7924,0.00000503
25,177,-4,536880,20151225,16390,0.00001006
26,184,-3,536880,20160101,11780,0.00000649
27,191,-2,536880,20160108,9676,0.00000519
28,198,-1,536880,20160115,1761444,0.00095544
29,205,0,536880,20160122,328665,0.00017663
30,212,1,536880,20160129,193323,0.00010438
31,219,2,536880,20160205,65463,0.00003605
32,226,3,536880,20160212,189000,0.00010367
33,233,4,536880,20160219,51767,0.00002825
34,240,5,536880,20160226,39310,0.00002153
35,247,6,536880,20160304,35293,0.00001971
36,254,7,536880,20160311,33235,0.00001926
37,261,8,536880,20160318,26050,0.00001573
38,268,9,536880,20160325,26595,0.00001558
39,275,10,536880,20160401,25878,0.00001497
40,282,11,536880,20160408,21367,0.00001224
41,289,12,536880,20160415,25897,0.00001503
42,296,13,536880,20160422,37502,0.00002138
43,303,14,536880,20160429,24331,0.00001427
44,310,15,536880,20160506,20832,0.00001218
45,317,16,536880,20160513,22903,0.00001328
46,324,17,536880,20160520,21470,0.00001252
47,331,18,536880,20160527,20292,0.00001208
48,338,19,536880,20160603,23671,0.00001400
49,345,20,536880,20160610,18950,0.00001111
50,352,21,536880,20160617,20884,0.00001248
51,359,22,536880,20160624,19570,0.00001162
52,366,23,536880,20160701,20160,0.00001189
53,373,24,536880,20160708,17628,0.00001056
54,380,25,536880,20160715,18128,0.00001071
55,387,26,536880,20160722,18782,0.00000957
56,394,27,536880,20160729,18250,0.00000946
57,401,28,536880,20160805,17600,0.00000907
58,408,29,536880,20160812,18524,0.00000985
59,415,30,536880,20160819,20587,0.00001171
60,422,31,536880,20160826,20308,0.00001150
61,429,32,536880,20160902,22336,0.00001283
62,436,33,536880,20160909,18358,0.00001034
63,443,34,536880,20160916,22626,0.00001273
64,450,35,536880,20160923,25223,0.00001439
65,457,36,536880,20160930,19514,0.00001103
66,464,37,536880,20161007,18174,0.00001026
67,471,38,536880,20161014,16496,0.00000912
68,478,39,536880,20161021,16967,0.00000953
69,485,40,536880,20161028,15639,0.00000882
70,492,41,536880,20161104,19791,0.00001056
71,499,42,536880,20161111,19234,0.00001010
72,506,43,536880,20161118,24278,0.00001335
73,513,44,536880,20161125,26207,0.00001415
74,520,45,536880,20161202,39162,0.00002098
75,527,46,536880,20161209,35705,0.00001978
76,534,47,536880,20161216,27693,0.00001572
77,541,48,536880,20161223,122010,0.00006803
78,548,49,536880,20161230,63655,0.00003367
79,555,50,536880,20170106,32631,0.00001658
80,562,51,536880,20170113,48618,0.00002445
81,569,52,536880,20170120,25505,0.00001282
82,576,53,536880,20170127,21527,0.00001094
83,583,54,536880,20170203,23524,0.00001204
84,590,55,536880,20170210,25760,0.00001340
85,597,56,536880,20170217,23611,0.00001233
86,604,57,536880,20170224,22071,0.00001138
87,611,58,536880,20170303,22805,0.00001205
88,618,59,536880,20170310,20612,0.00001103
89,625,60,536880,20170317,19538,0.00001036
90,632,61,536880,20170324,19917,0.00001111
91,639,62,536880,20170331,19320,0.00001093
92,646,63,536880,20170407,18308,0.00001049
93,653,64,536880,20170414,18536,0.00001032
94,660,65,536880,20170421,19522,0.00001086
95,667,66,536880,20170428,21457,0.00001205
96,674,67,536880,20170505,17953,0.00001006
97,681,68,536880,20170512,22357,0.00001271
98,688,69,536880,20170519,18155,0.00001020
99,695,70,536880,20170526,19926,0.00001144
100,702,71,536880,20170602,21879,0.00001279
101,709,72,536880,20170609,18138,0.00001076
102,716,73,536880,20170616,18685,0.00001131
103,723,74,536880,20170623,18343,0.00001138
104,730,75,536880,20170630,20170,0.00001254
105,737,76,536880,20170707,20453,0.00001232
106,744,77,536880,20170714,30865,0.00001870
107,751,78,536880,20170721,22506,0.00001346
108,758,79,536880,20170728,26555,0.00001636
109,765,80,536880,20170804,23991,0.00001479
110,772,81,536880,20170811,27292,0.00001684
111,779,82,536880,20170818,22011,0.00001348
112,786,83,536880,20170825,19459,0.00001204
113,793,84,536880,20170901,18853,0.00001142
114,800,85,536880,20170908,16815,0.00001028
115,807,86,536880,20170915,18482,0.00001096
116,814,87,536880,20170922,18599,0.00001113
117,821,88,536880,20170929,26889,0.00001625
118,828,89,536880,20171006,20555,0.00001199
119,835,90,536880,20171013,21648,0.00001274
120,842,91,536880,20171020,25107,0.00001452
121,849,92,536880,20171027,21560,0.00001255
122,856,93,536880,20171103,23269,0.00001329
123,863,94,536880,20171110,19580,0.00001117
124,870,95,536880,20171117,26083,0.00001505
125,877,96,536880,20171124,27832,0.00001590
126,884,97,536880,20171201,26713,0.00001540
127,891,98,536880,20171208,25574,0.00001470
128,898,99,536880,20171215,21791,0.00001325
129,905,100,536880,20171222,23699,0.00001462
130,912,101,536880,20171229,28457,0.00001590
131,919,102,536880,20180105,23753,0.00001249
132,926,103,536880,20180112,34055,0.00001760
133,933,104,536880,20180119,30239,0.00001617
134,940,105,536880,20180126,30083,0.00001615
135,947,106,536880,20180202,24545,0.00001329
136,954,107,536880,20180209,26038,0.00001432
137,961,108,536880,20180216,21974,0.00001194
138,968,109,536880,20180223,21604,0.00001164
139,975,110,536880,20180302,21759,0.00001176
140,982,111,536880,20180309,25193,0.00001370
141,989,112,536880,20180316,26037,0.00001439
142,996,113,536880,20180323,28453,0.00001606
143,1003,114,536880,20180330,20668,0.00001154
144,1010,115,536880,20180406,25154,0.00001379
145,1017,116,536880,20180413,28323,0.00001575
146,1024,117,536880,20180420,24806,0.00001396
147,1031,118,536880,20180427,19338,0.00001116
148,1038,119,536880,20180504,19949,0.00001153
149,1045,120,536880,20180511,27050,0.00001542
150,1052,121,536880,20180518,22987,0.00001275
151,1059,122,536880,20180525,20303,0.00001173
152,1066,123,536880,20180601,20617,0.00001207
153,1073,124,536880,20180608,20846,0.00001209
154,1080,125,536880,20180615,26111,0.00001549
155,1087,126,536880,20180622,26767,0.00001592
0,1,-31,233249,20150702,3754,0.00000219
1,8,-30,233249,20150709,2844,0.00000163
2,15,-29,233249,20150716,2955,0.00000172
3,22,-28,233249,20150723,2729,0.00000155
4,29,-27,233249,20150730,3924,0.00000234
5,36,-26,233249,20150806,3458,0.00000201
6,43,-25,233249,20150813,3349,0.00000193
7,50,-24,233249,20150820,2571,0.00000147
8,57,-23,233249,20150827,7205,0.00000414
9,64,-22,233249,20150903,9599,0.00000519
10,71,-21,233249,20150910,9215,0.00000507
11,78,-20,233249,20150917,7517,0.00000430
12,85,-19,233249,20150924,5415,0.00000313
13,92,-18,233249,20151001,5095,0.00000296
14,99,-17,233249,20151008,3161,0.00000180
15,106,-16,233249,20151015,5006,0.00000284
16,113,-15,233249,20151022,6434,0.00000363
17,120,-14,233249,20151029,4140,0.00000236
18,127,-13,233249,20151105,5010,0.00000283
19,134,-12,233249,20151112,26238,0.00001494
20,141,-11,233249,20151119,4214,0.00000242
21,148,-10,233249,20151126,4039,0.00000231
22,155,-9,233249,20151203,4177,0.00000236
23,162,-8,233249,20151210,4863,0.00000278
24,169,-7,233249,20151217,3934,0.00000245
25,176,-6,233249,20151224,3803,0.00000236
26,183,-5,233249,20151231,3542,0.00000199
27,190,-4,233249,20160107,4057,0.00000218
28,197,-3,233249,20160114,3703,0.00000201
29,204,-2,233249,20160121,4190,0.00000225
30,211,-1,233249,20160128,728238,0.00039318
31,218,0,233249,20160204,76716,0.00004206
32,225,1,233249,20160211,21203,0.00001166
33,232,2,233249,20160218,15107,0.00000825
34,239,3,233249,20160225,14919,0.00000818
35,246,4,233249,20160303,11670,0.00000647
36,253,5,233249,20160310,11367,0.00000658
37,260,6,233249,20160317,13800,0.00000826
38,267,7,233249,20160324,10116,0.00000595
39,274,8,233249,20160331,11571,0.00000673
40,281,9,233249,20160407,7117,0.00000408
41,288,10,233249,20160414,12352,0.00000721
42,295,11,233249,20160421,24202,0.00001374
43,302,12,233249,20160428,7837,0.00000457
44,309,13,233249,20160505,10788,0.00000631
45,316,14,233249,20160512,30248,0.00001758
46,323,15,233249,20160519,11221,0.00000652
47,330,16,233249,20160526,5480,0.00000326
48,337,17,233249,20160602,5461,0.00000322
49,344,18,233249,20160609,6182,0.00000363
50,351,19,233249,20160616,5031,0.00000301
51,358,20,233249,20160623,4589,0.00000272
52,365,21,233249,20160630,5417,0.00000319
53,372,22,233249,20160707,4441,0.00000266
54,379,23,233249,20160714,4113,0.00000247
55,386,24,233249,20160721,5770,0.00000296
56,393,25,233249,20160728,5597,0.00000288
57,400,26,233249,20160804,4303,0.00000224
58,407,27,233249,20160811,4211,0.00000219
59,414,28,233249,20160818,6110,0.00000349
60,421,29,233249,20160825,6197,0.00000350
61,428,30,233249,20160901,7727,0.00000444
62,435,31,233249,20160908,8240,0.00000466
63,442,32,233249,20160915,29025,0.00001639
64,449,33,233249,20160922,106419,0.00006031
65,456,34,233249,20160929,78889,0.00004484
66,463,35,233249,20161006,11422,0.00000645
67,470,36,233249,20161013,6805,0.00000375
68,477,37,233249,20161020,8090,0.00000454
69,484,38,233249,20161027,7200,0.00000410
70,491,39,233249,20161103,13360,0.00000714
71,498,40,233249,20161110,44963,0.00002356
72,505,41,233249,20161117,61182,0.00003325
73,512,42,233249,20161124,8273,0.00000450
74,519,43,233249,20161201,6557,0.00000353
75,526,44,233249,20161208,8650,0.00000474
76,533,45,233249,20161215,7969,0.00000452
77,540,46,233249,20161222,21216,0.00001207
78,547,47,233249,20161229,17345,0.00000916
79,554,48,233249,20170105,6539,0.00000332
80,561,49,233249,20170112,4953,0.00000250
81,568,50,233249,20170119,4319,0.00000218
82,575,51,233249,20170126,5854,0.00000295
83,582,52,233249,20170202,4982,0.00000256
84,589,53,233249,20170209,4539,0.00000235
85,596,54,233249,20170216,4463,0.00000233
86,603,55,233249,20170223,4058,0.00000209
87,610,56,233249,20170302,4571,0.00000242
88,617,57,233249,20170309,4498,0.00000240
89,624,58,233249,20170316,5545,0.00000294
90,631,59,233249,20170323,6893,0.00000383
91,638,60,233249,20170330,4579,0.00000259
92,645,61,233249,20170406,5031,0.00000287
93,652,62,233249,20170413,4541,0.00000254
94,659,63,233249,20170420,4351,0.00000242
95,666,64,233249,20170427,4494,0.00000252
96,673,65,233249,20170504,5521,0.00000309
97,680,66,233249,20170511,16365,0.00000934
98,687,67,233249,20170518,4719,0.00000263
99,694,68,233249,20170525,5342,0.00000307
100,701,69,233249,20170601,4278,0.00000250
101,708,70,233249,20170608,3438,0.00000203
102,715,71,233249,20170615,3898,0.00000236
103,722,72,233249,20170622,5766,0.00000357
104,729,73,233249,20170629,3670,0.00000229
105,736,74,233249,20170706,3383,0.00000204
106,743,75,233249,20170713,3277,0.00000199
107,750,76,233249,20170720,3513,0.00000210
108,757,77,233249,20170727,3469,0.00000213
109,764,78,233249,20170803,4502,0.00000278
110,771,79,233249,20170810,3692,0.00000228
111,778,80,233249,20170817,11652,0.00000712
112,785,81,233249,20170824,3494,0.00000216
113,792,82,233249,20170831,3958,0.00000241
114,799,83,233249,20170907,3573,0.00000218
115,806,84,233249,20170914,3603,0.00000215
116,813,85,233249,20170921,7077,0.00000423
117,820,86,233249,20170928,5181,0.00000313
118,827,87,233249,20171005,3799,0.00000222
119,834,88,233249,20171012,3746,0.00000220
120,841,89,233249,20171019,3398,0.00000197
121,848,90,233249,20171026,3828,0.00000224
122,855,91,233249,20171102,6357,0.00000362
123,862,92,233249,20171109,5949,0.00000340
124,869,93,233249,20171116,21300,0.00001217
125,876,94,233249,20171123,7736,0.00000445
126,883,95,233249,20171130,5448,0.00000316
127,890,96,233249,20171207,5993,0.00000341
128,897,97,233249,20171214,6409,0.00000386
129,904,98,233249,20171221,4983,0.00000312
130,911,99,233249,20171228,5460,0.00000307
131,918,100,233249,20180104,4972,0.00000263
132,925,101,233249,20180111,4577,0.00000239
133,932,102,233249,20180118,4213,0.00000223
134,939,103,233249,20180125,4649,0.00000249
135,946,104,233249,20180201,4419,0.00000240
136,953,105,233249,20180208,3705,0.00000203
137,960,106,233249,20180215,3948,0.00000215
138,967,107,233249,20180222,5230,0.00000282
139,974,108,233249,20180301,6314,0.00000341
140,981,109,233249,20180308,4913,0.00000267
141,988,110,233249,20180315,4713,0.00000260
142,995,111,233249,20180322,4098,0.00000230
143,1002,112,233249,20180329,4014,0.00000225
144,1009,113,233249,20180405,3787,0.00000208
145,1016,114,233249,20180412,3840,0.00000212
146,1023,115,233249,20180419,3396,0.00000192
147,1030,116,233249,20180426,4040,0.00000232
148,1037,117,233249,20180503,4658,0.00000270
149,1044,118,233249,20180510,17020,0.00000971
150,1051,119,233249,20180517,4570,0.00000252
151,1058,120,233249,20180524,4581,0.00000265
152,1065,121,233249,20180531,5095,0.00000299
153,1072,122,233249,20180607,3935,0.00000227
154,1079,123,233249,20180614,3822,0.00000226
155,1086,124,233249,20180621,4347,0.00000259
0,0,-33,166514,20150701,36230,0.00002122
1,7,-32,166514,20150708,12607,0.00000721
2,14,-31,166514,20150715,8920,0.00000519
3,21,-30,166514,20150722,7424,0.00000426
4,28,-29,166514,20150729,6215,0.00000367
5,35,-28,166514,20150805,6646,0.00000386
6,42,-27,166514,20150812,6009,0.00000346
7,49,-26,166514,20150819,6029,0.00000345
8,56,-25,166514,20150826,7029,0.00000405
9,63,-24,166514,20150902,8243,0.00000449
10,70,-23,166514,20150909,10073,0.00000548
11,77,-22,166514,20150916,11883,0.00000682
12,84,-21,166514,20150923,12197,0.00000704
13,91,-20,166514,20150930,9624,0.00000562
14,98,-19,166514,20151007,9208,0.00000524
15,105,-18,166514,20151014,8833,0.00000500
16,112,-17,166514,20151021,10511,0.00000592
17,119,-16,166514,20151028,9720,0.00000555
18,126,-15,166514,20151104,9184,0.00000517
19,133,-14,166514,20151111,11638,0.00000665
20,140,-13,166514,20151118,10936,0.00000624
21,147,-12,166514,20151125,7828,0.00000451
22,154,-11,166514,20151202,12543,0.00000711
23,161,-10,166514,20151209,79155,0.00004491
24,168,-9,166514,20151216,11087,0.00000680
25,175,-8,166514,20151223,7082,0.00000446
26,182,-7,166514,20151230,12066,0.00000685
27,189,-6,166514,20160106,10197,0.00000549
28,196,-5,166514,20160113,12404,0.00000673
29,203,-4,166514,20160120,12087,0.00000650
30,210,-3,166514,20160127,12814,0.00000692
31,217,-2,166514,20160203,11857,0.00000648
32,224,-1,166514,20160210,2143752,0.00118135
33,231,0,166514,20160217,615145,0.00033545
34,238,1,166514,20160224,116700,0.00006404
35,245,2,166514,20160302,53977,0.00002982
36,252,3,166514,20160309,35901,0.00002070
37,259,4,166514,20160316,72413,0.00004298
38,266,5,166514,20160323,22511,0.00001333
39,273,6,166514,20160330,25608,0.00001498
40,280,7,166514,20160406,26446,0.00001512
41,287,8,166514,20160413,16728,0.00000975
42,294,9,166514,20160420,17500,0.00000994
43,301,10,166514,20160427,14991,0.00000872
44,308,11,166514,20160504,15494,0.00000907
45,315,12,166514,20160511,14449,0.00000843
46,322,13,166514,20160518,15221,0.00000878
47,329,14,166514,20160525,10000,0.00000597
48,336,15,166514,20160601,10466,0.00000616
49,343,16,166514,20160608,11735,0.00000691
50,350,17,166514,20160615,11169,0.00000666
51,357,18,166514,20160622,19734,0.00001172
52,364,19,166514,20160629,11723,0.00000695
53,371,20,166514,20160706,11472,0.00000681
54,378,21,166514,20160713,16458,0.00000999
55,385,22,166514,20160720,13456,0.00000702
56,392,23,166514,20160727,12611,0.00000643
57,399,24,166514,20160803,10573,0.00000555
58,406,25,166514,20160810,12578,0.00000641
59,413,26,166514,20160817,9617,0.00000552
60,420,27,166514,20160824,9217,0.00000522
61,427,28,166514,20160831,11210,0.00000642
62,434,29,166514,20160907,11235,0.00000638
63,441,30,166514,20160914,10778,0.00000609
64,448,31,166514,20160921,13569,0.00000769
65,455,32,166514,20160928,15801,0.00000901
66,462,33,166514,20161005,43095,0.00002430
67,469,34,166514,20161012,49653,0.00002740
68,476,35,166514,20161019,33671,0.00001882
69,483,36,166514,20161026,24365,0.00001395
70,490,37,166514,20161102,28124,0.00001513
71,497,38,166514,20161109,86779,0.00004531
72,504,39,166514,20161116,29425,0.00001585
73,511,40,166514,20161123,18769,0.00001029
74,518,41,166514,20161130,19220,0.00001036
75,525,42,166514,20161207,14395,0.00000785
76,532,43,166514,20161214,11920,0.00000673
77,539,44,166514,20161221,13078,0.00000752
78,546,45,166514,20161228,15261,0.00000808
79,553,46,166514,20170104,13276,0.00000673
80,560,47,166514,20170111,15165,0.00000766
81,567,48,166514,20170118,25626,0.00001293
82,574,49,166514,20170125,46116,0.00002320
83,581,50,166514,20170201,205989,0.00010584
84,588,51,166514,20170208,34430,0.00001780
85,595,52,166514,20170215,17137,0.00000895
86,602,53,166514,20170222,16555,0.00000852
87,609,54,166514,20170301,28411,0.00001502
88,616,55,166514,20170308,11686,0.00000622
89,623,56,166514,20170315,22722,0.00001205
90,630,57,166514,20170322,28322,0.00001568
91,637,58,166514,20170329,22392,0.00001261
92,644,59,166514,20170405,55510,0.00003171
93,651,60,166514,20170412,17607,0.00000992
94,658,61,166514,20170419,13417,0.00000741
95,665,62,166514,20170426,12981,0.00000729
96,672,63,166514,20170503,10601,0.00000593
97,679,64,166514,20170510,9834,0.00000561
98,686,65,166514,20170517,9022,0.00000500
99,693,66,166514,20170524,6918,0.00000407
100,700,67,166514,20170531,7688,0.00000441
101,707,68,166514,20170607,7013,0.00000411
102,714,69,166514,20170614,10453,0.00000635
103,721,70,166514,20170621,13277,0.00000817
104,728,71,166514,20170628,8997,0.00000560
105,735,72,166514,20170705,7410,0.00000448
106,742,73,166514,20170712,7259,0.00000439
107,749,74,166514,20170719,7730,0.00000462
108,756,75,166514,20170726,7378,0.00000453
109,763,76,166514,20170802,6160,0.00000381
110,770,77,166514,20170809,5711,0.00000351
111,777,78,166514,20170816,5985,0.00000366
112,784,79,166514,20170823,6251,0.00000386
113,791,80,166514,20170830,6562,0.00000401
114,798,81,166514,20170906,6983,0.00000425
115,805,82,166514,20170913,7583,0.00000454
116,812,83,166514,20170920,8426,0.00000503
117,819,84,166514,20170927,17278,0.00001046
118,826,85,166514,20171004,18872,0.00001108
119,833,86,166514,20171011,15420,0.00000900
120,840,87,166514,20171018,12913,0.00000753
121,847,88,166514,20171025,12189,0.00000710
122,854,89,166514,20171101,12234,0.00000700
123,861,90,166514,20171108,11329,0.00000647
124,868,91,166514,20171115,10100,0.00000576
125,875,92,166514,20171122,9288,0.00000536
126,882,93,166514,20171129,11556,0.00000669
127,889,94,166514,20171206,11233,0.00000640
128,896,95,166514,20171213,11267,0.00000672
129,903,96,166514,20171220,7597,0.00000480
130,910,97,166514,20171227,8243,0.00000469
131,917,98,166514,20180103,8317,0.00000438
132,924,99,166514,20180110,10442,0.00000548
133,931,100,166514,20180117,12869,0.00000677
134,938,101,166514,20180124,11824,0.00000631
135,945,102,166514,20180131,12945,0.00000702
136,952,103,166514,20180207,13529,0.00000737
137,959,104,166514,20180214,13880,0.00000763
138,966,105,166514,20180221,14560,0.00000782
139,973,106,166514,20180228,12249,0.00000662
140,980,107,166514,20180307,12742,0.00000697
141,987,108,166514,20180314,10673,0.00000584
142,994,109,166514,20180321,12908,0.00000722
143,1001,110,166514,20180328,11430,0.00000643
144,1008,111,166514,20180404,10596,0.00000584
145,1015,112,166514,20180411,13536,0.00000745
146,1022,113,166514,20180418,10763,0.00000610
147,1029,114,166514,20180425,11611,0.00000661
148,1036,115,166514,20180502,9986,0.00000579
149,1043,116,166514,20180509,9239,0.00000529
150,1050,117,166514,20180516,9120,0.00000503
151,1057,118,166514,20180523,7894,0.00000456
152,1064,119,166514,20180530,9262,0.00000542
153,1071,120,166514,20180606,7874,0.00000455
154,1078,121,166514,20180613,7436,0.00000440
155,1085,122,166514,20180620,10851,0.00000645
156,1092,123,166514,20180627,76614,0.00004568
0,1,-35,614519,20150702,8044,0.00000469
1,8,-34,614519,20150709,7791,0.00000446
2,15,-33,614519,20150716,9447,0.00000550
3,22,-32,614519,20150723,8499,0.00000484
4,29,-31,614519,20150730,7673,0.00000457
5,36,-30,614519,20150806,8768,0.00000509
6,43,-29,614519,20150813,9020,0.00000519
7,50,-28,614519,20150820,8337,0.00000477
8,57,-27,614519,20150827,8844,0.00000509
9,64,-26,614519,20150903,8668,0.00000469
10,71,-25,614519,20150910,9163,0.00000504
11,78,-24,614519,20150917,8446,0.00000483
12,85,-23,614519,20150924,8763,0.00000506
13,92,-22,614519,20151001,9909,0.00000575
14,99,-21,614519,20151008,8117,0.00000461
15,106,-20,614519,20151015,10026,0.00000569
16,113,-19,614519,20151022,8520,0.00000480
17,120,-18,614519,20151029,7593,0.00000433
18,127,-17,614519,20151105,9040,0.00000511
19,134,-16,614519,20151112,8389,0.00000478
20,141,-15,614519,20151119,9768,0.00000562
21,148,-14,614519,20151126,7873,0.00000450
22,155,-13,614519,20151203,8862,0.00000501
23,162,-12,614519,20151210,9639,0.00000552
24,169,-11,614519,20151217,9495,0.00000591
25,176,-10,614519,20151224,11150,0.00000692
26,183,-9,614519,20151231,9920,0.00000557
27,190,-8,614519,20160107,8424,0.00000453
28,197,-7,614519,20160114,8052,0.00000436
29,204,-6,614519,20160121,7898,0.00000424
30,211,-5,614519,20160128,9091,0.00000491
31,218,-4,614519,20160204,14121,0.00000774
32,225,-3,614519,20160211,7298,0.00000401
33,232,-2,614519,20160218,11156,0.00000610
34,239,-1,614519,20160225,425731,0.00023349
35,246,0,614519,20160303,149401,0.00008281
36,253,1,614519,20160310,20906,0.00001210
37,260,2,614519,20160317,13572,0.00000813
38,267,3,614519,20160324,13926,0.00000819
39,274,4,614519,20160331,11571,0.00000673
40,281,5,614519,20160407,9175,0.00000526
41,288,6,614519,20160414,8570,0.00000500
42,295,7,614519,20160421,10854,0.00000616
43,302,8,614519,20160428,8179,0.00000477
44,309,9,614519,20160505,7578,0.00000444
45,316,10,614519,20160512,32326,0.00001879
46,323,11,614519,20160519,26729,0.00001552
47,330,12,614519,20160526,9654,0.00000575
48,337,13,614519,20160602,9507,0.00000561
49,344,14,614519,20160609,8918,0.00000524
50,351,15,614519,20160616,7488,0.00000447
51,358,16,614519,20160623,7679,0.00000456
52,365,17,614519,20160630,7953,0.00000469
53,372,18,614519,20160707,7633,0.00000456
54,379,19,614519,20160714,6732,0.00000405
55,386,20,614519,20160721,7639,0.00000392
56,393,21,614519,20160728,6846,0.00000352
57,400,22,614519,20160804,8268,0.00000430
58,407,23,614519,20160811,9379,0.00000489
59,414,24,614519,20160818,7705,0.00000440
60,421,25,614519,20160825,9600,0.00000543
61,428,26,614519,20160901,7985,0.00000459
62,435,27,614519,20160908,8455,0.00000478
63,442,28,614519,20160915,13779,0.00000778
64,449,29,614519,20160922,8574,0.00000486
65,456,30,614519,20160929,8474,0.00000482
66,463,31,614519,20161006,6547,0.00000370
67,470,32,614519,20161013,6772,0.00000373
68,477,33,614519,20161020,7714,0.00000433
69,484,34,614519,20161027,7427,0.00000423
70,491,35,614519,20161103,6621,0.00000354
71,498,36,614519,20161110,9256,0.00000485
72,505,37,614519,20161117,8127,0.00000442
73,512,38,614519,20161124,9074,0.00000494
74,519,39,614519,20161201,7884,0.00000424
75,526,40,614519,20161208,12285,0.00000673
76,533,41,614519,20161215,11808,0.00000669
77,540,42,614519,20161222,17274,0.00000982
78,547,43,614519,20161229,41698,0.00002202
79,554,44,614519,20170105,13472,0.00000684
80,561,45,614519,20170112,10278,0.00000518
81,568,46,614519,20170119,8291,0.00000418
82,575,47,614519,20170126,10812,0.00000544
83,582,48,614519,20170202,10623,0.00000546
84,589,49,614519,20170209,8001,0.00000414
85,596,50,614519,20170216,8566,0.00000447
86,603,51,614519,20170223,20386,0.00001052
87,610,52,614519,20170302,11405,0.00000603
88,617,53,614519,20170309,10661,0.00000568
89,624,54,614519,20170316,8069,0.00000427
90,631,55,614519,20170323,7634,0.00000424
91,638,56,614519,20170330,6909,0.00000391
92,645,57,614519,20170406,8556,0.00000489
93,652,58,614519,20170413,8258,0.00000462
94,659,59,614519,20170420,8842,0.00000491
95,666,60,614519,20170427,8340,0.00000468
96,673,61,614519,20170504,6846,0.00000383
97,680,62,614519,20170511,9037,0.00000516
98,687,63,614519,20170518,11434,0.00000637
99,694,64,614519,20170525,11066,0.00000636
100,701,65,614519,20170601,6820,0.00000399
101,708,66,614519,20170608,8315,0.00000490
102,715,67,614519,20170615,8124,0.00000491
103,722,68,614519,20170622,6818,0.00000423
104,729,69,614519,20170629,7339,0.00000457
105,736,70,614519,20170706,7189,0.00000433
106,743,71,614519,20170713,7877,0.00000478
107,750,72,614519,20170720,7218,0.00000431
108,757,73,614519,20170727,9801,0.00000603
109,764,74,614519,20170803,8629,0.00000533
110,771,75,614519,20170810,7626,0.00000470
111,778,76,614519,20170817,6411,0.00000392
112,785,77,614519,20170824,7053,0.00000436
113,792,78,614519,20170831,6354,0.00000387
114,799,79,614519,20170907,7270,0.00000444
115,806,80,614519,20170914,10514,0.00000626
116,813,81,614519,20170921,6941,0.00000415
117,820,82,614519,20170928,6405,0.00000387
118,827,83,614519,20171005,8638,0.00000505
119,834,84,614519,20171012,6640,0.00000390
120,841,85,614519,20171019,7740,0.00000449
121,848,86,614519,20171026,7201,0.00000421
122,855,87,614519,20171102,8318,0.00000474
123,862,88,614519,20171109,6834,0.00000391
124,869,89,614519,20171116,9985,0.00000570
125,876,90,614519,20171123,15168,0.00000873
126,883,91,614519,20171130,7624,0.00000443
127,890,92,614519,20171207,9113,0.00000519
128,897,93,614519,20171214,22801,0.00001375
129,904,94,614519,20171221,9210,0.00000577
130,911,95,614519,20171228,10937,0.00000614
131,918,96,614519,20180104,8291,0.00000438
132,925,97,614519,20180111,8607,0.00000449
133,932,98,614519,20180118,34876,0.00001842
134,939,99,614519,20180125,11273,0.00000603
135,946,100,614519,20180201,8153,0.00000442
136,953,101,614519,20180208,10115,0.00000554
137,960,102,614519,20180215,13334,0.00000728
138,967,103,614519,20180222,9140,0.00000492
139,974,104,614519,20180301,9240,0.00000500
140,981,105,614519,20180308,8660,0.00000471
141,988,106,614519,20180315,6531,0.00000361
142,995,107,614519,20180322,6815,0.00000382
143,1002,108,614519,20180329,7713,0.00000432
144,1009,109,614519,20180405,8796,0.00000484
145,1016,110,614519,20180412,8117,0.00000449
146,1023,111,614519,20180419,6612,0.00000373
147,1030,112,614519,20180426,8110,0.00000467
148,1037,113,614519,20180503,7064,0.00000409
149,1044,114,614519,20180510,8086,0.00000461
150,1051,115,614519,20180517,8004,0.00000442
151,1058,116,614519,20180524,11177,0.00000646
152,1065,117,614519,20180531,10594,0.00000621
153,1072,118,614519,20180607,6560,0.00000379
154,1079,119,614519,20180614,6240,0.00000370
155,1086,120,614519,20180621,7231,0.00000430
0,1,-36,21181,20150702,37545,0.00002189
1,8,-35,21181,20150709,20618,0.00001179
2,15,-34,21181,20150716,21474,0.00001251
3,22,-33,21181,20150723,21608,0.00001229
4,29,-32,21181,20150730,17368,0.00001035
5,36,-31,21181,20150806,29949,0.00001738
6,43,-30,21181,20150813,24584,0.00001414
7,50,-29,21181,20150820,23966,0.00001370
8,57,-28,21181,20150827,23601,0.00001357
9,64,-27,21181,20150903,22106,0.00001196
10,71,-26,21181,20150910,35670,0.00001962
11,78,-25,21181,20150917,60620,0.00003465
12,85,-24,21181,20150924,24909,0.00001439
13,92,-23,21181,20151001,22698,0.00001318
14,99,-22,21181,20151008,34439,0.00001956
15,106,-21,21181,20151015,24159,0.00001370
16,113,-20,21181,20151022,21566,0.00001215
17,120,-19,21181,20151029,21177,0.00001208
18,127,-18,21181,20151105,24525,0.00001385
19,134,-17,21181,20151112,20838,0.00001187
20,141,-16,21181,20151119,19620,0.00001128
21,148,-15,21181,20151126,20017,0.00001145
22,155,-14,21181,20151203,21570,0.00001220
23,162,-13,21181,20151210,22950,0.00001314
24,169,-12,21181,20151217,23458,0.00001459
25,176,-11,21181,20151224,26489,0.00001644
26,183,-10,21181,20151231,25110,0.00001410
27,190,-9,21181,20160107,23869,0.00001283
28,197,-8,21181,20160114,24566,0.00001332
29,204,-7,21181,20160121,25295,0.00001358
30,211,-6,21181,20160128,28274,0.00001527
31,218,-5,21181,20160204,37948,0.00002080
32,225,-4,21181,20160211,33128,0.00001822
33,232,-3,21181,20160218,30377,0.00001660
34,239,-2,21181,20160225,28988,0.00001590
35,246,-1,21181,20160303,1305605,0.00072368
36,253,0,21181,20160310,496625,0.00028733
37,260,1,21181,20160317,48169,0.00002884
38,267,2,21181,20160324,29797,0.00001753
39,274,3,21181,20160331,22347,0.00001300
40,281,4,21181,20160407,22003,0.00001261
41,288,5,21181,20160414,17324,0.00001011
42,295,6,21181,20160421,17454,0.00000991
43,302,7,21181,20160428,19698,0.00001149
44,309,8,21181,20160505,16989,0.00000994
45,316,9,21181,20160512,15540,0.00000903
46,323,10,21181,20160519,15078,0.00000876
47,330,11,21181,20160526,14843,0.00000884
48,337,12,21181,20160602,17402,0.00001027
49,344,13,21181,20160609,17077,0.00001003
50,351,14,21181,20160616,12958,0.00000774
51,358,15,21181,20160623,13549,0.00000804
52,365,16,21181,20160630,17151,0.00001011
53,372,17,21181,20160707,16145,0.00000966
54,379,18,21181,20160714,19406,0.00001167
55,386,19,21181,20160721,26995,0.00001387
56,393,20,21181,20160728,39002,0.00002004
57,400,21,21181,20160804,14933,0.00000777
58,407,22,21181,20160811,19578,0.00001020
59,414,23,21181,20160818,18899,0.00001080
60,421,24,21181,20160825,14984,0.00000847
61,428,25,21181,20160901,15634,0.00000899
62,435,26,21181,20160908,18664,0.00001056
63,442,27,21181,20160915,16760,0.00000946
64,449,28,21181,20160922,19568,0.00001109
65,456,29,21181,20160929,21839,0.00001241
66,463,30,21181,20161006,29376,0.00001658
67,470,31,21181,20161013,46428,0.00002560
68,477,32,21181,20161020,33654,0.00001889
69,484,33,21181,20161027,22295,0.00001269
70,491,34,21181,20161103,40735,0.00002176
71,498,35,21181,20161110,66352,0.00003477
72,505,36,21181,20161117,29393,0.00001597
73,512,37,21181,20161124,24049,0.00001309
74,519,38,21181,20161201,19808,0.00001066
75,526,39,21181,20161208,20344,0.00001115
76,533,40,21181,20161215,22833,0.00001294
77,540,41,21181,20161222,45525,0.00002589
78,547,42,21181,20161229,42915,0.00002267
79,554,43,21181,20170105,30429,0.00001544
80,561,44,21181,20170112,31650,0.00001596
81,568,45,21181,20170119,70925,0.00003580
82,575,46,21181,20170126,33831,0.00001704
83,582,47,21181,20170202,26482,0.00001361
84,589,48,21181,20170209,22747,0.00001178
85,596,49,21181,20170216,22921,0.00001196
86,603,50,21181,20170223,54405,0.00002807
87,610,51,21181,20170302,24470,0.00001294
88,617,52,21181,20170309,17090,0.00000911
89,624,53,21181,20170316,16195,0.00000858
90,631,54,21181,20170323,16226,0.00000902
91,638,55,21181,20170330,14373,0.00000813
92,645,56,21181,20170406,15303,0.00000874
93,652,57,21181,20170413,14910,0.00000835
94,659,58,21181,20170420,15348,0.00000852
95,666,59,21181,20170427,15323,0.00000860
96,673,60,21181,20170504,14863,0.00000832
97,680,61,21181,20170511,13721,0.00000783
98,687,62,21181,20170518,14317,0.00000798
99,694,63,21181,20170525,13961,0.00000803
100,701,64,21181,20170601,16199,0.00000948
101,708,65,21181,20170608,15026,0.00000886
102,715,66,21181,20170615,12557,0.00000759
103,722,67,21181,20170622,12062,0.00000748
104,729,68,21181,20170629,14078,0.00000877
105,736,69,21181,20170706,19119,0.00001152
106,743,70,21181,20170713,12723,0.00000772
107,750,71,21181,20170720,13321,0.00000795
108,757,72,21181,20170727,13792,0.00000848
109,764,73,21181,20170803,12127,0.00000749
110,771,74,21181,20170810,12809,0.00000790
111,778,75,21181,20170817,11366,0.00000695
112,785,76,21181,20170824,12690,0.00000784
113,792,77,21181,20170831,17176,0.00001046
114,799,78,21181,20170907,12394,0.00000757
115,806,79,21181,20170914,14654,0.00000873
116,813,80,21181,20170921,11134,0.00000665
117,820,81,21181,20170928,11791,0.00000713
118,827,82,21181,20171005,12165,0.00000711
119,834,83,21181,20171012,12011,0.00000705
120,841,84,21181,20171019,16350,0.00000948
121,848,85,21181,20171026,15529,0.00000908
122,855,86,21181,20171102,14429,0.00000822
123,862,87,21181,20171109,13100,0.00000749
124,869,88,21181,20171116,15759,0.00000900
125,876,89,21181,20171123,13304,0.00000765
126,883,90,21181,20171130,13146,0.00000763
127,890,91,21181,20171207,12890,0.00000734
128,897,92,21181,20171214,14520,0.00000875
129,904,93,21181,20171221,13573,0.00000850
130,911,94,21181,20171228,14662,0.00000824
131,918,95,21181,20180104,17720,0.00000936
132,925,96,21181,20180111,16067,0.00000838
133,932,97,21181,20180118,14804,0.00000782
134,939,98,21181,20180125,15573,0.00000833
135,946,99,21181,20180201,15877,0.00000861
136,953,100,21181,20180208,14166,0.00000775
137,960,101,21181,20180215,15938,0.00000870
138,967,102,21181,20180222,17112,0.00000921
139,974,103,21181,20180301,18063,0.00000977
140,981,104,21181,20180308,14497,0.00000788
141,988,105,21181,20180315,12864,0.00000710
142,995,106,21181,20180322,13348,0.00000749
143,1002,107,21181,20180329,15532,0.00000870
144,1009,108,21181,20180405,14195,0.00000781
145,1016,109,21181,20180412,68577,0.00003789
146,1023,110,21181,20180419,62594,0.00003533
147,1030,111,21181,20180426,16490,0.00000949
148,1037,112,21181,20180503,13988,0.00000810
149,1044,113,21181,20180510,13582,0.00000775
150,1051,114,21181,20180517,11960,0.00000661
151,1058,115,21181,20180524,12452,0.00000720
152,1065,116,21181,20180531,14003,0.00000821
153,1072,117,21181,20180607,12937,0.00000747
154,1079,118,21181,20180614,11321,0.00000670
155,1086,119,21181,20180621,10761,0.00000640
0,3,-36,77179,20150704,8463,0.00000487
1,10,-35,77179,20150711,7455,0.00000429
2,17,-34,77179,20150718,8074,0.00000467
3,24,-33,77179,20150725,8095,0.00000463
4,31,-32,77179,20150801,16698,0.00000990
5,38,-31,77179,20150808,9601,0.00000559
6,45,-30,77179,20150815,10160,0.00000583
7,52,-29,77179,20150822,8684,0.00000498
8,59,-28,77179,20150829,8670,0.00000493
9,66,-27,77179,20150905,8893,0.00000479
10,73,-26,77179,20150912,19375,0.00001080
11,80,-25,77179,20150919,17508,0.00001002
12,87,-24,77179,20150926,8907,0.00000519
13,94,-23,77179,20151003,8926,0.00000512
14,101,-22,77179,20151010,9170,0.00000521
15,108,-21,77179,20151017,8585,0.00000483
16,115,-20,77179,20151024,9332,0.00000529
17,122,-19,77179,20151031,9081,0.00000516
18,129,-18,77179,20151107,22017,0.00001253
19,136,-17,77179,20151114,13290,0.00000755
20,143,-16,77179,20151121,8680,0.00000506
21,150,-15,77179,20151128,8685,0.00000490
22,157,-14,77179,20151205,9662,0.00000545
23,164,-13,77179,20151212,9323,0.00000544
24,171,-12,77179,20151219,9353,0.00000603
25,178,-11,77179,20151226,12142,0.00000731
26,185,-10,77179,20160102,21479,0.00001172
27,192,-9,77179,20160109,9403,0.00000504
28,199,-8,77179,20160116,8328,0.00000450
29,206,-7,77179,20160123,8158,0.00000440
30,213,-6,77179,20160130,7872,0.00000425
31,220,-5,77179,20160206,7240,0.00000400
32,227,-4,77179,20160213,8068,0.00000442
33,234,-3,77179,20160220,9828,0.00000538
34,241,-2,77179,20160227,7490,0.00000409
35,248,-1,77179,20160305,477226,0.00026821
36,255,0,77179,20160312,79082,0.00004602
37,262,1,77179,20160319,19664,0.00001187
38,269,2,77179,20160326,13199,0.00000773
39,276,3,77179,20160402,10921,0.00000629
40,283,4,77179,20160409,9884,0.00000567
41,290,5,77179,20160416,12535,0.00000723
42,297,6,77179,20160423,11514,0.00000662
43,304,7,77179,20160430,10126,0.00000593
44,311,8,77179,20160507,9170,0.00000537
45,318,9,77179,20160514,9322,0.00000540
46,325,10,77179,20160521,9420,0.00000552
47,332,11,77179,20160528,7547,0.00000448
48,339,12,77179,20160604,7611,0.00000450
49,346,13,77179,20160611,7829,0.00000460
50,353,14,77179,20160618,7391,0.00000441
51,360,15,77179,20160625,7585,0.00000448
52,367,16,77179,20160702,6870,0.00000409
53,374,17,77179,20160709,6469,0.00000387
54,381,18,77179,20160716,6643,0.00000383
55,388,19,77179,20160723,6182,0.00000315
56,395,20,77179,20160730,7015,0.00000366
57,402,21,77179,20160806,6584,0.00000337
58,409,22,77179,20160813,5765,0.00000313
59,416,23,77179,20160820,6822,0.00000387
60,423,24,77179,20160827,7083,0.00000401
61,430,25,77179,20160903,6966,0.00000400
62,437,26,77179,20160910,7386,0.00000417
63,444,27,77179,20160917,8961,0.00000502
64,451,28,77179,20160924,8438,0.00000484
65,458,29,77179,20161001,8114,0.00000457
66,465,30,77179,20161008,7003,0.00000394
67,472,31,77179,20161015,7456,0.00000412
68,479,32,77179,20161022,7305,0.00000413
69,486,33,77179,20161029,7830,0.00000437
70,493,34,77179,20161105,6612,0.00000351
71,500,35,77179,20161112,14144,0.00000744
72,507,36,77179,20161119,11079,0.00000616
73,514,37,77179,20161126,10466,0.00000562
74,521,38,77179,20161203,8478,0.00000453
75,528,39,77179,20161210,9243,0.00000518
76,535,40,77179,20161217,9143,0.00000520
77,542,41,77179,20161224,23795,0.00001307
78,549,42,77179,20161231,31422,0.00001651
79,556,43,77179,20170107,9222,0.00000468
80,563,44,77179,20170114,8247,0.00000415
81,570,45,77179,20170121,6700,0.00000338
82,577,46,77179,20170128,7149,0.00000364
83,584,47,77179,20170204,7124,0.00000365
84,591,48,77179,20170211,18683,0.00000975
85,598,49,77179,20170218,8695,0.00000454
86,605,50,77179,20170225,7595,0.00000392
87,612,51,77179,20170304,9297,0.00000492
88,619,52,77179,20170311,7447,0.00000398
89,626,53,77179,20170318,7146,0.00000381
90,633,54,77179,20170325,6931,0.00000388
91,640,55,77179,20170401,7261,0.00000410
92,647,56,77179,20170408,6772,0.00000388
93,654,57,77179,20170415,6717,0.00000373
94,661,58,77179,20170422,7738,0.00000432
95,668,59,77179,20170429,7432,0.00000416
96,675,60,77179,20170506,7064,0.00000398
97,682,61,77179,20170513,8074,0.00000458
98,689,62,77179,20170520,10382,0.00000588
99,696,63,77179,20170527,18468,0.00001059
100,703,64,77179,20170603,16597,0.00000967
101,710,65,77179,20170610,9876,0.00000590
102,717,66,77179,20170617,8239,0.00000499
103,724,67,77179,20170624,7711,0.00000480
104,731,68,77179,20170701,11344,0.00000702
105,738,69,77179,20170708,7770,0.00000468
106,745,70,77179,20170715,7549,0.00000456
107,752,71,77179,20170722,7292,0.00000438
108,759,72,77179,20170729,6770,0.00000418
109,766,73,77179,20170805,7593,0.00000467
110,773,74,77179,20170812,7507,0.00000463
111,780,75,77179,20170819,7403,0.00000454
112,787,76,77179,20170826,8308,0.00000516
113,794,77,77179,20170902,7598,0.00000458
114,801,78,77179,20170909,7005,0.00000428
115,808,79,77179,20170916,7586,0.00000449
116,815,80,77179,20170923,7490,0.00000450
117,822,81,77179,20170930,7187,0.00000432
118,829,82,77179,20171007,8440,0.00000491
119,836,83,77179,20171014,7658,0.00000451
120,843,84,77179,20171021,7103,0.00000411
121,850,85,77179,20171028,6488,0.00000376
122,857,86,77179,20171104,6888,0.00000394
123,864,87,77179,20171111,7371,0.00000420
124,871,88,77179,20171118,6866,0.00000399
125,878,89,77179,20171125,11931,0.00000678
126,885,90,77179,20171202,8109,0.00000465
127,892,91,77179,20171209,8044,0.00000466
128,899,92,77179,20171216,7492,0.00000460
129,906,93,77179,20171223,7298,0.00000441
130,913,94,77179,20171230,11263,0.00000625
131,920,95,77179,20180106,8336,0.00000439
132,927,96,77179,20180113,7318,0.00000378
133,934,97,77179,20180120,7048,0.00000376
134,941,98,77179,20180127,7540,0.00000407
135,948,99,77179,20180203,7373,0.00000399
136,955,100,77179,20180210,7185,0.00000395
137,962,101,77179,20180217,6817,0.00000370
138,969,102,77179,20180224,7784,0.00000421
139,976,103,77179,20180303,8397,0.00000454
140,983,104,77179,20180310,7899,0.00000429
141,990,105,77179,20180317,7251,0.00000401
142,997,106,77179,20180324,7443,0.00000421
143,1004,107,77179,20180331,8853,0.00000494
144,1011,108,77179,20180407,7218,0.00000396
145,1018,109,77179,20180414,7584,0.00000423
146,1025,110,77179,20180421,7247,0.00000407
147,1032,111,77179,20180428,6794,0.00000394
148,1039,112,77179,20180505,6241,0.00000360
149,1046,113,77179,20180512,6267,0.00000357
150,1053,114,77179,20180519,6389,0.00000356
151,1060,115,77179,20180526,6575,0.00000380
152,1067,116,77179,20180602,6803,0.00000395
153,1074,117,77179,20180609,6303,0.00000369
154,1081,118,77179,20180616,6227,0.00000369
155,1088,119,77179,20180623,7894,0.00000471
0,3,-38,1560095,20150704,6921,0.00000398
1,10,-37,1560095,20150711,6688,0.00000385
2,17,-36,1560095,20150718,6304,0.00000365
3,24,-35,1560095,20150725,8464,0.00000484
4,31,-34,1560095,20150801,7136,0.00000423
5,38,-33,1560095,20150808,6494,0.00000378
6,45,-32,1560095,20150815,6051,0.00000347
7,52,-31,1560095,20150822,5860,0.00000336
8,59,-30,1560095,20150829,7275,0.00000414
9,66,-29,1560095,20150905,6041,0.00000325
10,73,-28,1560095,20150912,6329,0.00000353
11,80,-27,1560095,20150919,6310,0.00000361
12,87,-26,1560095,20150926,6760,0.00000394
13,94,-25,1560095,20151003,6477,0.00000372
14,101,-24,1560095,20151010,10536,0.00000599
15,108,-23,1560095,20151017,29831,0.00001679
16,115,-22,1560095,20151024,10763,0.00000610
17,122,-21,1560095,20151031,6487,0.00000368
18,129,-20,1560095,20151107,5646,0.00000321
19,136,-19,1560095,20151114,5456,0.00000310
20,143,-18,1560095,20151121,5020,0.00000293
21,150,-17,1560095,20151128,5480,0.00000309
22,157,-16,1560095,20151205,5948,0.00000335
23,164,-15,1560095,20151212,5499,0.00000321
24,171,-14,1560095,20151219,5533,0.00000356
25,178,-13,1560095,20151226,5473,0.00000329
26,185,-12,1560095,20160102,6897,0.00000376
27,192,-11,1560095,20160109,5469,0.00000293
28,199,-10,1560095,20160116,6964,0.00000377
29,206,-9,1560095,20160123,6528,0.00000352
30,213,-8,1560095,20160130,6460,0.00000349
31,220,-7,1560095,20160206,5788,0.00000320
32,227,-6,1560095,20160213,5990,0.00000328
33,234,-5,1560095,20160220,6317,0.00000346
34,241,-4,1560095,20160227,9383,0.00000512
35,248,-3,1560095,20160305,7850,0.00000441
36,255,-2,1560095,20160312,14954,0.00000870
37,262,-1,1560095,20160319,455621,0.00027506
38,269,0,1560095,20160326,101181,0.00005928
39,276,1,1560095,20160402,25234,0.00001453
40,283,2,1560095,20160409,13988,0.00000803
41,290,3,1560095,20160416,14516,0.00000837
42,297,4,1560095,20160423,11407,0.00000655
43,304,5,1560095,20160430,11618,0.00000681
44,311,6,1560095,20160507,13529,0.00000792
45,318,7,1560095,20160514,11716,0.00000679
46,325,8,1560095,20160521,13719,0.00000804
47,332,9,1560095,20160528,10293,0.00000611
48,339,10,1560095,20160604,8816,0.00000522
49,346,11,1560095,20160611,8575,0.00000504
50,353,12,1560095,20160618,9470,0.00000565
51,360,13,1560095,20160625,9726,0.00000574
52,367,14,1560095,20160702,14801,0.00000881
53,374,15,1560095,20160709,9061,0.00000542
54,381,16,1560095,20160716,9453,0.00000545
55,388,17,1560095,20160723,12383,0.00000631
56,395,18,1560095,20160730,12080,0.00000630
57,402,19,1560095,20160806,90575,0.00004634
58,409,20,1560095,20160813,27903,0.00001514
59,416,21,1560095,20160820,9247,0.00000525
60,423,22,1560095,20160827,8392,0.00000475
61,430,23,1560095,20160903,7746,0.00000445
62,437,24,1560095,20160910,8411,0.00000475
63,444,25,1560095,20160917,7644,0.00000428
64,451,26,1560095,20160924,9822,0.00000564
65,458,27,1560095,20161001,9036,0.00000509
66,465,28,1560095,20161008,13046,0.00000734
67,472,29,1560095,20161015,13636,0.00000754
68,479,30,1560095,20161022,11457,0.00000648
69,486,31,1560095,20161029,12882,0.00000719
70,493,32,1560095,20161105,17153,0.00000912
71,500,33,1560095,20161112,11603,0.00000610
72,507,34,1560095,20161119,10353,0.00000576
73,514,35,1560095,20161126,9410,0.00000505
74,521,36,1560095,20161203,9313,0.00000498
75,528,37,1560095,20161210,9843,0.00000551
76,535,38,1560095,20161217,10014,0.00000570
77,542,39,1560095,20161224,28366,0.00001558
78,549,40,1560095,20161231,14108,0.00000741
79,556,41,1560095,20170107,10991,0.00000558
80,563,42,1560095,20170114,9791,0.00000493
81,570,43,1560095,20170121,9493,0.00000478
82,577,44,1560095,20170128,7648,0.00000389
83,584,45,1560095,20170204,8719,0.00000447
84,591,46,1560095,20170211,10812,0.00000564
85,598,47,1560095,20170218,7197,0.00000376
86,605,48,1560095,20170225,6917,0.00000357
87,612,49,1560095,20170304,7530,0.00000399
88,619,50,1560095,20170311,5757,0.00000308
89,626,51,1560095,20170318,9697,0.00000517
90,633,52,1560095,20170325,7983,0.00000446
91,640,53,1560095,20170401,6479,0.00000366
92,647,54,1560095,20170408,6428,0.00000369
93,654,55,1560095,20170415,6351,0.00000352
94,661,56,1560095,20170422,6019,0.00000336
95,668,57,1560095,20170429,5571,0.00000312
96,675,58,1560095,20170506,6225,0.00000351
97,682,59,1560095,20170513,5725,0.00000325
98,689,60,1560095,20170520,5563,0.00000315
99,696,61,1560095,20170527,6704,0.00000384
100,703,62,1560095,20170603,6046,0.00000352
101,710,63,1560095,20170610,5457,0.00000326
102,717,64,1560095,20170617,5448,0.00000330
103,724,65,1560095,20170624,6542,0.00000407
104,731,66,1560095,20170701,7320,0.00000453
105,738,67,1560095,20170708,5888,0.00000355
106,745,68,1560095,20170715,6897,0.00000416
107,752,69,1560095,20170722,5875,0.00000353
108,759,70,1560095,20170729,6728,0.00000416
109,766,71,1560095,20170805,6203,0.00000382
110,773,72,1560095,20170812,5984,0.00000369
111,780,73,1560095,20170819,7999,0.00000491
112,787,74,1560095,20170826,6383,0.00000396
113,794,75,1560095,20170902,11349,0.00000684
114,801,76,1560095,20170909,10006,0.00000611
115,808,77,1560095,20170916,6146,0.00000364
116,815,78,1560095,20170923,8156,0.00000490
117,822,79,1560095,20170930,7562,0.00000455
118,829,80,1560095,20171007,6096,0.00000355
119,836,81,1560095,20171014,5754,0.00000339
120,843,82,1560095,20171021,5294,0.00000306
121,850,83,1560095,20171028,5558,0.00000322
122,857,84,1560095,20171104,6649,0.00000380
123,864,85,1560095,20171111,6729,0.00000384
124,871,86,1560095,20171118,6262,0.00000364
125,878,87,1560095,20171125,5580,0.00000317
126,885,88,1560095,20171202,5000,0.00000287
127,892,89,1560095,20171209,5955,0.00000345
128,899,90,1560095,20171216,6033,0.00000370
129,906,91,1560095,20171223,5397,0.00000326
130,913,92,1560095,20171230,5406,0.00000300
131,920,93,1560095,20180106,6615,0.00000349
132,927,94,1560095,20180113,6396,0.00000331
133,934,95,1560095,20180120,6440,0.00000344
134,941,96,1560095,20180127,11891,0.00000641
135,948,97,1560095,20180203,9561,0.00000517
136,955,98,1560095,20180210,7451,0.00000410
137,962,99,1560095,20180217,7073,0.00000384
138,969,100,1560095,20180224,7502,0.00000405
139,976,101,1560095,20180303,8347,0.00000451
140,983,102,1560095,20180310,37215,0.00002023
141,990,103,1560095,20180317,13535,0.00000749
142,997,104,1560095,20180324,8611,0.00000487
143,1004,105,1560095,20180331,8541,0.00000476
144,1011,106,1560095,20180407,25768,0.00001414
145,1018,107,1560095,20180414,12756,0.00000711
146,1025,108,1560095,20180421,22323,0.00001254
147,1032,109,1560095,20180428,10284,0.00000596
148,1039,110,1560095,20180505,12562,0.00000725
149,1046,111,1560095,20180512,11002,0.00000627
150,1053,112,1560095,20180519,11751,0.00000654
151,1060,113,1560095,20180526,17088,0.00000988
152,1067,114,1560095,20180602,75748,0.00004401
153,1074,115,1560095,20180609,27654,0.00001619
154,1081,116,1560095,20180616,9632,0.00000571
155,1088,117,1560095,20180623,8571,0.00000511
1,5,-37,26276416,20150706,10549,0.00000602
2,12,-36,26276416,20150713,11358,0.00000657
3,19,-35,26276416,20150720,10271,0.00000591
4,26,-34,26276416,20150727,11043,0.00000637
5,33,-33,26276416,20150803,9551,0.00000562
6,40,-32,26276416,20150810,10249,0.00000596
7,47,-31,26276416,20150817,9051,0.00000518
8,54,-30,26276416,20150824,12335,0.00000710
9,61,-29,26276416,20150831,9254,0.00000519
10,68,-28,26276416,20150907,9980,0.00000534
11,75,-27,26276416,20150914,9114,0.00000518
12,82,-26,26276416,20150921,8968,0.00000517
13,89,-25,26276416,20150928,9551,0.00000558
14,96,-24,26276416,20151005,15361,0.00000878
15,103,-23,26276416,20151012,10572,0.00000600
16,110,-22,26276416,20151019,55209,0.00003095
17,117,-21,26276416,20151026,18951,0.00001079
18,124,-20,26276416,20151102,11439,0.00000646
19,131,-19,26276416,20151109,9892,0.00000564
20,138,-18,26276416,20151116,12891,0.00000732
21,145,-17,26276416,20151123,11996,0.00000695
22,152,-16,26276416,20151130,9459,0.00000539
23,159,-15,26276416,20151207,8744,0.00000491
24,166,-14,26276416,20151214,9572,0.00000572
25,173,-13,26276416,20151221,10721,0.00000684
26,180,-12,26276416,20151228,9555,0.00000554
27,187,-11,26276416,20160104,12213,0.00000670
28,194,-10,26276416,20160111,13637,0.00000733
29,201,-9,26276416,20160118,8727,0.00000470
30,208,-8,26276416,20160125,8946,0.00000483
31,215,-7,26276416,20160201,10044,0.00000547
32,222,-6,26276416,20160208,14550,0.00000806
33,229,-5,26276416,20160215,25043,0.00001363
34,236,-4,26276416,20160222,11039,0.00000610
35,243,-3,26276416,20160229,9594,0.00000521
36,250,-2,26276416,20160307,11919,0.00000680
37,257,-1,26276416,20160314,10169,0.00000597
38,264,0,26276416,20160321,817740,0.00049115
39,271,1,26276416,20160328,206682,0.00012088
40,278,2,26276416,20160404,46387,0.00002656
41,285,3,26276416,20160411,20887,0.00001211
42,292,4,26276416,20160418,18542,0.00001058
43,299,5,26276416,20160425,17053,0.00000991
44,306,6,26276416,20160502,13713,0.00000803
45,313,7,26276416,20160509,13526,0.00000788
46,320,8,26276416,20160516,14568,0.00000840
47,327,9,26276416,20160523,14892,0.00000885
48,334,10,26276416,20160530,13509,0.00000792
49,341,11,26276416,20160606,15111,0.00000896
50,348,12,26276416,20160613,14471,0.00000856
51,355,13,26276416,20160620,13296,0.00000790
52,362,14,26276416,20160627,21199,0.00001255
53,369,15,26276416,20160704,15536,0.00000921
54,376,16,26276416,20160711,13225,0.00000799
55,383,17,26276416,20160718,10546,0.00000578
56,390,18,26276416,20160725,9317,0.00000474
57,397,19,26276416,20160801,9102,0.00000477
58,404,20,26276416,20160808,9901,0.00000504
59,411,21,26276416,20160815,9002,0.00000504
60,418,22,26276416,20160822,9794,0.00000557
61,425,23,26276416,20160829,9674,0.00000549
62,432,24,26276416,20160905,11134,0.00000634
63,439,25,26276416,20160912,10893,0.00000618
64,446,26,26276416,20160919,10695,0.00000602
65,453,27,26276416,20160926,18203,0.00001043
66,460,28,26276416,20161003,24910,0.00001398
67,467,29,26276416,20161010,15197,0.00000849
68,474,30,26276416,20161017,10952,0.00000609
69,481,31,26276416,20161024,11319,0.00000644
70,488,32,26276416,20161031,11229,0.00000613
71,495,33,26276416,20161107,11102,0.00000585
72,502,34,26276416,20161114,10924,0.00000583
73,509,35,26276416,20161121,10877,0.00000599
74,516,36,26276416,20161128,12481,0.00000672
75,523,37,26276416,20161205,12604,0.00000679
76,530,38,26276416,20161212,16303,0.00000921
77,537,39,26276416,20161219,12752,0.00000732
78,544,40,26276416,20161226,25650,0.00001389
79,551,41,26276416,20170102,17780,0.00000904
80,558,42,26276416,20170109,14429,0.00000733
81,565,43,26276416,20170116,12158,0.00000612
82,572,44,26276416,20170123,9864,0.00000496
83,579,45,26276416,20170130,10256,0.00000527
84,586,46,26276416,20170206,12182,0.00000624
85,593,47,26276416,20170213,11315,0.00000594
86,600,48,26276416,20170220,12269,0.00000637
87,607,49,26276416,20170227,11473,0.00000597
88,614,50,26276416,20170306,10987,0.00000581
89,621,51,26276416,20170313,11487,0.00000611
90,628,52,26276416,20170320,36296,0.00001976
91,635,53,26276416,20170327,15503,0.00000876
92,642,54,26276416,20170403,10386,0.00000586
93,649,55,26276416,20170410,10458,0.00000598
94,656,56,26276416,20170417,12766,0.00000704
95,663,57,26276416,20170424,29973,0.00001688
96,670,58,26276416,20170501,14534,0.00000810
97,677,59,26276416,20170508,14559,0.00000826
98,684,60,26276416,20170515,13979,0.00000791
99,691,61,26276416,20170522,20068,0.00001151
100,698,62,26276416,20170529,15930,0.00000908
101,705,63,26276416,20170605,12681,0.00000740
102,712,64,26276416,20170612,11926,0.00000717
103,719,65,26276416,20170619,12329,0.00000750
104,726,66,26276416,20170626,10688,0.00000667
105,733,67,26276416,20170703,9608,0.00000589
106,740,68,26276416,20170710,9611,0.00000578
107,747,69,26276416,20170717,9538,0.00000573
108,754,70,26276416,20170724,10665,0.00000648
109,761,71,26276416,20170731,12910,0.00000800
110,768,72,26276416,20170807,11772,0.00000722
111,775,73,26276416,20170814,11354,0.00000697
112,782,74,26276416,20170821,10861,0.00000669
113,789,75,26276416,20170828,11589,0.00000718
114,796,76,26276416,20170904,12167,0.00000733
115,803,77,26276416,20170911,11765,0.00000715
116,810,78,26276416,20170918,9663,0.00000573
117,817,79,26276416,20170925,11507,0.00000698
118,824,80,26276416,20171002,11910,0.00000705
119,831,81,26276416,20171009,12870,0.00000749
120,838,82,26276416,20171016,11095,0.00000652
121,845,83,26276416,20171023,12081,0.00000699
122,852,84,26276416,20171030,10693,0.00000617
123,859,85,26276416,20171106,10557,0.00000605
124,866,86,26276416,20171113,9753,0.00000556
125,873,87,26276416,20171120,9621,0.00000558
126,880,88,26276416,20171127,10774,0.00000619
127,887,89,26276416,20171204,12833,0.00000730
128,894,90,26276416,20171211,12364,0.00000727
129,901,91,26276416,20171218,12772,0.00000795
130,908,92,26276416,20171225,12095,0.00000712
131,915,93,26276416,20180101,11849,0.00000634
132,922,94,26276416,20180108,14358,0.00000759
133,929,95,26276416,20180115,11980,0.00000627
134,936,96,26276416,20180122,13104,0.00000698
135,943,97,26276416,20180129,10939,0.00000592
136,950,98,26276416,20180205,12985,0.00000703
137,957,99,26276416,20180212,11058,0.00000610
138,964,100,26276416,20180219,14625,0.00000789
139,971,101,26276416,20180226,13027,0.00000705
140,978,102,26276416,20180305,12527,0.00000681
141,985,103,26276416,20180312,13483,0.00000733
142,992,104,26276416,20180319,26241,0.00001463
143,999,105,26276416,20180326,15947,0.00000902
144,1006,106,26276416,20180402,17319,0.00000954
145,1013,107,26276416,20180409,14479,0.00000797
146,1020,108,26276416,20180416,14927,0.00000841
147,1027,109,26276416,20180423,24245,0.00001371
148,1034,110,26276416,20180430,19586,0.00001137
149,1041,111,26276416,20180507,18290,0.00001050
150,1048,112,26276416,20180514,15625,0.00000869
151,1055,113,26276416,20180521,16644,0.00000953
152,1062,114,26276416,20180528,21553,0.00001250
153,1069,115,26276416,20180604,19949,0.00001151
154,1076,116,26276416,20180611,27295,0.00001614
155,1083,117,26276416,20180618,32231,0.00001900
156,1090,118,26276416,20180625,40405,0.00002415
1,5,-37,635632,20150706,5282,0.00000301
2,12,-36,635632,20150713,6557,0.00000379
3,19,-35,635632,20150720,4336,0.00000249
4,26,-34,635632,20150727,3736,0.00000216
5,33,-33,635632,20150803,3850,0.00000226
6,40,-32,635632,20150810,3269,0.00000190
7,47,-31,635632,20150817,3232,0.00000185
8,54,-30,635632,20150824,3289,0.00000189
9,61,-29,635632,20150831,4136,0.00000232
10,68,-28,635632,20150907,3394,0.00000182
11,75,-27,635632,20150914,3309,0.00000188
12,82,-26,635632,20150921,3291,0.00000190
13,89,-25,635632,20150928,2830,0.00000165
14,96,-24,635632,20151005,2962,0.00000169
15,103,-23,635632,20151012,3008,0.00000171
16,110,-22,635632,20151019,5820,0.00000326
17,117,-21,635632,20151026,3203,0.00000182
18,124,-20,635632,20151102,4290,0.00000242
19,131,-19,635632,20151109,3406,0.00000194
20,138,-18,635632,20151116,3340,0.00000190
21,145,-17,635632,20151123,4172,0.00000242
22,152,-16,635632,20151130,2979,0.00000170
23,159,-15,635632,20151207,3390,0.00000191
24,166,-14,635632,20151214,3709,0.00000222
25,173,-13,635632,20151221,3976,0.00000254
26,180,-12,635632,20151228,4925,0.00000285
27,187,-11,635632,20160104,4117,0.00000226
28,194,-10,635632,20160111,8732,0.00000469
29,201,-9,635632,20160118,16155,0.00000869
30,208,-8,635632,20160125,10800,0.00000583
31,215,-7,635632,20160201,7485,0.00000407
32,222,-6,635632,20160208,11330,0.00000627
33,229,-5,635632,20160215,5974,0.00000325
34,236,-4,635632,20160222,4447,0.00000246
35,243,-3,635632,20160229,6150,0.00000334
36,250,-2,635632,20160307,4242,0.00000242
37,257,-1,635632,20160314,4322,0.00000254
38,264,0,635632,20160321,1332381,0.00080025
39,271,1,635632,20160328,212240,0.00012413
40,278,2,635632,20160404,52605,0.00003011
41,285,3,635632,20160411,54898,0.00003182
42,292,4,635632,20160418,48577,0.00002772
43,299,5,635632,20160425,35921,0.00002088
44,306,6,635632,20160502,23770,0.00001392
45,313,7,635632,20160509,19057,0.00001111
46,320,8,635632,20160516,16844,0.00000972
47,327,9,635632,20160523,15640,0.00000930
48,334,10,635632,20160530,13536,0.00000794
49,341,11,635632,20160606,17395,0.00001031
50,348,12,635632,20160613,12795,0.00000757
51,355,13,635632,20160620,12705,0.00000755
52,362,14,635632,20160627,14707,0.00000871
53,369,15,635632,20160704,16207,0.00000961
54,376,16,635632,20160711,15279,0.00000924
55,383,17,635632,20160718,13060,0.00000716
56,390,18,635632,20160725,16095,0.00000819
57,397,19,635632,20160801,11685,0.00000613
58,404,20,635632,20160808,13118,0.00000667
59,411,21,635632,20160815,13805,0.00000773
60,418,22,635632,20160822,15992,0.00000910
61,425,23,635632,20160829,21916,0.00001244
62,432,24,635632,20160905,17315,0.00000985
63,439,25,635632,20160912,15012,0.00000851
64,446,26,635632,20160919,150469,0.00008466
65,453,27,635632,20160926,24460,0.00001401
66,460,28,635632,20161003,20917,0.00001174
67,467,29,635632,20161010,18206,0.00001017
68,474,30,635632,20161017,11199,0.00000623
69,481,31,635632,20161024,10271,0.00000585
70,488,32,635632,20161031,11537,0.00000630
71,495,33,635632,20161107,16294,0.00000858
72,502,34,635632,20161114,12567,0.00000670
73,509,35,635632,20161121,12452,0.00000686
74,516,36,635632,20161128,16865,0.00000908
75,523,37,635632,20161205,34093,0.00001838
76,530,38,635632,20161212,23154,0.00001308
77,537,39,635632,20161219,31756,0.00001824
78,544,40,635632,20161226,141885,0.00007681
79,551,41,635632,20170102,26563,0.00001350
80,558,42,635632,20170109,12649,0.00000643
81,565,43,635632,20170116,12352,0.00000622
82,572,44,635632,20170123,10578,0.00000532
83,579,45,635632,20170130,13294,0.00000683
84,586,46,635632,20170206,9236,0.00000473
85,593,47,635632,20170213,9132,0.00000479
86,600,48,635632,20170220,9702,0.00000503
87,607,49,635632,20170227,14602,0.00000760
88,614,50,635632,20170306,10392,0.00000550
89,621,51,635632,20170313,9248,0.00000492
90,628,52,635632,20170320,60538,0.00003296
91,635,53,635632,20170327,29982,0.00001693
92,642,54,635632,20170403,16437,0.00000928
93,649,55,635632,20170410,13514,0.00000773
94,656,56,635632,20170417,9226,0.00000509
95,663,57,635632,20170424,10489,0.00000591
96,670,58,635632,20170501,9463,0.00000527
97,677,59,635632,20170508,9733,0.00000552
98,684,60,635632,20170515,10578,0.00000599
99,691,61,635632,20170522,6867,0.00000394
100,698,62,635632,20170529,7171,0.00000409
101,705,63,635632,20170605,7415,0.00000433
102,712,64,635632,20170612,6383,0.00000384
103,719,65,635632,20170619,11622,0.00000707
104,726,66,635632,20170626,13338,0.00000832
105,733,67,635632,20170703,10383,0.00000636
106,740,68,635632,20170710,10311,0.00000620
107,747,69,635632,20170717,8418,0.00000506
108,754,70,635632,20170724,7070,0.00000429
109,761,71,635632,20170731,7154,0.00000443
110,768,72,635632,20170807,10430,0.00000640
111,775,73,635632,20170814,11780,0.00000723
112,782,74,635632,20170821,7301,0.00000449
113,789,75,635632,20170828,7232,0.00000448
114,796,76,635632,20170904,7435,0.00000448
115,803,77,635632,20170911,6080,0.00000369
116,810,78,635632,20170918,6651,0.00000395
117,817,79,635632,20170925,6871,0.00000417
118,824,80,635632,20171002,17877,0.00001058
119,831,81,635632,20171009,10912,0.00000635
120,838,82,635632,20171016,9001,0.00000529
121,845,83,635632,20171023,7942,0.00000459
122,852,84,635632,20171030,8400,0.00000485
123,859,85,635632,20171106,11815,0.00000677
124,866,86,635632,20171113,9630,0.00000549
125,873,87,635632,20171120,8277,0.00000480
126,880,88,635632,20171127,9973,0.00000573
127,887,89,635632,20171204,7004,0.00000398
128,894,90,635632,20171211,9841,0.00000578
129,901,91,635632,20171218,6364,0.00000396
130,908,92,635632,20171225,7304,0.00000430
131,915,93,635632,20180101,17327,0.00000927
132,922,94,635632,20180108,46375,0.00002450
133,929,95,635632,20180115,48933,0.00002560
134,936,96,635632,20180122,37741,0.00002009
135,943,97,635632,20180129,32470,0.00001758
136,950,98,635632,20180205,23500,0.00001272
137,957,99,635632,20180212,21327,0.00001176
138,964,100,635632,20180219,22410,0.00001209
139,971,101,635632,20180226,27976,0.00001515
140,978,102,635632,20180305,25659,0.00001394
141,985,103,635632,20180312,30275,0.00001646
142,992,104,635632,20180319,79121,0.00004412
143,999,105,635632,20180326,337272,0.00019086
144,1006,106,635632,20180402,117062,0.00006451
145,1013,107,635632,20180409,47586,0.00002619
146,1020,108,635632,20180416,45750,0.00002576
147,1027,109,635632,20180423,29614,0.00001674
148,1034,110,635632,20180430,17184,0.00000997
149,1041,111,635632,20180507,16015,0.00000919
150,1048,112,635632,20180514,13811,0.00000768
151,1055,113,635632,20180521,12648,0.00000724
152,1062,114,635632,20180528,16133,0.00000935
153,1069,115,635632,20180604,14431,0.00000833
154,1076,116,635632,20180611,14556,0.00000861
155,1083,117,635632,20180618,14651,0.00000864
156,1090,118,635632,20180625,21024,0.00001256
0,3,-39,575345,20150704,9846,0.00000567
1,10,-38,575345,20150711,10854,0.00000624
2,17,-37,575345,20150718,10186,0.00000590
3,24,-36,575345,20150725,14345,0.00000820
4,31,-35,575345,20150801,12092,0.00000717
5,38,-34,575345,20150808,11088,0.00000645
6,45,-33,575345,20150815,10976,0.00000630
7,52,-32,575345,20150822,9970,0.00000572
8,59,-31,575345,20150829,16330,0.00000929
9,66,-30,575345,20150905,11846,0.00000638
10,73,-29,575345,20150912,11408,0.00000636
11,80,-28,575345,20150919,17586,0.00001006
12,87,-27,575345,20150926,10836,0.00000632
13,94,-26,575345,20151003,10229,0.00000587
14,101,-25,575345,20151010,11880,0.00000675
15,108,-24,575345,20151017,15441,0.00000869
16,115,-23,575345,20151024,20541,0.00001164
17,122,-22,575345,20151031,12037,0.00000684
18,129,-21,575345,20151107,11164,0.00000635
19,136,-20,575345,20151114,9953,0.00000565
20,143,-19,575345,20151121,9881,0.00000577
21,150,-18,575345,20151128,13420,0.00000758
22,157,-17,575345,20151205,12023,0.00000678
23,164,-16,575345,20151212,19911,0.00001162
24,171,-15,575345,20151219,15160,0.00000977
25,178,-14,575345,20151226,25156,0.00001514
26,185,-13,575345,20160102,18345,0.00001001
27,192,-12,575345,20160109,17587,0.00000943
28,199,-11,575345,20160116,14982,0.00000810
29,206,-10,575345,20160123,13240,0.00000713
30,213,-9,575345,20160130,14820,0.00000800
31,220,-8,575345,20160206,14593,0.00000806
32,227,-7,575345,20160213,18078,0.00000989
33,234,-6,575345,20160220,12572,0.00000689
34,241,-5,575345,20160227,15352,0.00000838
35,248,-4,575345,20160305,18924,0.00001064
36,255,-3,575345,20160312,12472,0.00000726
37,262,-2,575345,20160319,13889,0.00000838
38,269,-1,575345,20160326,1454970,0.00085250
39,276,0,575345,20160402,123255,0.00007095
40,283,1,575345,20160409,50154,0.00002879
41,290,2,575345,20160416,40461,0.00002333
42,297,3,575345,20160423,25524,0.00001467
43,304,4,575345,20160430,21643,0.00001268
44,311,5,575345,20160507,27252,0.00001595
45,318,6,575345,20160514,18215,0.00001055
46,325,7,575345,20160521,16608,0.00000973
47,332,8,575345,20160528,17772,0.00001054
48,339,9,575345,20160604,14156,0.00000838
49,346,10,575345,20160611,24563,0.00001443
50,353,11,575345,20160618,16608,0.00000991
51,360,12,575345,20160625,15144,0.00000894
52,367,13,575345,20160702,15234,0.00000907
53,374,14,575345,20160709,14765,0.00000883
54,381,15,575345,20160716,15927,0.00000919
55,388,16,575345,20160723,14480,0.00000738
56,395,17,575345,20160730,15990,0.00000834
57,402,18,575345,20160806,19707,0.00001008
58,409,19,575345,20160813,18728,0.00001016
59,416,20,575345,20160820,16810,0.00000955
60,423,21,575345,20160827,20130,0.00001140
61,430,22,575345,20160903,15055,0.00000865
62,437,23,575345,20160910,17620,0.00000994
63,444,24,575345,20160917,39476,0.00002210
64,451,25,575345,20160924,15443,0.00000886
65,458,26,575345,20161001,17798,0.00001003
66,465,27,575345,20161008,15245,0.00000857
67,472,28,575345,20161015,21313,0.00001179
68,479,29,575345,20161022,18082,0.00001022
69,486,30,575345,20161029,16217,0.00000905
70,493,31,575345,20161105,14114,0.00000750
71,500,32,575345,20161112,15826,0.00000833
72,507,33,575345,20161119,17626,0.00000980
73,514,34,575345,20161126,16490,0.00000885
74,521,35,575345,20161203,18438,0.00000986
75,528,36,575345,20161210,26629,0.00001491
76,535,37,575345,20161217,36935,0.00002101
77,542,38,575345,20161224,61164,0.00003358
78,549,39,575345,20161231,48841,0.00002567
79,556,40,575345,20170107,21959,0.00001114
80,563,41,575345,20170114,16705,0.00000840
81,570,42,575345,20170121,17142,0.00000864
82,577,43,575345,20170128,22725,0.00001157
83,584,44,575345,20170204,15518,0.00000795
84,591,45,575345,20170211,16133,0.00000842
85,598,46,575345,20170218,30474,0.00001591
86,605,47,575345,20170225,58112,0.00002996
87,612,48,575345,20170304,15452,0.00000818
88,619,49,575345,20170311,17541,0.00000938
89,626,50,575345,20170318,14880,0.00000794
90,633,51,575345,20170325,19356,0.00001082
91,640,52,575345,20170401,32166,0.00001818
92,647,53,575345,20170408,25560,0.00001466
93,654,54,575345,20170415,16454,0.00000913
94,661,55,575345,20170422,38354,0.00002142
95,668,56,575345,20170429,15204,0.00000851
96,675,57,575345,20170506,13863,0.00000781
97,682,58,575345,20170513,17086,0.00000969
98,689,59,575345,20170520,15624,0.00000884
99,696,60,575345,20170527,13125,0.00000753
100,703,61,575345,20170603,15053,0.00000877
101,710,62,575345,20170610,13222,0.00000789
102,717,63,575345,20170617,11675,0.00000708
103,724,64,575345,20170624,13590,0.00000846
104,731,65,575345,20170701,16238,0.00001005
105,738,66,575345,20170708,15690,0.00000945
106,745,67,575345,20170715,17595,0.00001062
107,752,68,575345,20170722,14964,0.00000899
108,759,69,575345,20170729,13356,0.00000825
109,766,70,575345,20170805,14865,0.00000915
110,773,71,575345,20170812,13778,0.00000849
111,780,72,575345,20170819,18476,0.00001133
112,787,73,575345,20170826,17224,0.00001069
113,794,74,575345,20170902,15033,0.00000907
114,801,75,575345,20170909,12429,0.00000759
115,808,76,575345,20170916,16630,0.00000985
116,815,77,575345,20170923,13505,0.00000811
117,822,78,575345,20170930,12215,0.00000735
118,829,79,575345,20171007,13030,0.00000759
119,836,80,575345,20171014,13401,0.00000789
120,843,81,575345,20171021,18750,0.00001085
121,850,82,575345,20171028,58056,0.00003367
122,857,83,575345,20171104,52927,0.00003028
123,864,84,575345,20171111,33618,0.00001916
124,871,85,575345,20171118,28600,0.00001662
125,878,86,575345,20171125,22534,0.00001280
126,885,87,575345,20171202,15958,0.00000915
127,892,88,575345,20171209,23677,0.00001373
128,899,89,575345,20171216,24189,0.00001484
129,906,90,575345,20171223,23400,0.00001415
130,913,91,575345,20171230,23320,0.00001294
131,920,92,575345,20180106,21348,0.00001125
132,927,93,575345,20180113,21389,0.00001105
133,934,94,575345,20180120,19346,0.00001033
134,941,95,575345,20180127,15844,0.00000854
135,948,96,575345,20180203,14925,0.00000808
136,955,97,575345,20180210,13839,0.00000762
137,962,98,575345,20180217,13862,0.00000752
138,969,99,575345,20180224,15434,0.00000834
139,976,100,575345,20180303,16506,0.00000892
140,983,101,575345,20180310,13328,0.00000724
141,990,102,575345,20180317,15358,0.00000849
142,997,103,575345,20180324,19997,0.00001130
143,1004,104,575345,20180331,16671,0.00000930
144,1011,105,575345,20180407,18422,0.00001011
145,1018,106,575345,20180414,14430,0.00000804
146,1025,107,575345,20180421,11679,0.00000656
147,1032,108,575345,20180428,12746,0.00000738
148,1039,109,575345,20180505,11894,0.00000686
149,1046,110,575345,20180512,12043,0.00000687
150,1053,111,575345,20180519,12856,0.00000715
151,1060,112,575345,20180526,12982,0.00000751
152,1067,113,575345,20180602,14240,0.00000827
153,1074,114,575345,20180609,12652,0.00000741
154,1081,115,575345,20180616,11064,0.00000656
155,1088,116,575345,20180623,12628,0.00000753
1,5,-38,407372,20150706,3946,0.00000225
2,12,-37,407372,20150713,2679,0.00000155
3,19,-36,407372,20150720,3395,0.00000195
4,26,-35,407372,20150727,3054,0.00000176
5,33,-34,407372,20150803,3626,0.00000213
6,40,-33,407372,20150810,3365,0.00000196
7,47,-32,407372,20150817,3501,0.00000201
8,54,-31,407372,20150824,3371,0.00000194
9,61,-30,407372,20150831,2963,0.00000166
10,68,-29,407372,20150907,2923,0.00000156
11,75,-28,407372,20150914,2579,0.00000146
12,82,-27,407372,20150921,2436,0.00000140
13,89,-26,407372,20150928,2846,0.00000166
14,96,-25,407372,20151005,3193,0.00000182
15,103,-24,407372,20151012,3912,0.00000222
16,110,-23,407372,20151019,2522,0.00000141
17,117,-22,407372,20151026,2585,0.00000147
18,124,-21,407372,20151102,2785,0.00000157
19,131,-20,407372,20151109,3011,0.00000172
20,138,-19,407372,20151116,3447,0.00000196
21,145,-18,407372,20151123,2881,0.00000167
22,152,-17,407372,20151130,4655,0.00000265
23,159,-16,407372,20151207,3452,0.00000194
24,166,-15,407372,20151214,5806,0.00000347
25,173,-14,407372,20151221,8939,0.00000570
26,180,-13,407372,20151228,47748,0.00002766
27,187,-12,407372,20160104,7371,0.00000405
28,194,-11,407372,20160111,5123,0.00000275
29,201,-10,407372,20160118,7751,0.00000417
30,208,-9,407372,20160125,7817,0.00000422
31,215,-8,407372,20160201,8075,0.00000439
32,222,-7,407372,20160208,3191,0.00000177
33,229,-6,407372,20160215,3380,0.00000184
34,236,-5,407372,20160222,3824,0.00000211
35,243,-4,407372,20160229,4516,0.00000245
36,250,-3,407372,20160307,4331,0.00000247
37,257,-2,407372,20160314,3834,0.00000225
38,264,-1,407372,20160321,2974,0.00000179
39,271,0,407372,20160328,509563,0.00029801
40,278,1,407372,20160404,48173,0.00002758
41,285,2,407372,20160411,14764,0.00000856
42,292,3,407372,20160418,40306,0.00002300
43,299,4,407372,20160425,8848,0.00000514
44,306,5,407372,20160502,5551,0.00000325
45,313,6,407372,20160509,4468,0.00000260
46,320,7,407372,20160516,4244,0.00000245
47,327,8,407372,20160523,3698,0.00000220
48,334,9,407372,20160530,4199,0.00000246
49,341,10,407372,20160606,4348,0.00000258
50,348,11,407372,20160613,3616,0.00000214
51,355,12,407372,20160620,3167,0.00000188
52,362,13,407372,20160627,4183,0.00000248
53,369,14,407372,20160704,4420,0.00000262
54,376,15,407372,20160711,3731,0.00000226
55,383,16,407372,20160718,4229,0.00000232
56,390,17,407372,20160725,3784,0.00000192
57,397,18,407372,20160801,3898,0.00000204
58,404,19,407372,20160808,3530,0.00000180
59,411,20,407372,20160815,3855,0.00000216
60,418,21,407372,20160822,5218,0.00000297
61,425,22,407372,20160829,5394,0.00000306
62,432,23,407372,20160905,5144,0.00000293
63,439,24,407372,20160912,4196,0.00000238
64,446,25,407372,20160919,5526,0.00000311
65,453,26,407372,20160926,4574,0.00000262
66,460,27,407372,20161003,4547,0.00000255
67,467,28,407372,20161010,4171,0.00000233
68,474,29,407372,20161017,4270,0.00000238
69,481,30,407372,20161024,5990,0.00000341
70,488,31,407372,20161031,5768,0.00000315
71,495,32,407372,20161107,9656,0.00000509
72,502,33,407372,20161114,6613,0.00000353
73,509,34,407372,20161121,5695,0.00000314
74,516,35,407372,20161128,6255,0.00000337
75,523,36,407372,20161205,6821,0.00000368
76,530,37,407372,20161212,11800,0.00000667
77,537,38,407372,20161219,11909,0.00000684
78,544,39,407372,20161226,22889,0.00001239
79,551,40,407372,20170102,8674,0.00000441
80,558,41,407372,20170109,5909,0.00000300
81,565,42,407372,20170116,5100,0.00000257
82,572,43,407372,20170123,4563,0.00000229
83,579,44,407372,20170130,3180,0.00000163
84,586,45,407372,20170206,3480,0.00000178
85,593,46,407372,20170213,3772,0.00000198
86,600,47,407372,20170220,3699,0.00000192
87,607,48,407372,20170227,5469,0.00000285
88,614,49,407372,20170306,3611,0.00000191
89,621,50,407372,20170313,3576,0.00000190
90,628,51,407372,20170320,4623,0.00000252
91,635,52,407372,20170327,13139,0.00000742
92,642,53,407372,20170403,31301,0.00001767
93,649,54,407372,20170410,5724,0.00000327
94,656,55,407372,20170417,4515,0.00000249
95,663,56,407372,20170424,4203,0.00000237
96,670,57,407372,20170501,6828,0.00000380
97,677,58,407372,20170508,7445,0.00000423
98,684,59,407372,20170515,6536,0.00000370
99,691,60,407372,20170522,3516,0.00000202
100,698,61,407372,20170529,5247,0.00000299
101,705,62,407372,20170605,33096,0.00001932
102,712,63,407372,20170612,6050,0.00000364
103,719,64,407372,20170619,3555,0.00000216
104,726,65,407372,20170626,3951,0.00000247
105,733,66,407372,20170703,4025,0.00000247
106,740,67,407372,20170710,4184,0.00000252
107,747,68,407372,20170717,3347,0.00000201
108,754,69,407372,20170724,3785,0.00000230
109,761,70,407372,20170731,3361,0.00000208
110,768,71,407372,20170807,3419,0.00000210
111,775,72,407372,20170814,13100,0.00000804
112,782,73,407372,20170821,5599,0.00000345
113,789,74,407372,20170828,3493,0.00000216
114,796,75,407372,20170904,3577,0.00000215
115,803,76,407372,20170911,2908,0.00000177
116,810,77,407372,20170918,3545,0.00000210
117,817,78,407372,20170925,3783,0.00000230
118,824,79,407372,20171002,3422,0.00000202
119,831,80,407372,20171009,3826,0.00000223
120,838,81,407372,20171016,3658,0.00000215
121,845,82,407372,20171023,3166,0.00000183
122,852,83,407372,20171030,3627,0.00000209
123,859,84,407372,20171106,4094,0.00000235
124,866,85,407372,20171113,4331,0.00000247
125,873,86,407372,20171120,3520,0.00000204
126,880,87,407372,20171127,5338,0.00000307
127,887,88,407372,20171204,7176,0.00000408
128,894,89,407372,20171211,6764,0.00000398
129,901,90,407372,20171218,15895,0.00000989
130,908,91,407372,20171225,9239,0.00000544
131,915,92,407372,20180101,35298,0.00001889
132,922,93,407372,20180108,5785,0.00000306
133,929,94,407372,20180115,4123,0.00000216
134,936,95,407372,20180122,4182,0.00000223
135,943,96,407372,20180129,3860,0.00000209
136,950,97,407372,20180205,3483,0.00000189
137,957,98,407372,20180212,4543,0.00000251
138,964,99,407372,20180219,3876,0.00000209
139,971,100,407372,20180226,5303,0.00000287
140,978,101,407372,20180305,7055,0.00000383
141,985,102,407372,20180312,4390,0.00000239
142,992,103,407372,20180319,3581,0.00000200
143,999,104,407372,20180326,4465,0.00000253
144,1006,105,407372,20180402,4575,0.00000252
145,1013,106,407372,20180409,3903,0.00000215
146,1020,107,407372,20180416,5240,0.00000295
147,1027,108,407372,20180423,4396,0.00000249
148,1034,109,407372,20180430,4304,0.00000250
149,1041,110,407372,20180507,2937,0.00000169
150,1048,111,407372,20180514,3799,0.00000211
151,1055,112,407372,20180521,3418,0.00000196
152,1062,113,407372,20180528,6309,0.00000366
153,1069,114,407372,20180604,3625,0.00000209
154,1076,115,407372,20180611,5231,0.00000309
155,1083,116,407372,20180618,15917,0.00000938
156,1090,117,407372,20180625,4357,0.00000260
1,5,-38,513402,20150706,6325,0.00000361
2,12,-37,513402,20150713,14248,0.00000824
3,19,-36,513402,20150720,8941,0.00000514
4,26,-35,513402,20150727,7671,0.00000443
5,33,-34,513402,20150803,6670,0.00000392
6,40,-33,513402,20150810,6753,0.00000393
7,47,-32,513402,20150817,6685,0.00000383
8,54,-31,513402,20150824,7385,0.00000425
9,61,-30,513402,20150831,7304,0.00000410
10,68,-29,513402,20150907,8867,0.00000474
11,75,-28,513402,20150914,8523,0.00000484
12,82,-27,513402,20150921,26687,0.00001538
13,89,-26,513402,20150928,11524,0.00000673
14,96,-25,513402,20151005,10306,0.00000589
15,103,-24,513402,20151012,8922,0.00000506
16,110,-23,513402,20151019,8435,0.00000473
17,117,-22,513402,20151026,9210,0.00000524
18,124,-21,513402,20151102,8819,0.00000498
19,131,-20,513402,20151109,9907,0.00000565
20,138,-19,513402,20151116,7999,0.00000454
21,145,-18,513402,20151123,8872,0.00000514
22,152,-17,513402,20151130,10434,0.00000594
23,159,-16,513402,20151207,8653,0.00000486
24,166,-15,513402,20151214,7878,0.00000471
25,173,-14,513402,20151221,9227,0.00000588
26,180,-13,513402,20151228,6505,0.00000377
27,187,-12,513402,20160104,7875,0.00000432
28,194,-11,513402,20160111,8751,0.00000470
29,201,-10,513402,20160118,8048,0.00000433
30,208,-9,513402,20160125,8200,0.00000442
31,215,-8,513402,20160201,10401,0.00000566
32,222,-7,513402,20160208,8861,0.00000491
33,229,-6,513402,20160215,13300,0.00000724
34,236,-5,513402,20160222,16251,0.00000898
35,243,-4,513402,20160229,9544,0.00000519
36,250,-3,513402,20160307,9378,0.00000535
37,257,-2,513402,20160314,8122,0.00000477
38,264,-1,513402,20160321,7405,0.00000445
39,271,0,513402,20160328,527789,0.00030867
40,278,1,513402,20160404,85579,0.00004899
41,285,2,513402,20160411,43163,0.00002502
42,292,3,513402,20160418,32880,0.00001876
43,299,4,513402,20160425,21485,0.00001249
44,306,5,513402,20160502,18327,0.00001073
45,313,6,513402,20160509,16466,0.00000960
46,320,7,513402,20160516,15216,0.00000878
47,327,8,513402,20160523,13652,0.00000811
48,334,9,513402,20160530,11882,0.00000697
49,341,10,513402,20160606,11787,0.00000699
50,348,11,513402,20160613,11758,0.00000696
51,355,12,513402,20160620,11578,0.00000688
52,362,13,513402,20160627,9214,0.00000546
53,369,14,513402,20160704,10360,0.00000614
54,376,15,513402,20160711,11498,0.00000695
55,383,16,513402,20160718,8966,0.00000492
56,390,17,513402,20160725,9189,0.00000467
57,397,18,513402,20160801,9098,0.00000477
58,404,19,513402,20160808,9097,0.00000463
59,411,20,513402,20160815,9191,0.00000515
60,418,21,513402,20160822,11281,0.00000642
61,425,22,513402,20160829,12996,0.00000738
62,432,23,513402,20160905,11501,0.00000654
63,439,24,513402,20160912,11321,0.00000642
64,446,25,513402,20160919,13194,0.00000742
65,453,26,513402,20160926,13399,0.00000768
66,460,27,513402,20161003,12479,0.00000701
67,467,28,513402,20161010,13803,0.00000771
68,474,29,513402,20161017,12062,0.00000671
69,481,30,513402,20161024,11877,0.00000676
70,488,31,513402,20161031,14062,0.00000768
71,495,32,513402,20161107,12162,0.00000641
72,502,33,513402,20161114,13035,0.00000695
73,509,34,513402,20161121,12570,0.00000692
74,516,35,513402,20161128,15274,0.00000822
75,523,36,513402,20161205,19203,0.00001035
76,530,37,513402,20161212,13532,0.00000764
77,537,38,513402,20161219,17458,0.00001003
78,544,39,513402,20161226,19091,0.00001034
79,551,40,513402,20170102,14520,0.00000738
80,558,41,513402,20170109,13353,0.00000679
81,565,42,513402,20170116,17186,0.00000865
82,572,43,513402,20170123,11792,0.00000593
83,579,44,513402,20170130,12436,0.00000639
84,586,45,513402,20170206,12512,0.00000641
85,593,46,513402,20170213,12715,0.00000667
86,600,47,513402,20170220,18125,0.00000940
87,607,48,513402,20170227,13288,0.00000692
88,614,49,513402,20170306,23006,0.00001217
89,621,50,513402,20170313,13244,0.00000705
90,628,51,513402,20170320,14929,0.00000813
91,635,52,513402,20170327,17232,0.00000973
92,642,53,513402,20170403,14220,0.00000803
93,649,54,513402,20170410,12332,0.00000705
94,656,55,513402,20170417,13088,0.00000721
95,663,56,513402,20170424,13643,0.00000768
96,670,57,513402,20170501,12049,0.00000671
97,677,58,513402,20170508,11456,0.00000650
98,684,59,513402,20170515,11993,0.00000679
99,691,60,513402,20170522,10367,0.00000595
100,698,61,513402,20170529,986160,0.00056240
101,705,62,513402,20170605,18700,0.00001092
102,712,63,513402,20170612,12372,0.00000744
103,719,64,513402,20170619,12312,0.00000749
104,726,65,513402,20170626,13176,0.00000822
105,733,66,513402,20170703,11149,0.00000683
106,740,67,513402,20170710,11454,0.00000689
107,747,68,513402,20170717,10369,0.00000623
108,754,69,513402,20170724,10737,0.00000652
109,761,70,513402,20170731,9508,0.00000589
110,768,71,513402,20170807,10263,0.00000630
111,775,72,513402,20170814,10116,0.00000621
112,782,73,513402,20170821,12146,0.00000748
113,789,74,513402,20170828,12616,0.00000782
114,796,75,513402,20170904,11465,0.00000691
115,803,76,513402,20170911,12664,0.00000769
116,810,77,513402,20170918,14132,0.00000838
117,817,78,513402,20170925,11950,0.00000725
118,824,79,513402,20171002,11899,0.00000704
119,831,80,513402,20171009,13295,0.00000774
120,838,81,513402,20171016,12946,0.00000760
121,845,82,513402,20171023,12562,0.00000727
122,852,83,513402,20171030,15144,0.00000874
123,859,84,513402,20171106,13147,0.00000753
124,866,85,513402,20171113,12925,0.00000737
125,873,86,513402,20171120,16023,0.00000929
126,880,87,513402,20171127,13325,0.00000766
127,887,88,513402,20171204,12734,0.00000724
128,894,89,513402,20171211,12377,0.00000728
129,901,90,513402,20171218,10258,0.00000638
130,908,91,513402,20171225,9669,0.00000569
131,915,92,513402,20180101,11209,0.00000600
132,922,93,513402,20180108,11728,0.00000620
133,929,94,513402,20180115,11893,0.00000622
134,936,95,513402,20180122,11211,0.00000597
135,943,96,513402,20180129,12198,0.00000660
136,950,97,513402,20180205,52086,0.00002819
137,957,98,513402,20180212,19318,0.00001065
138,964,99,513402,20180219,16823,0.00000908
139,971,100,513402,20180226,15631,0.00000847
140,978,101,513402,20180305,20005,0.00001087
141,985,102,513402,20180312,22446,0.00001220
142,992,103,513402,20180319,14551,0.00000811
143,999,104,513402,20180326,14246,0.00000806
144,1006,105,513402,20180402,13597,0.00000749
145,1013,106,513402,20180409,17572,0.00000967
146,1020,107,513402,20180416,18244,0.00001027
147,1027,108,513402,20180423,16261,0.00000919
148,1034,109,513402,20180430,16225,0.00000942
149,1041,110,513402,20180507,12187,0.00000699
150,1048,111,513402,20180514,11529,0.00000641
151,1055,112,513402,20180521,11389,0.00000652
152,1062,113,513402,20180528,10889,0.00000631
153,1069,114,513402,20180604,10252,0.00000592
154,1076,115,513402,20180611,12346,0.00000730
155,1083,116,513402,20180618,16005,0.00000944
156,1090,117,513402,20180625,11781,0.00000704
1,4,-39,169941,20150705,17513,0.00001006
2,11,-38,169941,20150712,10943,0.00000630
3,18,-37,169941,20150719,10675,0.00000615
4,25,-36,169941,20150726,12513,0.00000719
5,32,-35,169941,20150802,12079,0.00000714
6,39,-34,169941,20150809,11670,0.00000679
7,46,-33,169941,20150816,11600,0.00000666
8,53,-32,169941,20150823,11200,0.00000642
9,60,-31,169941,20150830,10867,0.00000615
10,67,-30,169941,20150906,14005,0.00000751
11,74,-29,169941,20150913,23268,0.00001311
12,81,-28,169941,20150920,10599,0.00000608
13,88,-27,169941,20150927,9502,0.00000555
14,95,-26,169941,20151004,8733,0.00000499
15,102,-25,169941,20151011,10343,0.00000589
16,109,-24,169941,20151018,11059,0.00000621
17,116,-23,169941,20151025,10058,0.00000571
18,123,-22,169941,20151101,9974,0.00000566
19,130,-21,169941,20151108,10007,0.00000570
20,137,-20,169941,20151115,9136,0.00000518
21,144,-19,169941,20151122,8042,0.00000467
22,151,-18,169941,20151129,14003,0.00000795
23,158,-17,169941,20151206,13885,0.00000781
24,165,-16,169941,20151213,13006,0.00000766
25,172,-15,169941,20151220,11755,0.00000752
26,179,-14,169941,20151227,11515,0.00000679
27,186,-13,169941,20160103,9582,0.00000527
28,193,-12,169941,20160110,10768,0.00000578
29,200,-11,169941,20160117,10121,0.00000546
30,207,-10,169941,20160124,11093,0.00000599
31,214,-9,169941,20160131,14446,0.00000782
32,221,-8,169941,20160207,9677,0.00000535
33,228,-7,169941,20160214,14473,0.00000791
34,235,-6,169941,20160221,10237,0.00000563
35,242,-5,169941,20160228,14707,0.00000800
36,249,-4,169941,20160306,11324,0.00000641
37,256,-3,169941,20160313,9556,0.00000558
38,263,-2,169941,20160320,9680,0.00000582
39,270,-1,169941,20160327,10593,0.00000621
40,277,0,169941,20160403,1010921,0.00058030
41,284,1,169941,20160410,171767,0.00009903
42,291,2,169941,20160417,61075,0.00003504
43,298,3,169941,20160424,37483,0.00002166
44,305,4,169941,20160501,49267,0.00002886
45,312,5,169941,20160508,23318,0.00001363
46,319,6,169941,20160515,18356,0.00001058
47,326,7,169941,20160522,18471,0.00001091
48,333,8,169941,20160529,17217,0.00001016
49,340,9,169941,20160605,16832,0.00000997
50,347,10,169941,20160612,13647,0.00000805
51,354,11,169941,20160619,12706,0.00000757
52,361,12,169941,20160626,12856,0.00000759
53,368,13,169941,20160703,11818,0.00000704
54,375,14,169941,20160710,11000,0.00000661
55,382,15,169941,20160717,15039,0.00000846
56,389,16,169941,20160724,11371,0.00000579
57,396,17,169941,20160731,15973,0.00000833
58,403,18,169941,20160807,11683,0.00000597
59,410,19,169941,20160814,12830,0.00000710
60,417,20,169941,20160821,12772,0.00000724
61,424,21,169941,20160828,19696,0.00001115
62,431,22,169941,20160904,15398,0.00000881
63,438,23,169941,20160911,12376,0.00000702
64,445,24,169941,20160918,15591,0.00000874
65,452,25,169941,20160925,13606,0.00000781
66,459,26,169941,20161002,11587,0.00000652
67,466,27,169941,20161009,11845,0.00000664
68,473,28,169941,20161016,13595,0.00000754
69,480,29,169941,20161023,12033,0.00000683
70,487,30,169941,20161030,23194,0.00001279
71,494,31,169941,20161106,16402,0.00000869
72,501,32,169941,20161113,18706,0.00000990
73,508,33,169941,20161120,26140,0.00001446
74,515,34,169941,20161127,30767,0.00001654
75,522,35,169941,20161204,25007,0.00001342
76,529,36,169941,20161211,16581,0.00000936
77,536,37,169941,20161218,16705,0.00000947
78,543,38,169941,20161225,27521,0.00001506
79,550,39,169941,20170101,20064,0.00001037
80,557,40,169941,20170108,15550,0.00000790
81,564,41,169941,20170115,15884,0.00000801
82,571,42,169941,20170122,13351,0.00000671
83,578,43,169941,20170129,12996,0.00000666
84,585,44,169941,20170205,14066,0.00000721
85,592,45,169941,20170212,19234,0.00001006
86,599,46,169941,20170219,17504,0.00000912
87,606,47,169941,20170226,19651,0.00001017
88,613,48,169941,20170305,20804,0.00001101
89,620,49,169941,20170312,19911,0.00001059
90,627,50,169941,20170319,16088,0.00000868
91,634,51,169941,20170326,15138,0.00000851
92,641,52,169941,20170402,29572,0.00001669
93,648,53,169941,20170409,16250,0.00000930
94,655,54,169941,20170416,12186,0.00000675
95,662,55,169941,20170423,13893,0.00000779
96,669,56,169941,20170430,13758,0.00000768
97,676,57,169941,20170507,12968,0.00000733
98,683,58,169941,20170514,12875,0.00000729
99,690,59,169941,20170521,12174,0.00000694
100,697,60,169941,20170528,11561,0.00000661
101,704,61,169941,20170604,15002,0.00000875
102,711,62,169941,20170611,14151,0.00000846
103,718,63,169941,20170618,12870,0.00000782
104,725,64,169941,20170625,25179,0.00001569
105,732,65,169941,20170702,16828,0.00001037
106,739,66,169941,20170709,12837,0.00000774
107,746,67,169941,20170716,12002,0.00000723
108,753,68,169941,20170723,11991,0.00000724
109,760,69,169941,20170730,13363,0.00000827
110,767,70,169941,20170806,19010,0.00001166
111,774,71,169941,20170813,14395,0.00000888
112,781,72,169941,20170820,11707,0.00000718
113,788,73,169941,20170827,12832,0.00000797
114,795,74,169941,20170903,13239,0.00000798
115,802,75,169941,20170910,13428,0.00000818
116,809,76,169941,20170917,11552,0.00000684
117,816,77,169941,20170924,11530,0.00000697
118,823,78,169941,20171001,12281,0.00000732
119,830,79,169941,20171008,12099,0.00000705
120,837,80,169941,20171015,11751,0.00000691
121,844,81,169941,20171022,11492,0.00000665
122,851,82,169941,20171029,11140,0.00000645
123,858,83,169941,20171105,13804,0.00000789
124,865,84,169941,20171112,11599,0.00000661
125,872,85,169941,20171119,14371,0.00000834
126,879,86,169941,20171126,11769,0.00000673
127,886,87,169941,20171203,12345,0.00000705
128,893,88,169941,20171210,13429,0.00000783
129,900,89,169941,20171217,11028,0.00000679
130,907,90,169941,20171224,11855,0.00000706
131,914,91,169941,20171231,21145,0.00001154
132,921,92,169941,20180107,15379,0.00000816
133,928,93,169941,20180114,12414,0.00000645
134,935,94,169941,20180121,12886,0.00000687
135,942,95,169941,20180128,15535,0.00000839
136,949,96,169941,20180204,12989,0.00000703
137,956,97,169941,20180211,11906,0.00000656
138,963,98,169941,20180218,11877,0.00000644
139,970,99,169941,20180225,12107,0.00000653
140,977,100,169941,20180304,13994,0.00000759
141,984,101,169941,20180311,14583,0.00000792
142,991,102,169941,20180318,12261,0.00000680
143,998,103,169941,20180325,18289,0.00001033
144,1005,104,169941,20180401,22843,0.00001269
145,1012,105,169941,20180408,17925,0.00000988
146,1019,106,169941,20180415,13252,0.00000740
147,1026,107,169941,20180422,16679,0.00000940
148,1033,108,169941,20180429,21660,0.00001254
149,1040,109,169941,20180506,14085,0.00000811
150,1047,110,169941,20180513,11858,0.00000667
151,1054,111,169941,20180520,12284,0.00000695
152,1061,112,169941,20180527,15266,0.00000884
153,1068,113,169941,20180603,13162,0.00000761
154,1075,114,169941,20180610,14224,0.00000839
155,1082,115,169941,20180617,11625,0.00000685
156,1089,116,169941,20180624,13503,0.00000807
0,1,-42,361885,20150702,9523,0.00000555
1,8,-41,361885,20150709,10427,0.00000596
2,15,-40,361885,20150716,8559,0.00000499
3,22,-39,361885,20150723,9282,0.00000528
4,29,-38,361885,20150730,8999,0.00000536
5,36,-37,361885,20150806,8857,0.00000514
6,43,-36,361885,20150813,11277,0.00000649
7,50,-35,361885,20150820,10293,0.00000588
8,57,-34,361885,20150827,10143,0.00000583
9,64,-33,361885,20150903,9278,0.00000502
10,71,-32,361885,20150910,8637,0.00000475
11,78,-31,361885,20150917,8424,0.00000482
12,85,-30,361885,20150924,8652,0.00000500
13,92,-29,361885,20151001,9294,0.00000540
14,99,-28,361885,20151008,8805,0.00000500
15,106,-27,361885,20151015,9068,0.00000514
16,113,-26,361885,20151022,9796,0.00000552
17,120,-25,361885,20151029,11749,0.00000670
18,127,-24,361885,20151105,14987,0.00000846
19,134,-23,361885,20151112,10972,0.00000625
20,141,-22,361885,20151119,13241,0.00000762
21,148,-21,361885,20151126,15709,0.00000898
22,155,-20,361885,20151203,14576,0.00000824
23,162,-19,361885,20151210,15853,0.00000907
24,169,-18,361885,20151217,15670,0.00000975
25,176,-17,361885,20151224,19628,0.00001218
26,183,-16,361885,20151231,9597,0.00000539
27,190,-15,361885,20160107,8551,0.00000460
28,197,-14,361885,20160114,9802,0.00000531
29,204,-13,361885,20160121,9893,0.00000531
30,211,-12,361885,20160128,9062,0.00000489
31,218,-11,361885,20160204,8925,0.00000489
32,225,-10,361885,20160211,8223,0.00000452
33,232,-9,361885,20160218,9013,0.00000492
34,239,-8,361885,20160225,9165,0.00000503
35,246,-7,361885,20160303,8331,0.00000462
36,253,-6,361885,20160310,8286,0.00000479
37,260,-5,361885,20160317,8402,0.00000503
38,267,-4,361885,20160324,9953,0.00000586
39,274,-3,361885,20160331,9254,0.00000538
40,281,-2,361885,20160407,8753,0.00000502
41,288,-1,361885,20160414,788863,0.00046059
42,295,0,361885,20160421,171495,0.00009733
43,302,1,361885,20160428,32976,0.00001923
44,309,2,361885,20160505,23022,0.00001347
45,316,3,361885,20160512,19596,0.00001139
46,323,4,361885,20160519,18349,0.00001065
47,330,5,361885,20160526,14668,0.00000873
48,337,6,361885,20160602,16158,0.00000954
49,344,7,361885,20160609,17739,0.00001042
50,351,8,361885,20160616,13970,0.00000834
51,358,9,361885,20160623,13543,0.00000804
52,365,10,361885,20160630,17578,0.00001036
53,372,11,361885,20160707,17509,0.00001047
54,379,12,361885,20160714,14645,0.00000881
55,386,13,361885,20160721,12861,0.00000661
56,393,14,361885,20160728,13650,0.00000701
57,400,15,361885,20160804,12456,0.00000648
58,407,16,361885,20160811,11589,0.00000604
59,414,17,361885,20160818,12213,0.00000698
60,421,18,361885,20160825,14106,0.00000798
61,428,19,361885,20160901,12400,0.00000713
62,435,20,361885,20160908,11587,0.00000656
63,442,21,361885,20160915,24984,0.00001410
64,449,22,361885,20160922,11371,0.00000644
65,456,23,361885,20160929,9207,0.00000523
66,463,24,361885,20161006,9241,0.00000522
67,470,25,361885,20161013,10264,0.00000566
68,477,26,361885,20161020,9561,0.00000537
69,484,27,361885,20161027,9493,0.00000540
70,491,28,361885,20161103,21976,0.00001174
71,498,29,361885,20161110,16431,0.00000861
72,505,30,361885,20161117,16771,0.00000911
73,512,31,361885,20161124,19463,0.00001059
74,519,32,361885,20161201,27539,0.00001482
75,526,33,361885,20161208,29175,0.00001599
76,533,34,361885,20161215,31101,0.00001763
77,540,35,361885,20161222,48964,0.00002785
78,547,36,361885,20161229,46149,0.00002437
79,554,37,361885,20170105,16192,0.00000822
80,561,38,361885,20170112,13156,0.00000663
81,568,39,361885,20170119,11349,0.00000573
82,575,40,361885,20170126,14320,0.00000721
83,582,41,361885,20170202,10803,0.00000555
84,589,42,361885,20170209,10619,0.00000550
85,596,43,361885,20170216,11151,0.00000582
86,603,44,361885,20170223,14094,0.00000727
87,610,45,361885,20170302,11365,0.00000601
88,617,46,361885,20170309,11140,0.00000594
89,624,47,361885,20170316,10018,0.00000531
90,631,48,361885,20170323,10327,0.00000574
91,638,49,361885,20170330,11675,0.00000660
92,645,50,361885,20170406,10268,0.00000587
93,652,51,361885,20170413,11840,0.00000663
94,659,52,361885,20170420,28825,0.00001601
95,666,53,361885,20170427,29322,0.00001645
96,673,54,361885,20170504,11724,0.00000656
97,680,55,361885,20170511,10570,0.00000603
98,687,56,361885,20170518,9196,0.00000512
99,694,57,361885,20170525,9845,0.00000566
100,701,58,361885,20170601,9607,0.00000562
101,708,59,361885,20170608,8911,0.00000525
102,715,60,361885,20170615,9777,0.00000591
103,722,61,361885,20170622,10651,0.00000660
104,729,62,361885,20170629,11174,0.00000696
105,736,63,361885,20170706,14041,0.00000846
106,743,64,361885,20170713,11670,0.00000708
107,750,65,361885,20170720,11736,0.00000700
108,757,66,361885,20170727,10865,0.00000668
109,764,67,361885,20170803,10760,0.00000665
110,771,68,361885,20170810,11732,0.00000723
111,778,69,361885,20170817,9456,0.00000578
112,785,70,361885,20170824,9810,0.00000606
113,792,71,361885,20170831,10866,0.00000662
114,799,72,361885,20170907,7967,0.00000486
115,806,73,361885,20170914,9468,0.00000564
116,813,74,361885,20170921,8936,0.00000534
117,820,75,361885,20170928,8304,0.00000502
118,827,76,361885,20171005,8757,0.00000512
119,834,77,361885,20171012,9686,0.00000568
120,841,78,361885,20171019,10029,0.00000582
121,848,79,361885,20171026,12219,0.00000715
122,855,80,361885,20171102,11151,0.00000635
123,862,81,361885,20171109,10466,0.00000598
124,869,82,361885,20171116,10868,0.00000621
125,876,83,361885,20171123,13675,0.00000787
126,883,84,361885,20171130,18799,0.00001092
127,890,85,361885,20171207,16095,0.00000917
128,897,86,361885,20171214,19630,0.00001184
129,904,87,361885,20171221,27575,0.00001726
130,911,88,361885,20171228,13673,0.00000768
131,918,89,361885,20180104,12675,0.00000669
132,925,90,361885,20180111,10924,0.00000570
133,932,91,361885,20180118,10192,0.00000538
134,939,92,361885,20180125,10135,0.00000542
135,946,93,361885,20180201,10222,0.00000555
136,953,94,361885,20180208,9638,0.00000528
137,960,95,361885,20180215,9016,0.00000492
138,967,96,361885,20180222,8791,0.00000473
139,974,97,361885,20180301,8618,0.00000466
140,981,98,361885,20180308,9164,0.00000498
141,988,99,361885,20180315,8742,0.00000483
142,995,100,361885,20180322,9197,0.00000516
143,1002,101,361885,20180329,9592,0.00000538
144,1009,102,361885,20180405,9352,0.00000514
145,1016,103,361885,20180412,10264,0.00000567
146,1023,104,361885,20180419,9238,0.00000521
147,1030,105,361885,20180426,8997,0.00000518
148,1037,106,361885,20180503,8713,0.00000504
149,1044,107,361885,20180510,8975,0.00000512
150,1051,108,361885,20180517,8708,0.00000481
151,1058,109,361885,20180524,9012,0.00000521
152,1065,110,361885,20180531,9232,0.00000541
153,1072,111,361885,20180607,8681,0.00000501
154,1079,112,361885,20180614,8645,0.00000512
155,1086,113,361885,20180621,8750,0.00000521
1,4,-41,690102,20150705,30493,0.00001751
2,11,-40,690102,20150712,27011,0.00001556
3,18,-39,690102,20150719,31426,0.00001812
4,25,-38,690102,20150726,36080,0.00002072
5,32,-37,690102,20150802,36893,0.00002182
6,39,-36,690102,20150809,41635,0.00002424
7,46,-35,690102,20150816,33026,0.00001895
8,53,-34,690102,20150823,35079,0.00002012
9,60,-33,690102,20150830,33766,0.00001910
10,67,-32,690102,20150906,27500,0.00001475
11,74,-31,690102,20150913,26193,0.00001476
12,81,-30,690102,20150920,26870,0.00001541
13,88,-29,690102,20150927,25681,0.00001499
14,95,-28,690102,20151004,25390,0.00001451
15,102,-27,690102,20151011,24216,0.00001378
16,109,-26,690102,20151018,23810,0.00001336
17,116,-25,690102,20151025,25451,0.00001444
18,123,-24,690102,20151101,24959,0.00001416
19,130,-23,690102,20151108,26062,0.00001486
20,137,-22,690102,20151115,26610,0.00001510
21,144,-21,690102,20151122,26901,0.00001563
22,151,-20,690102,20151129,30324,0.00001722
23,158,-19,690102,20151206,26459,0.00001489
24,165,-18,690102,20151213,34699,0.00002044
25,172,-17,690102,20151220,31563,0.00002020
26,179,-16,690102,20151227,35433,0.00002090
27,186,-15,690102,20160103,30271,0.00001663
28,193,-14,690102,20160110,27579,0.00001480
29,200,-13,690102,20160117,28952,0.00001562
30,207,-12,690102,20160124,39871,0.00002152
31,214,-11,690102,20160131,34085,0.00001845
32,221,-10,690102,20160207,28140,0.00001554
33,228,-9,690102,20160214,28843,0.00001576
34,235,-8,690102,20160221,33251,0.00001829
35,242,-7,690102,20160228,29321,0.00001595
36,249,-6,690102,20160306,31400,0.00001779
37,256,-5,690102,20160313,34247,0.00002001
38,263,-4,690102,20160320,31548,0.00001897
39,270,-3,690102,20160327,34263,0.00002009
40,277,-2,690102,20160403,46917,0.00002693
41,284,-1,690102,20160410,28799,0.00001660
42,291,0,690102,20160417,2175310,0.00124798
43,298,1,690102,20160424,501640,0.00028988
44,305,2,690102,20160501,140265,0.00008215
45,312,3,690102,20160508,75052,0.00004388
46,319,4,690102,20160515,70017,0.00004036
47,326,5,690102,20160522,47437,0.00002803
48,333,6,690102,20160529,45747,0.00002700
49,340,7,690102,20160605,43226,0.00002560
50,347,8,690102,20160612,36627,0.00002160
51,354,9,690102,20160619,37671,0.00002243
52,361,10,690102,20160626,34446,0.00002033
53,368,11,690102,20160703,33237,0.00001980
54,375,12,690102,20160710,30198,0.00001814
55,382,13,690102,20160717,30590,0.00001721
56,389,14,690102,20160724,30879,0.00001572
57,396,15,690102,20160731,30743,0.00001604
58,403,16,690102,20160807,28294,0.00001445
59,410,17,690102,20160814,29077,0.00001608
60,417,18,690102,20160821,32087,0.00001819
61,424,19,690102,20160828,34004,0.00001926
62,431,20,690102,20160904,32022,0.00001832
63,438,21,690102,20160911,64739,0.00003670
64,445,22,690102,20160918,44818,0.00002512
65,452,23,690102,20160925,35125,0.00002015
66,459,24,690102,20161002,31759,0.00001787
67,466,25,690102,20161009,30210,0.00001693
68,473,26,690102,20161016,31195,0.00001731
69,480,27,690102,20161023,28163,0.00001600
70,487,28,690102,20161030,27965,0.00001542
71,494,29,690102,20161106,45913,0.00002431
72,501,30,690102,20161113,32728,0.00001733
73,508,31,690102,20161120,31776,0.00001757
74,515,32,690102,20161127,31206,0.00001677
75,522,33,690102,20161204,34745,0.00001865
76,529,34,690102,20161211,39080,0.00002206
77,536,35,690102,20161218,56100,0.00003181
78,543,36,690102,20161225,115151,0.00006300
79,550,37,690102,20170101,51043,0.00002638
80,557,38,690102,20170108,35039,0.00001780
81,564,39,690102,20170115,31317,0.00001579
82,571,40,690102,20170122,27893,0.00001401
83,578,41,690102,20170129,31712,0.00001624
84,585,42,690102,20170205,28600,0.00001465
85,592,43,690102,20170212,34177,0.00001787
86,599,44,690102,20170219,28550,0.00001488
87,606,45,690102,20170226,27801,0.00001439
88,613,46,690102,20170305,29005,0.00001535
89,620,47,690102,20170312,26838,0.00001428
90,627,48,690102,20170319,26674,0.00001439
91,634,49,690102,20170326,30172,0.00001696
92,641,50,690102,20170402,46830,0.00002643
93,648,51,690102,20170409,31246,0.00001789
94,655,52,690102,20170416,77289,0.00004283
95,662,53,690102,20170423,36103,0.00002024
96,669,54,690102,20170430,43100,0.00002405
97,676,55,690102,20170507,27166,0.00001535
98,683,56,690102,20170514,22970,0.00001301
99,690,57,690102,20170521,22756,0.00001298
100,697,58,690102,20170528,24362,0.00001392
101,704,59,690102,20170604,22361,0.00001304
102,711,60,690102,20170611,21847,0.00001307
103,718,61,690102,20170618,21134,0.00001284
104,725,62,690102,20170625,22478,0.00001401
105,732,63,690102,20170702,32169,0.00001982
106,739,64,690102,20170709,31377,0.00001891
107,746,65,690102,20170716,28251,0.00001701
108,753,66,690102,20170723,24542,0.00001482
109,760,67,690102,20170730,23812,0.00001473
110,767,68,690102,20170806,24583,0.00001507
111,774,69,690102,20170813,24515,0.00001512
112,781,70,690102,20170820,40687,0.00002496
113,788,71,690102,20170827,33431,0.00002077
114,795,72,690102,20170903,29511,0.00001779
115,802,73,690102,20170910,27753,0.00001690
116,809,74,690102,20170917,34513,0.00002044
117,816,75,690102,20170924,33507,0.00002026
118,823,76,690102,20171001,27281,0.00001626
119,830,77,690102,20171008,30457,0.00001774
120,837,78,690102,20171015,30295,0.00001782
121,844,79,690102,20171022,31249,0.00001809
122,851,80,690102,20171029,27249,0.00001577
123,858,81,690102,20171105,31428,0.00001797
124,865,82,690102,20171112,30432,0.00001736
125,872,83,690102,20171119,26823,0.00001556
126,879,84,690102,20171126,24038,0.00001375
127,886,85,690102,20171203,24450,0.00001395
128,893,86,690102,20171210,24004,0.00001400
129,900,87,690102,20171217,23237,0.00001430
130,907,88,690102,20171224,32858,0.00001956
131,914,89,690102,20171231,28341,0.00001547
132,921,90,690102,20180107,27602,0.00001465
133,928,91,690102,20180114,30290,0.00001573
134,935,92,690102,20180121,53724,0.00002865
135,942,93,690102,20180128,42849,0.00002314
136,949,94,690102,20180204,30188,0.00001633
137,956,95,690102,20180211,31152,0.00001716
138,963,96,690102,20180218,32126,0.00001742
139,970,97,690102,20180225,28947,0.00001562
140,977,98,690102,20180304,27807,0.00001508
141,984,99,690102,20180311,32089,0.00001742
142,991,100,690102,20180318,25941,0.00001440
143,998,101,690102,20180325,26381,0.00001489
144,1005,102,690102,20180401,32666,0.00001815
145,1012,103,690102,20180408,37466,0.00002065
146,1019,104,690102,20180415,32341,0.00001805
147,1026,105,690102,20180422,26595,0.00001499
148,1033,106,690102,20180429,37634,0.00002180
149,1040,107,690102,20180506,26547,0.00001528
150,1047,108,690102,20180513,23693,0.00001332
151,1054,109,690102,20180520,21491,0.00001216
152,1061,110,690102,20180527,21476,0.00001243
153,1068,111,690102,20180603,20532,0.00001188
154,1075,112,690102,20180610,21827,0.00001287
155,1082,113,690102,20180617,24040,0.00001416
156,1089,114,690102,20180624,22674,0.00001355
1,5,-41,57317,20150706,52752,0.00003009
2,12,-40,57317,20150713,64605,0.00003738
3,19,-39,57317,20150720,58002,0.00003337
4,26,-38,57317,20150727,54932,0.00003171
5,33,-37,57317,20150803,71335,0.00004195
6,40,-36,57317,20150810,67717,0.00003940
7,47,-35,57317,20150817,51940,0.00002975
8,54,-34,57317,20150824,56866,0.00003271
9,61,-33,57317,20150831,66438,0.00003729
10,68,-32,57317,20150907,72188,0.00003861
11,75,-31,57317,20150914,90278,0.00005126
12,82,-30,57317,20150921,53451,0.00003080
13,89,-29,57317,20150928,56854,0.00003322
14,96,-28,57317,20151005,53099,0.00003034
15,103,-27,57317,20151012,51384,0.00002916
16,110,-26,57317,20151019,45883,0.00002572
17,117,-25,57317,20151026,81105,0.00004619
18,124,-24,57317,20151102,55764,0.00003150
19,131,-23,57317,20151109,63531,0.00003621
20,138,-22,57317,20151116,49964,0.00002838
21,145,-21,57317,20151123,75377,0.00004368
22,152,-20,57317,20151130,67558,0.00003846
23,159,-19,57317,20151207,71363,0.00004011
24,166,-18,57317,20151214,53056,0.00003171
25,173,-17,57317,20151221,55916,0.00003566
26,180,-16,57317,20151228,86742,0.00005025
27,187,-15,57317,20160104,56098,0.00003079
28,194,-14,57317,20160111,57829,0.00003107
29,201,-13,57317,20160118,59641,0.00003209
30,208,-12,57317,20160125,53454,0.00002884
31,215,-11,57317,20160201,88485,0.00004816
32,222,-10,57317,20160208,70692,0.00003914
33,229,-9,57317,20160215,152669,0.00008307
34,236,-8,57317,20160222,77996,0.00004308
35,243,-7,57317,20160229,86031,0.00004674
36,250,-6,57317,20160307,59191,0.00003377
37,257,-5,57317,20160314,72463,0.00004254
38,264,-4,57317,20160321,69811,0.00004193
39,271,-3,57317,20160328,54577,0.00003192
40,278,-2,57317,20160404,51869,0.00002969
41,285,-1,57317,20160411,107872,0.00006253
42,292,0,57317,20160418,14782496,0.00843443
43,299,1,57317,20160425,2760865,0.00160481
44,306,2,57317,20160502,700591,0.00041016
45,313,3,57317,20160509,405771,0.00023652
46,320,4,57317,20160516,237001,0.00013671
47,327,5,57317,20160523,216421,0.00012864
48,334,6,57317,20160530,216713,0.00012709
49,341,7,57317,20160606,206518,0.00012245
50,348,8,57317,20160613,106819,0.00006319
51,355,9,57317,20160620,95083,0.00005652
52,362,10,57317,20160627,111846,0.00006622
53,369,11,57317,20160704,75212,0.00004458
54,376,12,57317,20160711,63751,0.00003854
55,383,13,57317,20160718,57085,0.00003131
56,390,14,57317,20160725,63652,0.00003238
57,397,15,57317,20160801,55839,0.00002928
58,404,16,57317,20160808,50990,0.00002594
59,411,17,57317,20160815,51868,0.00002905
60,418,18,57317,20160822,65328,0.00003717
61,425,19,57317,20160829,61558,0.00003495
62,432,20,57317,20160905,53615,0.00003051
63,439,21,57317,20160912,54499,0.00003091
64,446,22,57317,20160919,58527,0.00003293
65,453,23,57317,20160926,50939,0.00002918
66,460,24,57317,20161003,64906,0.00003644
67,467,25,57317,20161010,58594,0.00003274
68,474,26,57317,20161017,61863,0.00003442
69,481,27,57317,20161024,60483,0.00003444
70,488,28,57317,20161031,61375,0.00003353
71,495,29,57317,20161107,58201,0.00003066
72,502,30,57317,20161114,68331,0.00003644
73,509,31,57317,20161121,89263,0.00004914
74,516,32,57317,20161128,72827,0.00003922
75,523,33,57317,20161205,79835,0.00004304
76,530,34,57317,20161212,81405,0.00004599
77,537,35,57317,20161219,86053,0.00004942
78,544,36,57317,20161226,219493,0.00011883
79,551,37,57317,20170102,91134,0.00004632
80,558,38,57317,20170109,77505,0.00003939
81,565,39,57317,20170116,65638,0.00003304
82,572,40,57317,20170123,58851,0.00002958
83,579,41,57317,20170130,61400,0.00003154
84,586,42,57317,20170206,86854,0.00004451
85,593,43,57317,20170213,183870,0.00009645
86,600,44,57317,20170220,89549,0.00004647
87,607,45,57317,20170227,79519,0.00004141
88,614,46,57317,20170306,73881,0.00003907
89,621,47,57317,20170313,94470,0.00005028
90,628,48,57317,20170320,73935,0.00004026
91,635,49,57317,20170327,71042,0.00004013
92,642,50,57317,20170403,97225,0.00005489
93,649,51,57317,20170410,128889,0.00007374
94,656,52,57317,20170417,266101,0.00014669
95,663,53,57317,20170424,85668,0.00004824
96,670,54,57317,20170501,67266,0.00003747
97,677,55,57317,20170508,61414,0.00003486
98,684,56,57317,20170515,82060,0.00004644
99,691,57,57317,20170522,62231,0.00003570
100,698,58,57317,20170529,65058,0.00003710
101,705,59,57317,20170605,94341,0.00005508
102,712,60,57317,20170612,51767,0.00003112
103,719,61,57317,20170619,54732,0.00003331
104,726,62,57317,20170626,56059,0.00003499
105,733,63,57317,20170703,56268,0.00003447
106,740,64,57317,20170710,58154,0.00003498
107,747,65,57317,20170717,51927,0.00003120
108,754,66,57317,20170724,52943,0.00003216
109,761,67,57317,20170731,51285,0.00003178
110,768,68,57317,20170807,55996,0.00003436
111,775,69,57317,20170814,54958,0.00003374
112,782,70,57317,20170821,51474,0.00003169
113,789,71,57317,20170828,54240,0.00003362
114,796,72,57317,20170904,56599,0.00003409
115,803,73,57317,20170911,58146,0.00003532
116,810,74,57317,20170918,59761,0.00003545
117,817,75,57317,20170925,54711,0.00003321
118,824,76,57317,20171002,66395,0.00003929
119,831,77,57317,20171009,55791,0.00003246
120,838,78,57317,20171016,65327,0.00003836
121,845,79,57317,20171023,84152,0.00004867
122,852,80,57317,20171030,60633,0.00003498
123,859,81,57317,20171106,79440,0.00004552
124,866,82,57317,20171113,63230,0.00003607
125,873,83,57317,20171120,60031,0.00003480
126,880,84,57317,20171127,56343,0.00003238
127,887,85,57317,20171204,64230,0.00003652
128,894,86,57317,20171211,61384,0.00003608
129,901,87,57317,20171218,63297,0.00003939
130,908,88,57317,20171225,69560,0.00004092
131,915,89,57317,20180101,88696,0.00004747
132,922,90,57317,20180108,69080,0.00003650
133,929,91,57317,20180115,79512,0.00004160
134,936,92,57317,20180122,76206,0.00004057
135,943,93,57317,20180129,100928,0.00005463
136,950,94,57317,20180205,488775,0.00026458
137,957,95,57317,20180212,87671,0.00004835
138,964,96,57317,20180219,90941,0.00004906
139,971,97,57317,20180226,85943,0.00004654
140,978,98,57317,20180305,76670,0.00004166
141,985,99,57317,20180312,70698,0.00003843
142,992,100,57317,20180319,67630,0.00003771
143,999,101,57317,20180326,81881,0.00004634
144,1006,102,57317,20180402,68274,0.00003762
145,1013,103,57317,20180409,67986,0.00003741
146,1020,104,57317,20180416,197002,0.00011093
147,1027,105,57317,20180423,114744,0.00006488
148,1034,106,57317,20180430,73976,0.00004294
149,1041,107,57317,20180507,95087,0.00005457
150,1048,108,57317,20180514,66067,0.00003674
151,1055,109,57317,20180521,62446,0.00003577
152,1062,110,57317,20180528,62720,0.00003636
153,1069,111,57317,20180604,146548,0.00008458
154,1076,112,57317,20180611,61629,0.00003645
155,1083,113,57317,20180618,58822,0.00003468
156,1090,114,57317,20180625,64567,0.00003859
1,6,-47,63747,20150707,109748,0.00006287
2,13,-46,63747,20150714,98153,0.00005684
3,20,-45,63747,20150721,88453,0.00005093
4,27,-44,63747,20150728,79493,0.00004670
5,34,-43,63747,20150804,86887,0.00005054
6,41,-42,63747,20150811,95532,0.00005513
7,48,-41,63747,20150818,75735,0.00004338
8,55,-40,63747,20150825,70639,0.00004054
9,62,-39,63747,20150901,84010,0.00004674
10,69,-38,63747,20150908,116106,0.00006238
11,76,-37,63747,20150915,106024,0.00006040
12,83,-36,63747,20150922,93697,0.00005407
13,90,-35,63747,20150929,121197,0.00007099
14,97,-34,63747,20151006,82724,0.00004712
15,104,-33,63747,20151013,106604,0.00006044
16,111,-32,63747,20151020,98091,0.00005506
17,118,-31,63747,20151027,85471,0.00004863
18,125,-30,63747,20151103,102841,0.00005800
19,132,-29,63747,20151110,115886,0.00006625
20,139,-28,63747,20151117,109991,0.00006256
21,146,-27,63747,20151124,122856,0.00007092
22,153,-26,63747,20151201,113530,0.00006454
23,160,-25,63747,20151208,201686,0.00011362
24,167,-24,63747,20151215,108863,0.00006602
25,174,-23,63747,20151222,104083,0.00006613
26,181,-22,63747,20151229,114456,0.00006552
27,188,-21,63747,20160105,113019,0.00006110
28,195,-20,63747,20160112,146925,0.00007982
29,202,-19,63747,20160119,115165,0.00006179
30,209,-18,63747,20160126,110522,0.00005965
31,216,-17,63747,20160202,145546,0.00007922
32,223,-16,63747,20160209,134124,0.00007454
33,230,-15,63747,20160216,131958,0.00007152
34,237,-14,63747,20160223,137319,0.00007530
35,244,-13,63747,20160301,164881,0.00009069
36,251,-12,63747,20160308,151224,0.00008674
37,258,-11,63747,20160315,116220,0.00006859
38,265,-10,63747,20160322,115334,0.00006891
39,272,-9,63747,20160329,120526,0.00007049
40,279,-8,63747,20160405,128799,0.00007368
41,286,-7,63747,20160412,106214,0.00006179
42,293,-6,63747,20160419,101791,0.00005789
43,300,-5,63747,20160426,96405,0.00005607
44,307,-4,63747,20160503,104684,0.00006130
45,314,-3,63747,20160510,102864,0.00006000
46,321,-2,63747,20160517,112830,0.00006500
47,328,-1,63747,20160524,105246,0.00006289
48,335,0,63747,20160531,7458827,0.00437020
49,342,1,63747,20160607,2850416,0.00168591
50,349,2,63747,20160614,483109,0.00028614
51,356,3,63747,20160621,227007,0.00013523
52,363,4,63747,20160628,141546,0.00008395
53,370,5,63747,20160705,132180,0.00007813
54,377,6,63747,20160712,123371,0.00007493
55,384,7,63747,20160719,91533,0.00004902
56,391,8,63747,20160726,85815,0.00004361
57,398,9,63747,20160802,102502,0.00005374
58,405,10,63747,20160809,93518,0.00004753
59,412,11,63747,20160816,106692,0.00006059
60,419,12,63747,20160823,90067,0.00005117
61,426,13,63747,20160830,82246,0.00004701
62,433,14,63747,20160906,85964,0.00004890
63,440,15,63747,20160913,85619,0.00004825
64,447,16,63747,20160920,78013,0.00004403
65,454,17,63747,20160927,91732,0.00005258
66,461,18,63747,20161004,98927,0.00005568
67,468,19,63747,20161011,82176,0.00004559
68,475,20,63747,20161018,80750,0.00004501
69,482,21,63747,20161025,76315,0.00004361
70,489,22,63747,20161101,81574,0.00004422
71,496,23,63747,20161108,93004,0.00004867
72,503,24,63747,20161115,95721,0.00005137
73,510,25,63747,20161122,96258,0.00005304
74,517,26,63747,20161129,96510,0.00005193
75,524,27,63747,20161206,109098,0.00005903
76,531,28,63747,20161213,121758,0.00006875
77,538,29,63747,20161220,126531,0.00007323
78,545,30,63747,20161227,155464,0.00008285
79,552,31,63747,20170103,106490,0.00005390
80,559,32,63747,20170110,107802,0.00005473
81,566,33,63747,20170117,124876,0.00006286
82,573,34,63747,20170124,87965,0.00004421
83,580,35,63747,20170131,93702,0.00004814
84,587,36,63747,20170207,103478,0.00005313
85,594,37,63747,20170214,99624,0.00005235
86,601,38,63747,20170221,152492,0.00007848
87,608,39,63747,20170228,102474,0.00005401
88,615,40,63747,20170307,106529,0.00005657
89,622,41,63747,20170314,86318,0.00004593
90,629,42,63747,20170321,83792,0.00004593
91,636,43,63747,20170328,74555,0.00004195
92,643,44,63747,20170404,64694,0.00003669
93,650,45,63747,20170411,60470,0.00003440
94,657,46,63747,20170418,70473,0.00003886
95,664,47,63747,20170425,154307,0.00008676
96,671,48,63747,20170502,104767,0.00005851
97,678,49,63747,20170509,80416,0.00004572
98,685,50,63747,20170516,81213,0.00004530
99,692,51,63747,20170523,73975,0.00004323
100,699,52,63747,20170530,133414,0.00007628
101,706,53,63747,20170606,81396,0.00004751
102,713,54,63747,20170613,80401,0.00004864
103,720,55,63747,20170620,69385,0.00004247
104,727,56,63747,20170627,78850,0.00004923
105,734,57,63747,20170704,93894,0.00005704
106,741,58,63747,20170711,104516,0.00006306
107,748,59,63747,20170718,76997,0.00004614
108,755,60,63747,20170725,71647,0.00004377
109,762,61,63747,20170801,72727,0.00004508
110,769,62,63747,20170808,75101,0.00004616
111,776,63,63747,20170815,73969,0.00004525
112,783,64,63747,20170822,233237,0.00014390
113,790,65,63747,20170829,152071,0.00009378
114,797,66,63747,20170905,102061,0.00006166
115,804,67,63747,20170912,99706,0.00006006
116,811,68,63747,20170919,98736,0.00005880
117,818,69,63747,20170926,93643,0.00005684
118,825,70,63747,20171003,86937,0.00005118
119,832,71,63747,20171010,83761,0.00004877
120,839,72,63747,20171017,69043,0.00004044
121,846,73,63747,20171024,86883,0.00005029
122,853,74,63747,20171031,76648,0.00004418
123,860,75,63747,20171107,78791,0.00004503
124,867,76,63747,20171114,79066,0.00004502
125,874,77,63747,20171121,72545,0.00004200
126,881,78,63747,20171128,69349,0.00004009
127,888,79,63747,20171205,74708,0.00004238
128,895,80,63747,20171212,63283,0.00003747
129,902,81,63747,20171219,64304,0.00004070
130,909,82,63747,20171226,67563,0.00003912
131,916,83,63747,20180102,85767,0.00004513
132,923,84,63747,20180109,89513,0.00004712
133,930,85,63747,20180116,128175,0.00006729
134,937,86,63747,20180123,95455,0.00005083
135,944,87,63747,20180130,112163,0.00006083
136,951,88,63747,20180206,119580,0.00006493
137,958,89,63747,20180213,118105,0.00006505
138,965,90,63747,20180220,136962,0.00007367
139,972,91,63747,20180227,112947,0.00006100
140,979,92,63747,20180306,105782,0.00005785
141,986,93,63747,20180313,91816,0.00005007
142,993,94,63747,20180320,99221,0.00005546
143,1000,95,63747,20180327,109952,0.00006206
144,1007,96,63747,20180403,94949,0.00005223
145,1014,97,63747,20180410,82145,0.00004521
146,1021,98,63747,20180417,79671,0.00004513
147,1028,99,63747,20180424,73430,0.00004161
148,1035,100,63747,20180501,78531,0.00004557
149,1042,101,63747,20180508,80856,0.00004636
150,1049,102,63747,20180515,72927,0.00004033
151,1056,103,63747,20180522,71602,0.00004133
152,1063,104,63747,20180529,94224,0.00005479
153,1070,105,63747,20180605,144266,0.00008315
154,1077,106,63747,20180612,67548,0.00004003
155,1084,107,63747,20180619,67867,0.00004009
156,1091,108,63747,20180626,68392,0.00004083
1,6,-48,141390,20150707,4469,0.00000256
2,13,-47,141390,20150714,3926,0.00000227
3,20,-46,141390,20150721,4308,0.00000248
4,27,-45,141390,20150728,4256,0.00000250
5,34,-44,141390,20150804,5016,0.00000292
6,41,-43,141390,20150811,4696,0.00000271
7,48,-42,141390,20150818,4917,0.00000282
8,55,-41,141390,20150825,4852,0.00000278
9,62,-40,141390,20150901,5444,0.00000303
10,69,-39,141390,20150908,4777,0.00000257
11,76,-38,141390,20150915,4814,0.00000274
12,83,-37,141390,20150922,7745,0.00000447
13,90,-36,141390,20150929,5638,0.00000330
14,97,-35,141390,20151006,7308,0.00000416
15,104,-34,141390,20151013,8510,0.00000482
16,111,-33,141390,20151020,8131,0.00000456
17,118,-32,141390,20151027,6757,0.00000384
18,125,-31,141390,20151103,7597,0.00000428
19,132,-30,141390,20151110,7741,0.00000443
20,139,-29,141390,20151117,7148,0.00000407
21,146,-28,141390,20151124,11725,0.00000677
22,153,-27,141390,20151201,8197,0.00000466
23,160,-26,141390,20151208,8514,0.00000480
24,167,-25,141390,20151215,8396,0.00000509
25,174,-24,141390,20151222,7835,0.00000498
26,181,-23,141390,20151229,8987,0.00000514
27,188,-22,141390,20160105,11885,0.00000642
28,195,-21,141390,20160112,7923,0.00000430
29,202,-20,141390,20160119,9010,0.00000483
30,209,-19,141390,20160126,16091,0.00000869
31,216,-18,141390,20160202,9361,0.00000510
32,223,-17,141390,20160209,9509,0.00000528
33,230,-16,141390,20160216,16921,0.00000917
34,237,-15,141390,20160223,12243,0.00000671
35,244,-14,141390,20160301,12363,0.00000680
36,251,-13,141390,20160308,11800,0.00000677
37,258,-12,141390,20160315,7830,0.00000462
38,265,-11,141390,20160322,10814,0.00000646
39,272,-10,141390,20160329,24511,0.00001434
40,279,-9,141390,20160405,10565,0.00000604
41,286,-8,141390,20160412,11399,0.00000663
42,293,-7,141390,20160419,9374,0.00000533
43,300,-6,141390,20160426,7103,0.00000413
44,307,-5,141390,20160503,8841,0.00000518
45,314,-4,141390,20160510,6535,0.00000381
46,321,-3,141390,20160517,6058,0.00000349
47,328,-2,141390,20160524,6103,0.00000365
48,335,-1,141390,20160531,6478,0.00000380
49,342,0,141390,20160607,612337,0.00036217
50,349,1,141390,20160614,135599,0.00008031
51,356,2,141390,20160621,16692,0.00000994
52,363,3,141390,20160628,11297,0.00000670
53,370,4,141390,20160705,7268,0.00000430
54,377,5,141390,20160712,7709,0.00000468
55,384,6,141390,20160719,4728,0.00000253
56,391,7,141390,20160726,4438,0.00000226
57,398,8,141390,20160802,4726,0.00000248
58,405,9,141390,20160809,3968,0.00000202
59,412,10,141390,20160816,4762,0.00000270
60,419,11,141390,20160823,4143,0.00000235
61,426,12,141390,20160830,5230,0.00000299
62,433,13,141390,20160906,4559,0.00000259
63,440,14,141390,20160913,5384,0.00000303
64,447,15,141390,20160920,9910,0.00000559
65,454,16,141390,20160927,6305,0.00000361
66,461,17,141390,20161004,6057,0.00000341
67,468,18,141390,20161011,8244,0.00000457
68,475,19,141390,20161018,16329,0.00000910
69,482,20,141390,20161025,10493,0.00000600
70,489,21,141390,20161101,8495,0.00000460
71,496,22,141390,20161108,8119,0.00000425
72,503,23,141390,20161115,7528,0.00000404
73,510,24,141390,20161122,7516,0.00000414
74,517,25,141390,20161129,7118,0.00000383
75,524,26,141390,20161206,8583,0.00000464
76,531,27,141390,20161213,8288,0.00000468
77,538,28,141390,20161220,13158,0.00000762
78,545,29,141390,20161227,22695,0.00001209
79,552,30,141390,20170103,11909,0.00000603
80,559,31,141390,20170110,11845,0.00000601
81,566,32,141390,20170117,10642,0.00000536
82,573,33,141390,20170124,20474,0.00001029
83,580,34,141390,20170131,11012,0.00000566
84,587,35,141390,20170207,9231,0.00000474
85,594,36,141390,20170214,13543,0.00000712
86,601,37,141390,20170221,8607,0.00000443
87,608,38,141390,20170228,7862,0.00000414
88,615,39,141390,20170307,10075,0.00000535
89,622,40,141390,20170314,8160,0.00000434
90,629,41,141390,20170321,7829,0.00000429
91,636,42,141390,20170328,11159,0.00000628
92,643,43,141390,20170404,12246,0.00000695
93,650,44,141390,20170411,9471,0.00000539
94,657,45,141390,20170418,9206,0.00000508
95,664,46,141390,20170425,7240,0.00000407
96,671,47,141390,20170502,8130,0.00000454
97,678,48,141390,20170509,7735,0.00000440
98,685,49,141390,20170516,6921,0.00000386
99,692,50,141390,20170523,7251,0.00000424
100,699,51,141390,20170530,7897,0.00000452
101,706,52,141390,20170606,11416,0.00000666
102,713,53,141390,20170613,6535,0.00000395
103,720,54,141390,20170620,5734,0.00000351
104,727,55,141390,20170627,6186,0.00000386
105,734,56,141390,20170704,4514,0.00000274
106,741,57,141390,20170711,4340,0.00000262
107,748,58,141390,20170718,4587,0.00000275
108,755,59,141390,20170725,3530,0.00000216
109,762,60,141390,20170801,3669,0.00000227
110,769,61,141390,20170808,3952,0.00000243
111,776,62,141390,20170815,3499,0.00000214
112,783,63,141390,20170822,13051,0.00000805
113,790,64,141390,20170829,3633,0.00000224
114,797,65,141390,20170905,5685,0.00000343
115,804,66,141390,20170912,3910,0.00000236
116,811,67,141390,20170919,4222,0.00000251
117,818,68,141390,20170926,5701,0.00000346
118,825,69,141390,20171003,10970,0.00000646
119,832,70,141390,20171010,7935,0.00000462
120,839,71,141390,20171017,9538,0.00000559
121,846,72,141390,20171024,6252,0.00000362
122,853,73,141390,20171031,6833,0.00000394
123,860,74,141390,20171107,7191,0.00000411
124,867,75,141390,20171114,6904,0.00000393
125,874,76,141390,20171121,8275,0.00000479
126,881,77,141390,20171128,6606,0.00000382
127,888,78,141390,20171205,6724,0.00000381
128,895,79,141390,20171212,6465,0.00000383
129,902,80,141390,20171219,7165,0.00000453
130,909,81,141390,20171226,10244,0.00000593
131,916,82,141390,20180102,8159,0.00000429
132,923,83,141390,20180109,6868,0.00000362
133,930,84,141390,20180116,7009,0.00000368
134,937,85,141390,20180123,9455,0.00000503
135,944,86,141390,20180130,8811,0.00000478
136,951,87,141390,20180206,6962,0.00000378
137,958,88,141390,20180213,7169,0.00000395
138,965,89,141390,20180220,7988,0.00000430
139,972,90,141390,20180227,6721,0.00000363
140,979,91,141390,20180306,6399,0.00000350
141,986,92,141390,20180313,6803,0.00000371
142,993,93,141390,20180320,6125,0.00000342
143,1000,94,141390,20180327,7789,0.00000440
144,1007,95,141390,20180403,8455,0.00000465
145,1014,96,141390,20180410,8177,0.00000450
146,1021,97,141390,20180417,8241,0.00000467
147,1028,98,141390,20180424,6592,0.00000374
148,1035,99,141390,20180501,6593,0.00000383
149,1042,100,141390,20180508,7012,0.00000402
150,1049,101,141390,20180515,7098,0.00000393
151,1056,102,141390,20180522,5893,0.00000340
152,1063,103,141390,20180529,7059,0.00000410
153,1070,104,141390,20180605,9882,0.00000570
154,1077,105,141390,20180612,5004,0.00000297
155,1084,106,141390,20180619,4600,0.00000272
156,1091,107,141390,20180626,4445,0.00000265
1,6,-48,30963890,20150707,7598,0.00000435
2,13,-47,30963890,20150714,7919,0.00000459
3,20,-46,30963890,20150721,8349,0.00000481
4,27,-45,30963890,20150728,8378,0.00000492
5,34,-44,30963890,20150804,9289,0.00000540
6,41,-43,30963890,20150811,8732,0.00000504
7,48,-42,30963890,20150818,7520,0.00000431
8,55,-41,30963890,20150825,7054,0.00000405
9,62,-40,30963890,20150901,6457,0.00000359
10,69,-39,30963890,20150908,7761,0.00000417
11,76,-38,30963890,20150915,10318,0.00000588
12,83,-37,30963890,20150922,14052,0.00000811
13,90,-36,30963890,20150929,12865,0.00000754
14,97,-35,30963890,20151006,12092,0.00000689
15,104,-34,30963890,20151013,10949,0.00000621
16,111,-33,30963890,20151020,9430,0.00000529
17,118,-32,30963890,20151027,10134,0.00000577
18,125,-31,30963890,20151103,10400,0.00000587
19,132,-30,30963890,20151110,13121,0.00000750
20,139,-29,30963890,20151117,9093,0.00000517
21,146,-28,30963890,20151124,8755,0.00000505
22,153,-27,30963890,20151201,9059,0.00000515
23,160,-26,30963890,20151208,10938,0.00000616
24,167,-25,30963890,20151215,10088,0.00000612
25,174,-24,30963890,20151222,7798,0.00000495
26,181,-23,30963890,20151229,7871,0.00000451
27,188,-22,30963890,20160105,6727,0.00000364
28,195,-21,30963890,20160112,6111,0.00000332
29,202,-20,30963890,20160119,6563,0.00000352
30,209,-19,30963890,20160126,7878,0.00000425
31,216,-18,30963890,20160202,7360,0.00000401
32,223,-17,30963890,20160209,5602,0.00000311
33,230,-16,30963890,20160216,6115,0.00000331
34,237,-15,30963890,20160223,5708,0.00000313
35,244,-14,30963890,20160301,5548,0.00000305
36,251,-13,30963890,20160308,7249,0.00000416
37,258,-12,30963890,20160315,5428,0.00000320
38,265,-11,30963890,20160322,5536,0.00000331
39,272,-10,30963890,20160329,5123,0.00000300
40,279,-9,30963890,20160405,4517,0.00000258
41,286,-8,30963890,20160412,4413,0.00000257
42,293,-7,30963890,20160419,3890,0.00000221
43,300,-6,30963890,20160426,3584,0.00000208
44,307,-5,30963890,20160503,3452,0.00000202
45,314,-4,30963890,20160510,3318,0.00000194
46,321,-3,30963890,20160517,3220,0.00000186
47,328,-2,30963890,20160524,3420,0.00000204
48,335,-1,30963890,20160531,3176,0.00000186
49,342,0,30963890,20160607,3149134,0.00186259
50,349,1,30963890,20160614,866172,0.00051302
51,356,2,30963890,20160621,155152,0.00009242
52,363,3,30963890,20160628,99262,0.00005887
53,370,4,30963890,20160705,79155,0.00004679
54,377,5,30963890,20160712,67794,0.00004117
55,384,6,30963890,20160719,59939,0.00003210
56,391,7,30963890,20160726,68104,0.00003461
57,398,8,30963890,20160802,52933,0.00002775
58,405,9,30963890,20160809,52261,0.00002656
59,412,10,30963890,20160816,76965,0.00004371
60,419,11,30963890,20160823,60077,0.00003413
61,426,12,30963890,20160830,50203,0.00002870
62,433,13,30963890,20160906,42222,0.00002402
63,440,14,30963890,20160913,47771,0.00002692
64,447,15,30963890,20160920,61069,0.00003446
65,454,16,30963890,20160927,45974,0.00002635
66,461,17,30963890,20161004,45845,0.00002580
67,468,18,30963890,20161011,37117,0.00002059
68,475,19,30963890,20161018,34785,0.00001939
69,482,20,30963890,20161025,36052,0.00002060
70,489,21,30963890,20161101,39688,0.00002151
71,496,22,30963890,20161108,33861,0.00001772
72,503,23,30963890,20161115,31790,0.00001706
73,510,24,30963890,20161122,31964,0.00001761
74,517,25,30963890,20161129,35520,0.00001911
75,524,26,30963890,20161206,59935,0.00003243
76,531,27,30963890,20161213,60784,0.00003432
77,538,28,30963890,20161220,59704,0.00003455
78,545,29,30963890,20161227,137388,0.00007322
79,552,30,30963890,20170103,50946,0.00002579
80,559,31,30963890,20170110,37470,0.00001902
81,566,32,30963890,20170117,33101,0.00001666
82,573,33,30963890,20170124,29653,0.00001490
83,580,34,30963890,20170131,28367,0.00001457
84,587,35,30963890,20170207,34200,0.00001756
85,594,36,30963890,20170214,46837,0.00002461
86,601,37,30963890,20170221,65720,0.00003382
87,608,38,30963890,20170228,38475,0.00002028
88,615,39,30963890,20170307,59027,0.00003134
89,622,40,30963890,20170314,43105,0.00002294
90,629,41,30963890,20170321,36135,0.00001981
91,636,42,30963890,20170328,52719,0.00002967
92,643,43,30963890,20170404,37777,0.00002142
93,650,44,30963890,20170411,35722,0.00002032
94,657,45,30963890,20170418,51828,0.00002858
95,664,46,30963890,20170425,346887,0.00019503
96,671,47,30963890,20170502,70994,0.00003965
97,678,48,30963890,20170509,62062,0.00003528
98,685,49,30963890,20170516,86377,0.00004818
99,692,50,30963890,20170523,114734,0.00006705
100,699,51,30963890,20170530,67515,0.00003860
101,706,52,30963890,20170606,83038,0.00004847
102,713,53,30963890,20170613,60447,0.00003657
103,720,54,30963890,20170620,60106,0.00003679
104,727,55,30963890,20170627,42185,0.00002634
105,734,56,30963890,20170704,35868,0.00002179
106,741,57,30963890,20170711,33941,0.00002048
107,748,58,30963890,20170718,32558,0.00001951
108,755,59,30963890,20170725,29824,0.00001822
109,762,60,30963890,20170801,32004,0.00001984
110,769,61,30963890,20170808,30815,0.00001894
111,776,62,30963890,20170815,33963,0.00002077
112,783,63,30963890,20170822,31781,0.00001961
113,790,64,30963890,20170829,36305,0.00002239
114,797,65,30963890,20170905,51533,0.00003113
115,804,66,30963890,20170912,34380,0.00002071
116,811,67,30963890,20170919,29489,0.00001756
117,818,68,30963890,20170926,33827,0.00002053
118,825,69,30963890,20171003,34545,0.00002034
119,832,70,30963890,20171010,90666,0.00005279
120,839,71,30963890,20171017,73867,0.00004327
121,846,72,30963890,20171024,66711,0.00003862
122,853,73,30963890,20171031,28322,0.00001632
123,860,74,30963890,20171107,27948,0.00001597
124,867,75,30963890,20171114,25167,0.00001433
125,874,76,30963890,20171121,26360,0.00001526
126,881,77,30963890,20171128,27762,0.00001605
127,888,78,30963890,20171205,30825,0.00001748
128,895,79,30963890,20171212,23368,0.00001384
129,902,80,30963890,20171219,25922,0.00001641
130,909,81,30963890,20171226,25719,0.00001489
131,916,82,30963890,20180102,26854,0.00001413
132,923,83,30963890,20180109,44207,0.00002327
133,930,84,30963890,20180116,35103,0.00001843
134,937,85,30963890,20180123,26209,0.00001396
135,944,86,30963890,20180130,28495,0.00001545
136,951,87,30963890,20180206,24000,0.00001303
137,958,88,30963890,20180213,31662,0.00001744
138,965,89,30963890,20180220,27695,0.00001490
139,972,90,30963890,20180227,39815,0.00002150
140,979,91,30963890,20180306,52906,0.00002893
141,986,92,30963890,20180313,44661,0.00002435
142,993,93,30963890,20180320,34843,0.00001948
143,1000,94,30963890,20180327,32589,0.00001840
144,1007,95,30963890,20180403,31159,0.00001714
145,1014,96,30963890,20180410,25918,0.00001426
146,1021,97,30963890,20180417,24847,0.00001408
147,1028,98,30963890,20180424,23899,0.00001354
148,1035,99,30963890,20180501,24658,0.00001431
149,1042,100,30963890,20180508,31945,0.00001831
150,1049,101,30963890,20180515,21818,0.00001207
151,1056,102,30963890,20180522,22250,0.00001284
152,1063,103,30963890,20180529,26020,0.00001513
153,1070,104,30963890,20180605,29558,0.00001704
154,1077,105,30963890,20180612,33687,0.00001996
155,1084,106,30963890,20180619,29953,0.00001769
156,1091,107,30963890,20180626,38207,0.00002281
1,5,-49,46644858,20150706,826,0.00000047
2,12,-48,46644858,20150713,229,0.00000013
3,19,-47,46644858,20150720,246,0.00000014
4,26,-46,46644858,20150727,177,0.00000010
5,33,-45,46644858,20150803,194,0.00000011
6,40,-44,46644858,20150810,252,0.00000015
7,47,-43,46644858,20150817,232,0.00000013
8,54,-42,46644858,20150824,165,0.00000009
9,61,-41,46644858,20150831,171,0.00000010
10,68,-40,46644858,20150907,1009,0.00000054
11,75,-39,46644858,20150914,334,0.00000019
12,82,-38,46644858,20150921,191,0.00000011
13,89,-37,46644858,20150928,203,0.00000012
14,96,-36,46644858,20151005,1091,0.00000062
15,103,-35,46644858,20151012,1881,0.00000107
16,110,-34,46644858,20151019,186,0.00000010
17,117,-33,46644858,20151026,165,0.00000009
18,124,-32,46644858,20151102,311,0.00000018
19,131,-31,46644858,20151109,342,0.00000019
20,138,-30,46644858,20151116,203,0.00000012
21,145,-29,46644858,20151123,1204,0.00000070
22,152,-28,46644858,20151130,664,0.00000038
23,159,-27,46644858,20151207,179,0.00000010
24,166,-26,46644858,20151214,211,0.00000013
25,173,-25,46644858,20151221,120,0.00000008
26,180,-24,46644858,20151228,242,0.00000014
27,187,-23,46644858,20160104,415,0.00000023
28,194,-22,46644858,20160111,258,0.00000014
29,201,-21,46644858,20160118,210,0.00000011
30,208,-20,46644858,20160125,181,0.00000010
31,215,-19,46644858,20160201,162,0.00000009
32,222,-18,46644858,20160208,116,0.00000006
33,229,-17,46644858,20160215,107,0.00000006
34,236,-16,46644858,20160222,103,0.00000006
35,243,-15,46644858,20160229,169,0.00000009
36,250,-14,46644858,20160307,162,0.00000009
37,257,-13,46644858,20160314,131,0.00000008
38,264,-12,46644858,20160321,166,0.00000010
39,271,-11,46644858,20160328,76,0.00000004
40,278,-10,46644858,20160404,70,0.00000004
41,285,-9,46644858,20160411,297,0.00000017
42,292,-8,46644858,20160418,194,0.00000011
43,299,-7,46644858,20160425,172,0.00000010
44,306,-6,46644858,20160502,4340,0.00000254
45,313,-5,46644858,20160509,694,0.00000040
46,320,-4,46644858,20160516,157,0.00000009
47,327,-3,46644858,20160523,131,0.00000008
48,334,-2,46644858,20160530,153,0.00000009
49,341,-1,46644858,20160606,169,0.00000010
50,348,0,46644858,20160613,1201365,0.00071073
51,355,1,46644858,20160620,342315,0.00020349
52,362,2,46644858,20160627,35621,0.00002109
53,369,3,46644858,20160704,15296,0.00000907
54,376,4,46644858,20160711,19612,0.00001186
55,383,5,46644858,20160718,8275,0.00000454
56,390,6,46644858,20160725,6012,0.00000306
57,397,7,46644858,20160801,4819,0.00000253
58,404,8,46644858,20160808,5610,0.00000285
59,411,9,46644858,20160815,4299,0.00000241
60,418,10,46644858,20160822,4029,0.00000229
61,425,11,46644858,20160829,3578,0.00000203
62,432,12,46644858,20160905,4287,0.00000244
63,439,13,46644858,20160912,5847,0.00000332
64,446,14,46644858,20160919,9663,0.00000544
65,453,15,46644858,20160926,4753,0.00000272
66,460,16,46644858,20161003,6281,0.00000353
67,467,17,46644858,20161010,4679,0.00000261
68,474,18,46644858,20161017,9399,0.00000523
69,481,19,46644858,20161024,8981,0.00000511
70,488,20,46644858,20161031,7458,0.00000407
71,495,21,46644858,20161107,5061,0.00000267
72,502,22,46644858,20161114,22469,0.00001198
73,509,23,46644858,20161121,54952,0.00003025
74,516,24,46644858,20161128,10118,0.00000545
75,523,25,46644858,20161205,5282,0.00000285
76,530,26,46644858,20161212,8534,0.00000482
77,537,27,46644858,20161219,11172,0.00000642
78,544,28,46644858,20161226,14526,0.00000786
79,551,29,46644858,20170102,4143,0.00000211
80,558,30,46644858,20170109,3331,0.00000169
81,565,31,46644858,20170116,3779,0.00000190
82,572,32,46644858,20170123,4191,0.00000211
83,579,33,46644858,20170130,5127,0.00000263
84,586,34,46644858,20170206,3564,0.00000183
85,593,35,46644858,20170213,3137,0.00000165
86,600,36,46644858,20170220,7440,0.00000386
87,607,37,46644858,20170227,3489,0.00000182
88,614,38,46644858,20170306,3208,0.00000170
89,621,39,46644858,20170313,2874,0.00000153
90,628,40,46644858,20170320,15173,0.00000826
91,635,41,46644858,20170327,3614,0.00000204
92,642,42,46644858,20170403,3469,0.00000196
93,649,43,46644858,20170410,3113,0.00000178
94,656,44,46644858,20170417,4318,0.00000238
95,663,45,46644858,20170424,3967,0.00000223
96,670,46,46644858,20170501,3385,0.00000189
97,677,47,46644858,20170508,3228,0.00000183
98,684,48,46644858,20170515,8567,0.00000485
99,691,49,46644858,20170522,12704,0.00000729
100,698,50,46644858,20170529,10740,0.00000612
101,705,51,46644858,20170605,16242,0.00000948
102,712,52,46644858,20170612,68270,0.00004104
103,719,53,46644858,20170619,24117,0.00001468
104,726,54,46644858,20170626,6214,0.00000388
105,733,55,46644858,20170703,3662,0.00000224
106,740,56,46644858,20170710,3022,0.00000182
107,747,57,46644858,20170717,2949,0.00000177
108,754,58,46644858,20170724,2158,0.00000131
109,761,59,46644858,20170731,1851,0.00000115
110,768,60,46644858,20170807,2452,0.00000150
111,775,61,46644858,20170814,7486,0.00000460
112,782,62,46644858,20170821,1866,0.00000115
113,789,63,46644858,20170828,1503,0.00000093
114,796,64,46644858,20170904,4119,0.00000248
115,803,65,46644858,20170911,2636,0.00000160
116,810,66,46644858,20170918,2115,0.00000125
117,817,67,46644858,20170925,4306,0.00000261
118,824,68,46644858,20171002,2737,0.00000162
119,831,69,46644858,20171009,2472,0.00000144
120,838,70,46644858,20171016,2308,0.00000136
121,845,71,46644858,20171023,2540,0.00000147
122,852,72,46644858,20171030,1986,0.00000115
123,859,73,46644858,20171106,3026,0.00000173
124,866,74,46644858,20171113,2624,0.00000150
125,873,75,46644858,20171120,2808,0.00000163
126,880,76,46644858,20171127,36108,0.00002075
127,887,77,46644858,20171204,3958,0.00000225
128,894,78,46644858,20171211,5150,0.00000303
129,901,79,46644858,20171218,4490,0.00000279
130,908,80,46644858,20171225,6435,0.00000379
131,915,81,46644858,20180101,6075,0.00000325
132,922,82,46644858,20180108,6053,0.00000320
133,929,83,46644858,20180115,9523,0.00000498
134,936,84,46644858,20180122,5637,0.00000300
135,943,85,46644858,20180129,4226,0.00000229
136,950,86,46644858,20180205,6230,0.00000337
137,957,87,46644858,20180212,22813,0.00001258
138,964,88,46644858,20180219,7637,0.00000412
139,971,89,46644858,20180226,3609,0.00000195
140,978,90,46644858,20180305,3582,0.00000195
141,985,91,46644858,20180312,3496,0.00000190
142,992,92,46644858,20180319,2883,0.00000161
143,999,93,46644858,20180326,2917,0.00000165
144,1006,94,46644858,20180402,2309,0.00000127
145,1013,95,46644858,20180409,2417,0.00000133
146,1020,96,46644858,20180416,2567,0.00000145
147,1027,97,46644858,20180423,2575,0.00000146
148,1034,98,46644858,20180430,2758,0.00000160
149,1041,99,46644858,20180507,2739,0.00000157
150,1048,100,46644858,20180514,3958,0.00000220
151,1055,101,46644858,20180521,2557,0.00000146
152,1062,102,46644858,20180528,2416,0.00000140
153,1069,103,46644858,20180604,2588,0.00000149
154,1076,104,46644858,20180611,10057,0.00000595
155,1083,105,46644858,20180618,5248,0.00000309
156,1090,106,46644858,20180625,2280,0.00000136
0,1,-51,1034732,20150702,25899,0.00001510
1,8,-50,1034732,20150709,20147,0.00001152
2,15,-49,1034732,20150716,16125,0.00000939
3,22,-48,1034732,20150723,15243,0.00000867
4,29,-47,1034732,20150730,13164,0.00000784
5,36,-46,1034732,20150806,14375,0.00000834
6,43,-45,1034732,20150813,14952,0.00000860
7,50,-44,1034732,20150820,14565,0.00000833
8,57,-43,1034732,20150827,14161,0.00000814
9,64,-42,1034732,20150903,20735,0.00001122
10,71,-41,1034732,20150910,17627,0.00000969
11,78,-40,1034732,20150917,16953,0.00000969
12,85,-39,1034732,20150924,16998,0.00000982
13,92,-38,1034732,20151001,14833,0.00000861
14,99,-37,1034732,20151008,12754,0.00000725
15,106,-36,1034732,20151015,17493,0.00000992
16,113,-35,1034732,20151022,13172,0.00000742
17,120,-34,1034732,20151029,17135,0.00000978
18,127,-33,1034732,20151105,13853,0.00000782
19,134,-32,1034732,20151112,13347,0.00000760
20,141,-31,1034732,20151119,13213,0.00000760
21,148,-30,1034732,20151126,14781,0.00000845
22,155,-29,1034732,20151203,12926,0.00000731
23,162,-28,1034732,20151210,17107,0.00000979
24,169,-27,1034732,20151217,18196,0.00001132
25,176,-26,1034732,20151224,16255,0.00001009
26,183,-25,1034732,20151231,15869,0.00000891
27,190,-24,1034732,20160107,16193,0.00000870
28,197,-23,1034732,20160114,13054,0.00000708
29,204,-22,1034732,20160121,13697,0.00000735
30,211,-21,1034732,20160128,13274,0.00000717
31,218,-20,1034732,20160204,11504,0.00000631
32,225,-19,1034732,20160211,13086,0.00000720
33,232,-18,1034732,20160218,12282,0.00000671
34,239,-17,1034732,20160225,11124,0.00000610
35,246,-16,1034732,20160303,11553,0.00000640
36,253,-15,1034732,20160310,14908,0.00000863
37,260,-14,1034732,20160317,13731,0.00000822
38,267,-13,1034732,20160324,13791,0.00000811
39,274,-12,1034732,20160331,13459,0.00000783
40,281,-11,1034732,20160407,14995,0.00000859
41,288,-10,1034732,20160414,15228,0.00000889
42,295,-9,1034732,20160421,15247,0.00000865
43,302,-8,1034732,20160428,21875,0.00001276
44,309,-7,1034732,20160505,17935,0.00001050
45,316,-6,1034732,20160512,16049,0.00000933
46,323,-5,1034732,20160519,17860,0.00001037
47,330,-4,1034732,20160526,16582,0.00000987
48,337,-3,1034732,20160602,15581,0.00000920
49,344,-2,1034732,20160609,13347,0.00000784
50,351,-1,1034732,20160616,1840991,0.00109966
51,358,0,1034732,20160623,298803,0.00017740
52,365,1,1034732,20160630,186686,0.00011004
53,372,2,1034732,20160707,141022,0.00008434
54,379,3,1034732,20160714,198092,0.00011914
55,386,4,1034732,20160721,289653,0.00014878
56,393,5,1034732,20160728,200338,0.00010292
57,400,6,1034732,20160804,103176,0.00005368
58,407,7,1034732,20160811,74442,0.00003879
59,414,8,1034732,20160818,72796,0.00004158
60,421,9,1034732,20160825,66350,0.00003751
61,428,10,1034732,20160901,58243,0.00003350
62,435,11,1034732,20160908,56122,0.00003176
63,442,12,1034732,20160915,82098,0.00004635
64,449,13,1034732,20160922,42555,0.00002412
65,456,14,1034732,20160929,74379,0.00004227
66,463,15,1034732,20161006,72067,0.00004068
67,470,16,1034732,20161013,60131,0.00003315
68,477,17,1034732,20161020,58905,0.00003306
69,484,18,1034732,20161027,62384,0.00003552
70,491,19,1034732,20161103,87139,0.00004654
71,498,20,1034732,20161110,69545,0.00003645
72,505,21,1034732,20161117,70106,0.00003810
73,512,22,1034732,20161124,75239,0.00004095
74,519,23,1034732,20161201,64681,0.00003480
75,526,24,1034732,20161208,75025,0.00004112
76,533,25,1034732,20161215,71226,0.00004037
77,540,26,1034732,20161222,212722,0.00012099
78,547,27,1034732,20161229,253990,0.00013415
79,554,28,1034732,20170105,87479,0.00004439
80,561,29,1034732,20170112,69504,0.00003504
81,568,30,1034732,20170119,62709,0.00003165
82,575,31,1034732,20170126,63566,0.00003201
83,582,32,1034732,20170202,51456,0.00002644
84,589,33,1034732,20170209,78363,0.00004058
85,596,34,1034732,20170216,46675,0.00002435
86,603,35,1034732,20170223,153264,0.00007908
87,610,36,1034732,20170302,52733,0.00002788
88,617,37,1034732,20170309,84203,0.00004489
89,624,38,1034732,20170316,52859,0.00002799
90,631,39,1034732,20170323,51293,0.00002852
91,638,40,1034732,20170330,48486,0.00002742
92,645,41,1034732,20170406,40056,0.00002288
93,652,42,1034732,20170413,56080,0.00003141
94,659,43,1034732,20170420,39440,0.00002190
95,666,44,1034732,20170427,42339,0.00002376
96,673,45,1034732,20170504,35873,0.00002007
97,680,46,1034732,20170511,40596,0.00002317
98,687,47,1034732,20170518,38003,0.00002117
99,694,48,1034732,20170525,42635,0.00002451
100,701,49,1034732,20170601,38620,0.00002260
101,708,50,1034732,20170608,36848,0.00002173
102,715,51,1034732,20170615,57119,0.00003454
103,722,52,1034732,20170622,44079,0.00002732
104,729,53,1034732,20170629,41989,0.00002616
105,736,54,1034732,20170706,42753,0.00002577
106,743,55,1034732,20170713,46680,0.00002831
107,750,56,1034732,20170720,36578,0.00002182
108,757,57,1034732,20170727,36998,0.00002275
109,764,58,1034732,20170803,32352,0.00001998
110,771,59,1034732,20170810,47399,0.00002923
111,778,60,1034732,20170817,36890,0.00002255
112,785,61,1034732,20170824,37881,0.00002341
113,792,62,1034732,20170831,38336,0.00002336
114,799,63,1034732,20170907,36466,0.00002227
115,806,64,1034732,20170914,38775,0.00002309
116,813,65,1034732,20170921,34952,0.00002088
117,820,66,1034732,20170928,33301,0.00002013
118,827,67,1034732,20171005,86771,0.00005073
119,834,68,1034732,20171012,43482,0.00002552
120,841,69,1034732,20171019,39913,0.00002314
121,848,70,1034732,20171026,41917,0.00002451
122,855,71,1034732,20171102,36059,0.00002054
123,862,72,1034732,20171109,35487,0.00002028
124,869,73,1034732,20171116,34999,0.00001999
125,876,74,1034732,20171123,36260,0.00002086
126,883,75,1034732,20171130,54505,0.00003165
127,890,76,1034732,20171207,39028,0.00002223
128,897,77,1034732,20171214,53867,0.00003248
129,904,78,1034732,20171221,46463,0.00002909
130,911,79,1034732,20171228,52355,0.00002941
131,918,80,1034732,20180104,46151,0.00002437
132,925,81,1034732,20180111,41330,0.00002155
133,932,82,1034732,20180118,36442,0.00001925
134,939,83,1034732,20180125,39377,0.00002107
135,946,84,1034732,20180201,36791,0.00001996
136,953,85,1034732,20180208,34855,0.00001908
137,960,86,1034732,20180215,44644,0.00002436
138,967,87,1034732,20180222,52719,0.00002838
139,974,88,1034732,20180301,65462,0.00003539
140,981,89,1034732,20180308,109842,0.00005972
141,988,90,1034732,20180315,49623,0.00002739
142,995,91,1034732,20180322,57361,0.00003217
143,1002,92,1034732,20180329,38248,0.00002143
144,1009,93,1034732,20180405,39871,0.00002193
145,1016,94,1034732,20180412,38616,0.00002134
146,1023,95,1034732,20180419,41214,0.00002326
147,1030,96,1034732,20180426,33425,0.00001924
148,1037,97,1034732,20180503,35702,0.00002067
149,1044,98,1034732,20180510,33984,0.00001939
150,1051,99,1034732,20180517,35229,0.00001946
151,1058,100,1034732,20180524,69817,0.00004036
152,1065,101,1034732,20180531,59541,0.00003492
153,1072,102,1034732,20180607,52632,0.00003039
154,1079,103,1034732,20180614,49960,0.00002959
155,1086,104,1034732,20180621,44796,0.00002665
0,3,-52,213795,20150704,3000,0.00000173
1,10,-51,213795,20150711,16719,0.00000961
2,17,-50,213795,20150718,6164,0.00000357
3,24,-49,213795,20150725,2533,0.00000145
4,31,-48,213795,20150801,1790,0.00000106
5,38,-47,213795,20150808,2302,0.00000134
6,45,-46,213795,20150815,1937,0.00000111
7,52,-45,213795,20150822,1628,0.00000093
8,59,-44,213795,20150829,1653,0.00000094
9,66,-43,213795,20150905,1945,0.00000105
10,73,-42,213795,20150912,2154,0.00000120
11,80,-41,213795,20150919,1957,0.00000112
12,87,-40,213795,20150926,1988,0.00000116
13,94,-39,213795,20151003,3024,0.00000173
14,101,-38,213795,20151010,2279,0.00000130
15,108,-37,213795,20151017,1966,0.00000111
16,115,-36,213795,20151024,2145,0.00000122
17,122,-35,213795,20151031,5301,0.00000301
18,129,-34,213795,20151107,2503,0.00000142
19,136,-33,213795,20151114,2880,0.00000164
20,143,-32,213795,20151121,2667,0.00000156
21,150,-31,213795,20151128,3771,0.00000213
22,157,-30,213795,20151205,3186,0.00000180
23,164,-29,213795,20151212,3315,0.00000194
24,171,-28,213795,20151219,2154,0.00000139
25,178,-27,213795,20151226,4677,0.00000282
26,185,-26,213795,20160102,4383,0.00000239
27,192,-25,213795,20160109,4899,0.00000263
28,199,-24,213795,20160116,8392,0.00000454
29,206,-23,213795,20160123,5797,0.00000312
30,213,-22,213795,20160130,5497,0.00000297
31,220,-21,213795,20160206,5635,0.00000311
32,227,-20,213795,20160213,6755,0.00000370
33,234,-19,213795,20160220,20986,0.00001150
34,241,-18,213795,20160227,5998,0.00000328
35,248,-17,213795,20160305,6160,0.00000346
36,255,-16,213795,20160312,6335,0.00000369
37,262,-15,213795,20160319,11963,0.00000722
38,269,-14,213795,20160326,31702,0.00001857
39,276,-13,213795,20160402,49505,0.00002850
40,283,-12,213795,20160409,29072,0.00001669
41,290,-11,213795,20160416,3446,0.00000199
42,297,-10,213795,20160423,2549,0.00000146
43,304,-9,213795,20160430,2205,0.00000129
44,311,-8,213795,20160507,1943,0.00000114
45,318,-7,213795,20160514,1911,0.00000111
46,325,-6,213795,20160521,1762,0.00000103
47,332,-5,213795,20160528,1642,0.00000097
48,339,-4,213795,20160604,2077,0.00000123
49,346,-3,213795,20160611,2196,0.00000129
50,353,-2,213795,20160618,1740,0.00000104
51,360,-1,213795,20160625,767606,0.00045310
52,367,0,213795,20160702,43705,0.00002603
53,374,1,213795,20160709,39026,0.00002335
54,381,2,213795,20160716,12242,0.00000706
55,388,3,213795,20160723,7317,0.00000373
56,395,4,213795,20160730,5421,0.00000283
57,402,5,213795,20160806,8543,0.00000437
58,409,6,213795,20160813,4699,0.00000255
59,416,7,213795,20160820,12677,0.00000720
60,423,8,213795,20160827,6289,0.00000356
61,430,9,213795,20160903,11322,0.00000650
62,437,10,213795,20160910,4050,0.00000229
63,444,11,213795,20160917,6465,0.00000362
64,451,12,213795,20160924,4031,0.00000231
65,458,13,213795,20161001,2795,0.00000158
66,465,14,213795,20161008,2864,0.00000161
67,472,15,213795,20161015,22700,0.00001256
68,479,16,213795,20161022,6634,0.00000375
69,486,17,213795,20161029,3486,0.00000195
70,493,18,213795,20161105,3019,0.00000160
71,500,19,213795,20161112,3925,0.00000207
72,507,20,213795,20161119,4995,0.00000278
73,514,21,213795,20161126,4092,0.00000220
74,521,22,213795,20161203,5899,0.00000315
75,528,23,213795,20161210,5519,0.00000309
76,535,24,213795,20161217,7209,0.00000410
77,542,25,213795,20161224,12674,0.00000696
78,549,26,213795,20161231,11163,0.00000587
79,556,27,213795,20170107,6229,0.00000316
80,563,28,213795,20170114,14423,0.00000725
81,570,29,213795,20170121,7581,0.00000382
82,577,30,213795,20170128,6006,0.00000306
83,584,31,213795,20170204,8420,0.00000431
84,591,32,213795,20170211,10067,0.00000525
85,598,33,213795,20170218,6431,0.00000336
86,605,34,213795,20170225,6384,0.00000329
87,612,35,213795,20170304,6828,0.00000362
88,619,36,213795,20170311,6606,0.00000353
89,626,37,213795,20170318,12297,0.00000656
90,633,38,213795,20170325,19484,0.00001090
91,640,39,213795,20170401,20832,0.00001177
92,647,40,213795,20170408,2950,0.00000169
93,654,41,213795,20170415,8506,0.00000472
94,661,42,213795,20170422,4013,0.00000224
95,668,43,213795,20170429,2625,0.00000147
96,675,44,213795,20170506,2614,0.00000147
97,682,45,213795,20170513,2660,0.00000151
98,689,46,213795,20170520,2577,0.00000146
99,696,47,213795,20170527,2152,0.00000123
100,703,48,213795,20170603,2193,0.00000128
101,710,49,213795,20170610,4513,0.00000269
102,717,50,213795,20170617,2958,0.00000179
103,724,51,213795,20170624,10411,0.00000648
104,731,52,213795,20170701,6682,0.00000414
105,738,53,213795,20170708,12476,0.00000752
106,745,54,213795,20170715,3462,0.00000209
107,752,55,213795,20170722,2286,0.00000137
108,759,56,213795,20170729,2402,0.00000148
109,766,57,213795,20170805,2949,0.00000181
110,773,58,213795,20170812,1822,0.00000112
111,780,59,213795,20170819,1937,0.00000119
112,787,60,213795,20170826,1859,0.00000115
113,794,61,213795,20170902,2288,0.00000138
114,801,62,213795,20170909,2495,0.00000152
115,808,63,213795,20170916,2616,0.00000155
116,815,64,213795,20170923,2956,0.00000178
117,822,65,213795,20170930,9790,0.00000589
118,829,66,213795,20171007,2321,0.00000135
119,836,67,213795,20171014,4318,0.00000254
120,843,68,213795,20171021,2679,0.00000155
121,850,69,213795,20171028,2859,0.00000166
122,857,70,213795,20171104,2834,0.00000162
123,864,71,213795,20171111,4575,0.00000261
124,871,72,213795,20171118,3554,0.00000207
125,878,73,213795,20171125,4339,0.00000246
126,885,74,213795,20171202,4190,0.00000240
127,892,75,213795,20171209,4511,0.00000262
128,899,76,213795,20171216,12836,0.00000787
129,906,77,213795,20171223,2951,0.00000178
130,913,78,213795,20171230,3862,0.00000214
131,920,79,213795,20180106,5395,0.00000284
132,927,80,213795,20180113,7386,0.00000382
133,934,81,213795,20180120,9748,0.00000520
134,941,82,213795,20180127,5665,0.00000306
135,948,83,213795,20180203,4124,0.00000223
136,955,84,213795,20180210,4876,0.00000268
137,962,85,213795,20180217,5560,0.00000302
138,969,86,213795,20180224,5768,0.00000312
139,976,87,213795,20180303,12641,0.00000683
140,983,88,213795,20180310,10120,0.00000550
141,990,89,213795,20180317,47706,0.00002639
142,997,90,213795,20180324,15861,0.00000896
143,1004,91,213795,20180331,16435,0.00000917
144,1011,92,213795,20180407,3233,0.00000177
145,1018,93,213795,20180414,3259,0.00000182
146,1025,94,213795,20180421,2643,0.00000149
147,1032,95,213795,20180428,2194,0.00000127
148,1039,96,213795,20180505,2745,0.00000158
149,1046,97,213795,20180512,3085,0.00000176
150,1053,98,213795,20180519,2556,0.00000142
151,1060,99,213795,20180526,2666,0.00000154
152,1067,100,213795,20180602,2566,0.00000149
153,1074,101,213795,20180609,5930,0.00000347
154,1081,102,213795,20180616,3282,0.00000194
155,1088,103,213795,20180623,3989,0.00000238
0,0,-53,10518,20150701,7332,0.00000430
1,7,-52,10518,20150708,6920,0.00000396
2,14,-51,10518,20150715,7765,0.00000452
3,21,-50,10518,20150722,7798,0.00000448
4,28,-49,10518,20150729,7962,0.00000470
5,35,-48,10518,20150805,9798,0.00000569
6,42,-47,10518,20150812,9351,0.00000539
7,49,-46,10518,20150819,9551,0.00000546
8,56,-45,10518,20150826,10890,0.00000627
9,63,-44,10518,20150902,10875,0.00000592
10,70,-43,10518,20150909,11770,0.00000640
11,77,-42,10518,20150916,11632,0.00000667
12,84,-41,10518,20150923,12267,0.00000708
13,91,-40,10518,20150930,13974,0.00000816
14,98,-39,10518,20151007,12293,0.00000699
15,105,-38,10518,20151014,11993,0.00000679
16,112,-37,10518,20151021,12780,0.00000719
17,119,-36,10518,20151028,12009,0.00000686
18,126,-35,10518,20151104,13101,0.00000737
19,133,-34,10518,20151111,14342,0.00000819
20,140,-33,10518,20151118,14883,0.00000849
21,147,-32,10518,20151125,11700,0.00000674
22,154,-31,10518,20151202,15055,0.00000853
23,161,-30,10518,20151209,15429,0.00000875
24,168,-29,10518,20151216,10937,0.00000671
25,175,-28,10518,20151223,7189,0.00000452
26,182,-27,10518,20151230,9865,0.00000560
27,189,-26,10518,20160106,13582,0.00000731
28,196,-25,10518,20160113,13138,0.00000712
29,203,-24,10518,20160120,13374,0.00000719
30,210,-23,10518,20160127,17161,0.00000926
31,217,-22,10518,20160203,26435,0.00001444
32,224,-21,10518,20160210,14626,0.00000806
33,231,-20,10518,20160217,14931,0.00000814
34,238,-19,10518,20160224,14657,0.00000804
35,245,-18,10518,20160302,13775,0.00000761
36,252,-17,10518,20160309,13939,0.00000804
37,259,-16,10518,20160316,13325,0.00000791
38,266,-15,10518,20160323,10994,0.00000651
39,273,-14,10518,20160330,13386,0.00000783
40,280,-13,10518,20160406,14475,0.00000828
41,287,-12,10518,20160413,14678,0.00000856
42,294,-11,10518,20160420,14442,0.00000820
43,301,-10,10518,20160427,15891,0.00000925
44,308,-9,10518,20160504,16748,0.00000980
45,315,-8,10518,20160511,14568,0.00000850
46,322,-7,10518,20160518,13991,0.00000807
47,329,-6,10518,20160525,11962,0.00000714
48,336,-5,10518,20160601,10118,0.00000595
49,343,-4,10518,20160608,8199,0.00000483
50,350,-3,10518,20160615,7403,0.00000441
51,357,-2,10518,20160622,7231,0.00000429
52,364,-1,10518,20160629,523685,0.00031039
53,371,0,10518,20160706,74622,0.00004428
54,378,1,10518,20160713,24634,0.00001495
55,385,2,10518,20160720,15324,0.00000800
56,392,3,10518,20160727,14320,0.00000730
57,399,4,10518,20160803,11367,0.00000596
58,406,5,10518,20160810,10192,0.00000520
59,413,6,10518,20160817,10606,0.00000609
60,420,7,10518,20160824,12554,0.00000711
61,427,8,10518,20160831,11258,0.00000645
62,434,9,10518,20160907,11902,0.00000675
63,441,10,10518,20160914,11952,0.00000675
64,448,11,10518,20160921,12036,0.00000682
65,455,12,10518,20160928,14784,0.00000843
66,462,13,10518,20161005,12473,0.00000703
67,469,14,10518,20161012,12313,0.00000680
68,476,15,10518,20161019,12378,0.00000692
69,483,16,10518,20161026,12734,0.00000729
70,490,17,10518,20161102,13164,0.00000708
71,497,18,10518,20161109,14348,0.00000749
72,504,19,10518,20161116,16480,0.00000888
73,511,20,10518,20161123,12357,0.00000677
74,518,21,10518,20161130,15472,0.00000834
75,525,22,10518,20161207,16129,0.00000879
76,532,23,10518,20161214,19367,0.00001094
77,539,24,10518,20161221,13092,0.00000753
78,546,25,10518,20161228,25245,0.00001336
79,553,26,10518,20170104,15790,0.00000801
80,560,27,10518,20170111,15595,0.00000788
81,567,28,10518,20170118,15575,0.00000786
82,574,29,10518,20170125,22211,0.00001117
83,581,30,10518,20170201,16834,0.00000865
84,588,31,10518,20170208,15394,0.00000796
85,595,32,10518,20170215,14121,0.00000737
86,602,33,10518,20170222,14797,0.00000762
87,609,34,10518,20170301,14824,0.00000783
88,616,35,10518,20170308,13915,0.00000740
89,623,36,10518,20170315,13780,0.00000731
90,630,37,10518,20170322,13471,0.00000746
91,637,38,10518,20170329,13747,0.00000774
92,644,39,10518,20170405,13454,0.00000768
93,651,40,10518,20170412,13308,0.00000750
94,658,41,10518,20170419,18730,0.00001035
95,665,42,10518,20170426,15468,0.00000868
96,672,43,10518,20170503,14893,0.00000833
97,679,44,10518,20170510,16701,0.00000953
98,686,45,10518,20170517,19317,0.00001071
99,693,46,10518,20170524,16068,0.00000944
100,700,47,10518,20170531,12370,0.00000709
101,707,48,10518,20170607,13376,0.00000783
102,714,49,10518,20170614,8970,0.00000545
103,721,50,10518,20170621,8670,0.00000534
104,728,51,10518,20170628,9244,0.00000576
105,735,52,10518,20170705,22604,0.00001368
106,742,53,10518,20170712,9289,0.00000562
107,749,54,10518,20170719,7680,0.00000459
108,756,55,10518,20170726,7667,0.00000471
109,763,56,10518,20170802,7589,0.00000470
110,770,57,10518,20170809,9928,0.00000611
111,777,58,10518,20170816,15051,0.00000919
112,784,59,10518,20170823,9045,0.00000559
113,791,60,10518,20170830,9619,0.00000589
114,798,61,10518,20170906,9460,0.00000576
115,805,62,10518,20170913,9655,0.00000578
116,812,63,10518,20170920,10307,0.00000615
117,819,64,10518,20170927,12292,0.00000744
118,826,65,10518,20171004,10456,0.00000614
119,833,66,10518,20171011,10659,0.00000622
120,840,67,10518,20171018,15545,0.00000907
121,847,68,10518,20171025,15582,0.00000908
122,854,69,10518,20171101,12021,0.00000688
123,861,70,10518,20171108,13325,0.00000761
124,868,71,10518,20171115,12556,0.00000716
125,875,72,10518,20171122,10787,0.00000622
126,882,73,10518,20171129,12828,0.00000742
127,889,74,10518,20171206,12877,0.00000734
128,896,75,10518,20171213,11437,0.00000683
129,903,76,10518,20171220,7187,0.00000454
130,910,77,10518,20171227,7669,0.00000436
131,917,78,10518,20180103,9828,0.00000517
132,924,79,10518,20180110,12477,0.00000654
133,931,80,10518,20180117,12503,0.00000658
134,938,81,10518,20180124,15271,0.00000815
135,945,82,10518,20180131,13405,0.00000727
136,952,83,10518,20180207,12598,0.00000686
137,959,84,10518,20180214,11236,0.00000617
138,966,85,10518,20180221,12069,0.00000649
139,973,86,10518,20180228,13012,0.00000704
140,980,87,10518,20180307,15245,0.00000834
141,987,88,10518,20180314,13144,0.00000720
142,994,89,10518,20180321,12211,0.00000683
143,1001,90,10518,20180328,10198,0.00000574
144,1008,91,10518,20180404,12210,0.00000673
145,1015,92,10518,20180411,17825,0.00000981
146,1022,93,10518,20180418,14488,0.00000821
147,1029,94,10518,20180425,12777,0.00000728
148,1036,95,10518,20180502,13229,0.00000767
149,1043,96,10518,20180509,12697,0.00000728
150,1050,97,10518,20180516,11902,0.00000656
151,1057,98,10518,20180523,10538,0.00000608
152,1064,99,10518,20180530,9877,0.00000578
153,1071,100,10518,20180606,8703,0.00000503
154,1078,101,10518,20180613,7925,0.00000468
155,1085,102,10518,20180620,10225,0.00000608
156,1092,103,10518,20180627,9366,0.00000558
0,0,-53,514223,20150701,2741,0.00000161
1,7,-52,514223,20150708,2529,0.00000145
2,14,-51,514223,20150715,3177,0.00000185
3,21,-50,514223,20150722,2697,0.00000155
4,28,-49,514223,20150729,3716,0.00000219
5,35,-48,514223,20150805,2684,0.00000156
6,42,-47,514223,20150812,4003,0.00000231
7,49,-46,514223,20150819,6541,0.00000374
8,56,-45,514223,20150826,4817,0.00000277
9,63,-44,514223,20150902,3984,0.00000217
10,70,-43,514223,20150909,3559,0.00000194
11,77,-42,514223,20150916,7973,0.00000457
12,84,-41,514223,20150923,4108,0.00000237
13,91,-40,514223,20150930,4410,0.00000257
14,98,-39,514223,20151007,4949,0.00000281
15,105,-38,514223,20151014,3856,0.00000218
16,112,-37,514223,20151021,2854,0.00000161
17,119,-36,514223,20151028,5985,0.00000342
18,126,-35,514223,20151104,6559,0.00000369
19,133,-34,514223,20151111,5368,0.00000307
20,140,-33,514223,20151118,5868,0.00000335
21,147,-32,514223,20151125,4921,0.00000283
22,154,-31,514223,20151202,4502,0.00000255
23,161,-30,514223,20151209,5543,0.00000314
24,168,-29,514223,20151216,5863,0.00000360
25,175,-28,514223,20151223,7064,0.00000445
26,182,-27,514223,20151230,6136,0.00000348
27,189,-26,514223,20160106,3639,0.00000196
28,196,-25,514223,20160113,3076,0.00000167
29,203,-24,514223,20160120,4688,0.00000252
30,210,-23,514223,20160127,2590,0.00000140
31,217,-22,514223,20160203,2756,0.00000151
32,224,-21,514223,20160210,2649,0.00000146
33,231,-20,514223,20160217,4438,0.00000242
34,238,-19,514223,20160224,2951,0.00000162
35,245,-18,514223,20160302,3133,0.00000173
36,252,-17,514223,20160309,14902,0.00000859
37,259,-16,514223,20160316,9605,0.00000570
38,266,-15,514223,20160323,3856,0.00000228
39,273,-14,514223,20160330,3110,0.00000182
40,280,-13,514223,20160406,2440,0.00000140
41,287,-12,514223,20160413,3454,0.00000201
42,294,-11,514223,20160420,8224,0.00000467
43,301,-10,514223,20160427,4656,0.00000271
44,308,-9,514223,20160504,3402,0.00000199
45,315,-8,514223,20160511,3660,0.00000214
46,322,-7,514223,20160518,4752,0.00000274
47,329,-6,514223,20160525,3556,0.00000212
48,336,-5,514223,20160601,3539,0.00000208
49,343,-4,514223,20160608,3842,0.00000226
50,350,-3,514223,20160615,4364,0.00000260
51,357,-2,514223,20160622,4106,0.00000244
52,364,-1,514223,20160629,701917,0.00041603
53,371,0,514223,20160706,66671,0.00003956
54,378,1,514223,20160713,16686,0.00001013
55,385,2,514223,20160720,10682,0.00000558
56,392,3,514223,20160727,8995,0.00000459
57,399,4,514223,20160803,21454,0.00001126
58,406,5,514223,20160810,5902,0.00000301
59,413,6,514223,20160817,6345,0.00000364
60,420,7,514223,20160824,5181,0.00000293
61,427,8,514223,20160831,4993,0.00000286
62,434,9,514223,20160907,5496,0.00000312
63,441,10,514223,20160914,4773,0.00000270
64,448,11,514223,20160921,5818,0.00000330
65,455,12,514223,20160928,14357,0.00000819
66,462,13,514223,20161005,9004,0.00000508
67,469,14,514223,20161012,7157,0.00000395
68,476,15,514223,20161019,17776,0.00000994
69,483,16,514223,20161026,6007,0.00000344
70,490,17,514223,20161102,4772,0.00000257
71,497,18,514223,20161109,10271,0.00000536
72,504,19,514223,20161116,9110,0.00000491
73,511,20,514223,20161123,14016,0.00000768
74,518,21,514223,20161130,13534,0.00000729
75,525,22,514223,20161207,14346,0.00000782
76,532,23,514223,20161214,20563,0.00001161
77,539,24,514223,20161221,83831,0.00004821
78,546,25,514223,20161228,27329,0.00001446
79,553,26,514223,20170104,7125,0.00000361
80,560,27,514223,20170111,6200,0.00000313
81,567,28,514223,20170118,4460,0.00000225
82,574,29,514223,20170125,4412,0.00000222
83,581,30,514223,20170201,6548,0.00000336
84,588,31,514223,20170208,3640,0.00000188
85,595,32,514223,20170215,4160,0.00000217
86,602,33,514223,20170222,4002,0.00000206
87,609,34,514223,20170301,4437,0.00000234
88,616,35,514223,20170308,3579,0.00000190
89,623,36,514223,20170315,4030,0.00000214
90,630,37,514223,20170322,3541,0.00000196
91,637,38,514223,20170329,4532,0.00000255
92,644,39,514223,20170405,4855,0.00000277
93,651,40,514223,20170412,6059,0.00000341
94,658,41,514223,20170419,4726,0.00000261
95,665,42,514223,20170426,5484,0.00000308
96,672,43,514223,20170503,4789,0.00000268
97,679,44,514223,20170510,15872,0.00000906
98,686,45,514223,20170517,5876,0.00000326
99,693,46,514223,20170524,3796,0.00000223
100,700,47,514223,20170531,4655,0.00000267
101,707,48,514223,20170607,3749,0.00000220
102,714,49,514223,20170614,3632,0.00000221
103,721,50,514223,20170621,3832,0.00000236
104,728,51,514223,20170628,4358,0.00000271
105,735,52,514223,20170705,3601,0.00000218
106,742,53,514223,20170712,3698,0.00000224
107,749,54,514223,20170719,4942,0.00000295
108,756,55,514223,20170726,3219,0.00000198
109,763,56,514223,20170802,3046,0.00000189
110,770,57,514223,20170809,3112,0.00000191
111,777,58,514223,20170816,3428,0.00000209
112,784,59,514223,20170823,4189,0.00000259
113,791,60,514223,20170830,3111,0.00000190
114,798,61,514223,20170906,3705,0.00000226
115,805,62,514223,20170913,3113,0.00000186
116,812,63,514223,20170920,4509,0.00000269
117,819,64,514223,20170927,4295,0.00000260
118,826,65,514223,20171004,4171,0.00000245
119,833,66,514223,20171011,4789,0.00000280
120,840,67,514223,20171018,7525,0.00000439
121,847,68,514223,20171025,5505,0.00000321
122,854,69,514223,20171101,6667,0.00000382
123,861,70,514223,20171108,6053,0.00000346
124,868,71,514223,20171115,5220,0.00000298
125,875,72,514223,20171122,6005,0.00000346
126,882,73,514223,20171129,8749,0.00000506
127,889,74,514223,20171206,9910,0.00000565
128,896,75,514223,20171213,14089,0.00000841
129,903,76,514223,20171220,17202,0.00001087
130,910,77,514223,20171227,8527,0.00000485
131,917,78,514223,20180103,5795,0.00000305
132,924,79,514223,20180110,4944,0.00000259
133,931,80,514223,20180117,3929,0.00000207
134,938,81,514223,20180124,4094,0.00000219
135,945,82,514223,20180131,3838,0.00000208
136,952,83,514223,20180207,3849,0.00000210
137,959,84,514223,20180214,7079,0.00000389
138,966,85,514223,20180221,5635,0.00000303
139,973,86,514223,20180228,10346,0.00000560
140,980,87,514223,20180307,9821,0.00000537
141,987,88,514223,20180314,6713,0.00000368
142,994,89,514223,20180321,7703,0.00000431
143,1001,90,514223,20180328,5856,0.00000329
144,1008,91,514223,20180404,3782,0.00000208
145,1015,92,514223,20180411,3465,0.00000191
146,1022,93,514223,20180418,3821,0.00000216
147,1029,94,514223,20180425,3451,0.00000197
148,1036,95,514223,20180502,5243,0.00000304
149,1043,96,514223,20180509,3826,0.00000219
150,1050,97,514223,20180516,3953,0.00000218
151,1057,98,514223,20180523,3488,0.00000201
152,1064,99,514223,20180530,4537,0.00000265
153,1071,100,514223,20180606,3727,0.00000215
154,1078,101,514223,20180613,3418,0.00000202
155,1085,102,514223,20180620,4149,0.00000247
156,1092,103,514223,20180627,5049,0.00000301
1,6,-52,1224343,20150707,5207,0.00000298
2,13,-51,1224343,20150714,2300,0.00000133
3,20,-50,1224343,20150721,2139,0.00000123
4,27,-49,1224343,20150728,6698,0.00000393
5,34,-48,1224343,20150804,6360,0.00000370
6,41,-47,1224343,20150811,3285,0.00000190
7,48,-46,1224343,20150818,2541,0.00000146
8,55,-45,1224343,20150825,2749,0.00000158
9,62,-44,1224343,20150901,3453,0.00000192
10,69,-43,1224343,20150908,2691,0.00000145
11,76,-42,1224343,20150915,2470,0.00000141
12,83,-41,1224343,20150922,2096,0.00000121
13,90,-40,1224343,20150929,2275,0.00000133
14,97,-39,1224343,20151006,2947,0.00000168
15,104,-38,1224343,20151013,2658,0.00000151
16,111,-37,1224343,20151020,4294,0.00000241
17,118,-36,1224343,20151027,8491,0.00000483
18,125,-35,1224343,20151103,2653,0.00000150
19,132,-34,1224343,20151110,2464,0.00000141
20,139,-33,1224343,20151117,2907,0.00000165
21,146,-32,1224343,20151124,2916,0.00000168
22,153,-31,1224343,20151201,2496,0.00000142
23,160,-30,1224343,20151208,1994,0.00000112
24,167,-29,1224343,20151215,15912,0.00000965
25,174,-28,1224343,20151222,8419,0.00000535
26,181,-27,1224343,20151229,5351,0.00000306
27,188,-26,1224343,20160105,3458,0.00000187
28,195,-25,1224343,20160112,5990,0.00000325
29,202,-24,1224343,20160119,4104,0.00000220
30,209,-23,1224343,20160126,2994,0.00000162
31,216,-22,1224343,20160202,2509,0.00000137
32,223,-21,1224343,20160209,2582,0.00000143
33,230,-20,1224343,20160216,2788,0.00000151
34,237,-19,1224343,20160223,2971,0.00000163
35,244,-18,1224343,20160301,2441,0.00000134
36,251,-17,1224343,20160308,2109,0.00000121
37,258,-16,1224343,20160315,2419,0.00000143
38,265,-15,1224343,20160322,2391,0.00000143
39,272,-14,1224343,20160329,2034,0.00000119
40,279,-13,1224343,20160405,2063,0.00000118
41,286,-12,1224343,20160412,2852,0.00000166
42,293,-11,1224343,20160419,4154,0.00000236
43,300,-10,1224343,20160426,6431,0.00000374
44,307,-9,1224343,20160503,3664,0.00000215
45,314,-8,1224343,20160510,2967,0.00000173
46,321,-7,1224343,20160517,2606,0.00000150
47,328,-6,1224343,20160524,2226,0.00000133
48,335,-5,1224343,20160531,3284,0.00000192
49,342,-4,1224343,20160607,10987,0.00000650
50,349,-3,1224343,20160614,24937,0.00001477
51,356,-2,1224343,20160621,7929,0.00000472
52,363,-1,1224343,20160628,6734,0.00000399
53,370,0,1224343,20160705,473064,0.00027961
54,377,1,1224343,20160712,90270,0.00005482
55,384,2,1224343,20160719,29449,0.00001577
56,391,3,1224343,20160726,13492,0.00000686
57,398,4,1224343,20160802,10147,0.00000532
58,405,5,1224343,20160809,10547,0.00000536
59,412,6,1224343,20160816,8949,0.00000508
60,419,7,1224343,20160823,9362,0.00000532
61,426,8,1224343,20160830,7057,0.00000403
62,433,9,1224343,20160906,5203,0.00000296
63,440,10,1224343,20160913,4061,0.00000229
64,447,11,1224343,20160920,5357,0.00000302
65,454,12,1224343,20160927,5112,0.00000293
66,461,13,1224343,20161004,4370,0.00000246
67,468,14,1224343,20161011,5194,0.00000288
68,475,15,1224343,20161018,4608,0.00000257
69,482,16,1224343,20161025,4036,0.00000231
70,489,17,1224343,20161101,3915,0.00000212
71,496,18,1224343,20161108,5511,0.00000288
72,503,19,1224343,20161115,3904,0.00000210
73,510,20,1224343,20161122,4110,0.00000226
74,517,21,1224343,20161129,7110,0.00000383
75,524,22,1224343,20161206,5805,0.00000314
76,531,23,1224343,20161213,4150,0.00000234
77,538,24,1224343,20161220,3580,0.00000207
78,545,25,1224343,20161227,6239,0.00000332
79,552,26,1224343,20170103,5499,0.00000278
80,559,27,1224343,20170110,3751,0.00000190
81,566,28,1224343,20170117,3896,0.00000196
82,573,29,1224343,20170124,2901,0.00000146
83,580,30,1224343,20170131,2993,0.00000154
84,587,31,1224343,20170207,3210,0.00000165
85,594,32,1224343,20170214,3221,0.00000169
86,601,33,1224343,20170221,30888,0.00001590
87,608,34,1224343,20170228,442041,0.00023297
88,615,35,1224343,20170307,6891,0.00000366
89,622,36,1224343,20170314,4962,0.00000264
90,629,37,1224343,20170321,4610,0.00000253
91,636,38,1224343,20170328,4811,0.00000271
92,643,39,1224343,20170404,3398,0.00000193
93,650,40,1224343,20170411,3697,0.00000210
94,657,41,1224343,20170418,4035,0.00000223
95,664,42,1224343,20170425,4205,0.00000236
96,671,43,1224343,20170502,3549,0.00000198
97,678,44,1224343,20170509,3494,0.00000199
98,685,45,1224343,20170516,3288,0.00000183
99,692,46,1224343,20170523,4153,0.00000243
100,699,47,1224343,20170530,4006,0.00000229
101,706,48,1224343,20170606,3705,0.00000216
102,713,49,1224343,20170613,3777,0.00000229
103,720,50,1224343,20170620,3399,0.00000208
104,727,51,1224343,20170627,3058,0.00000191
105,734,52,1224343,20170704,11554,0.00000702
106,741,53,1224343,20170711,4860,0.00000293
107,748,54,1224343,20170718,3791,0.00000227
108,755,55,1224343,20170725,3837,0.00000234
109,762,56,1224343,20170801,3275,0.00000203
110,769,57,1224343,20170808,4147,0.00000255
111,776,58,1224343,20170815,4645,0.00000284
112,783,59,1224343,20170822,5131,0.00000317
113,790,60,1224343,20170829,2394,0.00000148
114,797,61,1224343,20170905,3285,0.00000198
115,804,62,1224343,20170912,3238,0.00000195
116,811,63,1224343,20170919,3225,0.00000192
117,818,64,1224343,20170926,3244,0.00000197
118,825,65,1224343,20171003,3477,0.00000205
119,832,66,1224343,20171010,3326,0.00000194
120,839,67,1224343,20171017,3515,0.00000206
121,846,68,1224343,20171024,3529,0.00000204
122,853,69,1224343,20171031,3517,0.00000203
123,860,70,1224343,20171107,3726,0.00000213
124,867,71,1224343,20171114,3530,0.00000201
125,874,72,1224343,20171121,3158,0.00000183
126,881,73,1224343,20171128,2903,0.00000168
127,888,74,1224343,20171205,2990,0.00000170
128,895,75,1224343,20171212,2472,0.00000146
129,902,76,1224343,20171219,2282,0.00000144
130,909,77,1224343,20171226,2868,0.00000166
131,916,78,1224343,20180102,3175,0.00000167
132,923,79,1224343,20180109,3116,0.00000164
133,930,80,1224343,20180116,2931,0.00000154
134,937,81,1224343,20180123,3049,0.00000162
135,944,82,1224343,20180130,3161,0.00000171
136,951,83,1224343,20180206,3125,0.00000170
137,958,84,1224343,20180213,2829,0.00000156
138,965,85,1224343,20180220,2446,0.00000132
139,972,86,1224343,20180227,3338,0.00000180
140,979,87,1224343,20180306,3128,0.00000171
141,986,88,1224343,20180313,3465,0.00000189
142,993,89,1224343,20180320,3177,0.00000178
143,1000,90,1224343,20180327,3048,0.00000172
144,1007,91,1224343,20180403,2959,0.00000163
145,1014,92,1224343,20180410,2820,0.00000155
146,1021,93,1224343,20180417,2889,0.00000164
147,1028,94,1224343,20180424,3158,0.00000179
148,1035,95,1224343,20180501,3965,0.00000230
149,1042,96,1224343,20180508,2796,0.00000160
150,1049,97,1224343,20180515,2762,0.00000153
151,1056,98,1224343,20180522,3166,0.00000183
152,1063,99,1224343,20180529,3172,0.00000184
153,1070,100,1224343,20180605,2621,0.00000151
154,1077,101,1224343,20180612,2058,0.00000122
155,1084,102,1224343,20180619,2843,0.00000168
156,1091,103,1224343,20180626,3119,0.00000186
0,3,-55,543262,20150704,44416,0.00002557
1,10,-54,543262,20150711,23316,0.00001341
2,17,-53,543262,20150718,7577,0.00000439
3,24,-52,543262,20150725,7239,0.00000414
4,31,-51,543262,20150801,6888,0.00000408
5,38,-50,543262,20150808,5890,0.00000343
6,45,-49,543262,20150815,5885,0.00000338
7,52,-48,543262,20150822,6763,0.00000388
8,59,-47,543262,20150829,6149,0.00000350
9,66,-46,543262,20150905,6215,0.00000335
10,73,-45,543262,20150912,5853,0.00000326
11,80,-44,543262,20150919,5501,0.00000315
12,87,-43,543262,20150926,6001,0.00000350
13,94,-42,543262,20151003,6440,0.00000369
14,101,-41,543262,20151010,6303,0.00000358
15,108,-40,543262,20151017,7534,0.00000424
16,115,-39,543262,20151024,9216,0.00000522
17,122,-38,543262,20151031,12920,0.00000734
18,129,-37,543262,20151107,6995,0.00000398
19,136,-36,543262,20151114,5299,0.00000301
20,143,-35,543262,20151121,5103,0.00000298
21,150,-34,543262,20151128,5017,0.00000283
22,157,-33,543262,20151205,5198,0.00000293
23,164,-32,543262,20151212,5638,0.00000329
24,171,-31,543262,20151219,5602,0.00000361
25,178,-30,543262,20151226,10801,0.00000650
26,185,-29,543262,20160102,8021,0.00000438
27,192,-28,543262,20160109,6361,0.00000341
28,199,-27,543262,20160116,6359,0.00000344
29,206,-26,543262,20160123,6431,0.00000347
30,213,-25,543262,20160130,6695,0.00000361
31,220,-24,543262,20160206,7415,0.00000410
32,227,-23,543262,20160213,9801,0.00000536
33,234,-22,543262,20160220,6996,0.00000383
34,241,-21,543262,20160227,6101,0.00000333
35,248,-20,543262,20160305,5901,0.00000332
36,255,-19,543262,20160312,8123,0.00000473
37,262,-18,543262,20160319,8097,0.00000489
38,269,-17,543262,20160326,7327,0.00000429
39,276,-16,543262,20160402,9301,0.00000535
40,283,-15,543262,20160409,9573,0.00000550
41,290,-14,543262,20160416,19515,0.00001125
42,297,-13,543262,20160423,55557,0.00003192
43,304,-12,543262,20160430,37225,0.00002181
44,311,-11,543262,20160507,17063,0.00000999
45,318,-10,543262,20160514,10530,0.00000610
46,325,-9,543262,20160521,8064,0.00000472
47,332,-8,543262,20160528,8113,0.00000481
48,339,-7,543262,20160604,7044,0.00000417
49,346,-6,543262,20160611,6492,0.00000382
50,353,-5,543262,20160618,6517,0.00000389
51,360,-4,543262,20160625,6224,0.00000367
52,367,-3,543262,20160702,6278,0.00000374
53,374,-2,543262,20160709,6649,0.00000398
54,381,-1,543262,20160716,678824,0.00039155
55,388,0,543262,20160723,105307,0.00005366
56,395,1,543262,20160730,33722,0.00001758
57,402,2,543262,20160806,21471,0.00001099
58,409,3,543262,20160813,16270,0.00000883
59,416,4,543262,20160820,15060,0.00000855
60,423,5,543262,20160827,19137,0.00001084
61,430,6,543262,20160903,14044,0.00000807
62,437,7,543262,20160910,11074,0.00000625
63,444,8,543262,20160917,27046,0.00001514
64,451,9,543262,20160924,10377,0.00000596
65,458,10,543262,20161001,8892,0.00000501
66,465,11,543262,20161008,10086,0.00000567
67,472,12,543262,20161015,12404,0.00000686
68,479,13,543262,20161022,14462,0.00000818
69,486,14,543262,20161029,28958,0.00001616
70,493,15,543262,20161105,98947,0.00005259
71,500,16,543262,20161112,22419,0.00001180
72,507,17,543262,20161119,13011,0.00000724
73,514,18,543262,20161126,11813,0.00000634
74,521,19,543262,20161203,11073,0.00000592
75,528,20,543262,20161210,14418,0.00000807
76,535,21,543262,20161217,14896,0.00000848
77,542,22,543262,20161224,28363,0.00001557
78,549,23,543262,20161231,27382,0.00001439
79,556,24,543262,20170107,12656,0.00000642
80,563,25,543262,20170114,10479,0.00000527
81,570,26,543262,20170121,11862,0.00000598
82,577,27,543262,20170128,11818,0.00000602
83,584,28,543262,20170204,10933,0.00000560
84,591,29,543262,20170211,13020,0.00000679
85,598,30,543262,20170218,10353,0.00000540
86,605,31,543262,20170225,18478,0.00000953
87,612,32,543262,20170304,12357,0.00000654
88,619,33,543262,20170311,9697,0.00000518
89,626,34,543262,20170318,8536,0.00000455
90,633,35,543262,20170325,7814,0.00000437
91,640,36,543262,20170401,9998,0.00000565
92,647,37,543262,20170408,8549,0.00000490
93,654,38,543262,20170415,8595,0.00000477
94,661,39,543262,20170422,21385,0.00001194
95,668,40,543262,20170429,11138,0.00000624
96,675,41,543262,20170506,8351,0.00000470
97,682,42,543262,20170513,9891,0.00000561
98,689,43,543262,20170520,7998,0.00000453
99,696,44,543262,20170527,8274,0.00000474
100,703,45,543262,20170603,7737,0.00000451
101,710,46,543262,20170610,7310,0.00000436
102,717,47,543262,20170617,7221,0.00000438
103,724,48,543262,20170624,7366,0.00000459
104,731,49,543262,20170701,8892,0.00000550
105,738,50,543262,20170708,7619,0.00000459
106,745,51,543262,20170715,9900,0.00000597
107,752,52,543262,20170722,7994,0.00000480
108,759,53,543262,20170729,11207,0.00000692
109,766,54,543262,20170805,8657,0.00000533
110,773,55,543262,20170812,8291,0.00000511
111,780,56,543262,20170819,7819,0.00000480
112,787,57,543262,20170826,7363,0.00000457
113,794,58,543262,20170902,7501,0.00000452
114,801,59,543262,20170909,6735,0.00000411
115,808,60,543262,20170916,7766,0.00000460
116,815,61,543262,20170923,7518,0.00000452
117,822,62,543262,20170930,7422,0.00000446
118,829,63,543262,20171007,8965,0.00000522
119,836,64,543262,20171014,9883,0.00000582
120,843,65,543262,20171021,12264,0.00000710
121,850,66,543262,20171028,15795,0.00000916
122,857,67,543262,20171104,6784,0.00000388
123,864,68,543262,20171111,7827,0.00000446
124,871,69,543262,20171118,6659,0.00000387
125,878,70,543262,20171125,6724,0.00000382
126,885,71,543262,20171202,6402,0.00000367
127,892,72,543262,20171209,6175,0.00000358
128,899,73,543262,20171216,6234,0.00000382
129,906,74,543262,20171223,10248,0.00000620
130,913,75,543262,20171230,15490,0.00000859
131,920,76,543262,20180106,8918,0.00000470
132,927,77,543262,20180113,8758,0.00000453
133,934,78,543262,20180120,7847,0.00000419
134,941,79,543262,20180127,7855,0.00000424
135,948,80,543262,20180203,8150,0.00000441
136,955,81,543262,20180210,9250,0.00000509
137,962,82,543262,20180217,8021,0.00000435
138,969,83,543262,20180224,7452,0.00000403
139,976,84,543262,20180303,7602,0.00000411
140,983,85,543262,20180310,7363,0.00000400
141,990,86,543262,20180317,9373,0.00000518
142,997,87,543262,20180324,9337,0.00000528
143,1004,88,543262,20180331,7503,0.00000418
144,1011,89,543262,20180407,6807,0.00000374
145,1018,90,543262,20180414,7177,0.00000400
146,1025,91,543262,20180421,6213,0.00000349
147,1032,92,543262,20180428,8046,0.00000466
148,1039,93,543262,20180505,7469,0.00000431
149,1046,94,543262,20180512,8762,0.00000499
150,1053,95,543262,20180519,6666,0.00000371
151,1060,96,543262,20180526,8819,0.00000510
152,1067,97,543262,20180602,8556,0.00000497
153,1074,98,543262,20180609,7598,0.00000445
154,1081,99,543262,20180616,7525,0.00000446
155,1088,100,543262,20180623,7901,0.00000471
0,1,-61,355574,20150702,2628,0.00000153
1,8,-60,355574,20150709,3885,0.00000222
2,15,-59,355574,20150716,3863,0.00000225
3,22,-58,355574,20150723,2984,0.00000170
4,29,-57,355574,20150730,3154,0.00000188
5,36,-56,355574,20150806,3099,0.00000180
6,43,-55,355574,20150813,2961,0.00000170
7,50,-54,355574,20150820,2960,0.00000169
8,57,-53,355574,20150827,2741,0.00000158
9,64,-52,355574,20150903,17491,0.00000946
10,71,-51,355574,20150910,5101,0.00000281
11,78,-50,355574,20150917,3966,0.00000227
12,85,-49,355574,20150924,3715,0.00000215
13,92,-48,355574,20151001,3733,0.00000217
14,99,-47,355574,20151008,3925,0.00000223
15,106,-46,355574,20151015,4426,0.00000251
16,113,-45,355574,20151022,3674,0.00000207
17,120,-44,355574,20151029,4034,0.00000230
18,127,-43,355574,20151105,4974,0.00000281
19,134,-42,355574,20151112,4449,0.00000253
20,141,-41,355574,20151119,4632,0.00000266
21,148,-40,355574,20151126,4567,0.00000261
22,155,-39,355574,20151203,4622,0.00000261
23,162,-38,355574,20151210,4251,0.00000243
24,169,-37,355574,20151217,5425,0.00000338
25,176,-36,355574,20151224,19441,0.00001207
26,183,-35,355574,20151231,5027,0.00000282
27,190,-34,355574,20160107,4183,0.00000225
28,197,-33,355574,20160114,3248,0.00000176
29,204,-32,355574,20160121,2845,0.00000153
30,211,-31,355574,20160128,2935,0.00000158
31,218,-30,355574,20160204,2853,0.00000156
32,225,-29,355574,20160211,3123,0.00000172
33,232,-28,355574,20160218,2858,0.00000156
34,239,-27,355574,20160225,2483,0.00000136
35,246,-26,355574,20160303,2505,0.00000139
36,253,-25,355574,20160310,2591,0.00000150
37,260,-24,355574,20160317,3812,0.00000228
38,267,-23,355574,20160324,2676,0.00000157
39,274,-22,355574,20160331,2729,0.00000159
40,281,-21,355574,20160407,3749,0.00000215
41,288,-20,355574,20160414,5298,0.00000309
42,295,-19,355574,20160421,5220,0.00000296
43,302,-18,355574,20160428,13324,0.00000777
44,309,-17,355574,20160505,4604,0.00000269
45,316,-16,355574,20160512,3923,0.00000228
46,323,-15,355574,20160519,4278,0.00000248
47,330,-14,355574,20160526,4926,0.00000293
48,337,-13,355574,20160602,4371,0.00000258
49,344,-12,355574,20160609,4268,0.00000251
50,351,-11,355574,20160616,4068,0.00000243
51,358,-10,355574,20160623,4048,0.00000240
52,365,-9,355574,20160630,5983,0.00000353
53,372,-8,355574,20160707,8988,0.00000538
54,379,-7,355574,20160714,6378,0.00000384
55,386,-6,355574,20160721,6203,0.00000319
56,393,-5,355574,20160728,6043,0.00000310
57,400,-4,355574,20160804,4568,0.00000238
58,407,-3,355574,20160811,5154,0.00000269
59,414,-2,355574,20160818,7172,0.00000410
60,421,-1,355574,20160825,834267,0.00047168
61,428,0,355574,20160901,225890,0.00012994
62,435,1,355574,20160908,110832,0.00006271
63,442,2,355574,20160915,56352,0.00003181
64,449,3,355574,20160922,38186,0.00002164
65,456,4,355574,20160929,32022,0.00001820
66,463,5,355574,20161006,25613,0.00001446
67,470,6,355574,20161013,18825,0.00001038
68,477,7,355574,20161020,18137,0.00001018
69,484,8,355574,20161027,19930,0.00001135
70,491,9,355574,20161103,15362,0.00000820
71,498,10,355574,20161110,12833,0.00000673
72,505,11,355574,20161117,20328,0.00001105
73,512,12,355574,20161124,15585,0.00000848
74,519,13,355574,20161201,8456,0.00000455
75,526,14,355574,20161208,7696,0.00000422
76,533,15,355574,20161215,6161,0.00000349
77,540,16,355574,20161222,9891,0.00000563
78,547,17,355574,20161229,12675,0.00000669
79,554,18,355574,20170105,13773,0.00000699
80,561,19,355574,20170112,5577,0.00000281
81,568,20,355574,20170119,5003,0.00000252
82,575,21,355574,20170126,5412,0.00000273
83,582,22,355574,20170202,5179,0.00000266
84,589,23,355574,20170209,7133,0.00000369
85,596,24,355574,20170216,5949,0.00000310
86,603,25,355574,20170223,5268,0.00000272
87,610,26,355574,20170302,5094,0.00000269
88,617,27,355574,20170309,4935,0.00000263
89,624,28,355574,20170316,4643,0.00000246
90,631,29,355574,20170323,5170,0.00000287
91,638,30,355574,20170330,4621,0.00000261
92,645,31,355574,20170406,4007,0.00000229
93,652,32,355574,20170413,4188,0.00000235
94,659,33,355574,20170420,4707,0.00000261
95,666,34,355574,20170427,5515,0.00000309
96,673,35,355574,20170504,4770,0.00000267
97,680,36,355574,20170511,4398,0.00000251
98,687,37,355574,20170518,4984,0.00000278
99,694,38,355574,20170525,4108,0.00000236
100,701,39,355574,20170601,3727,0.00000218
101,708,40,355574,20170608,3742,0.00000221
102,715,41,355574,20170615,4088,0.00000247
103,722,42,355574,20170622,3698,0.00000229
104,729,43,355574,20170629,3570,0.00000222
105,736,44,355574,20170706,3669,0.00000221
106,743,45,355574,20170713,3778,0.00000229
107,750,46,355574,20170720,3541,0.00000211
108,757,47,355574,20170727,3580,0.00000220
109,764,48,355574,20170803,3976,0.00000246
110,771,49,355574,20170810,4044,0.00000249
111,778,50,355574,20170817,4886,0.00000299
112,785,51,355574,20170824,23369,0.00001444
113,792,52,355574,20170831,7126,0.00000434
114,799,53,355574,20170907,4192,0.00000256
115,806,54,355574,20170914,4777,0.00000284
116,813,55,355574,20170921,4375,0.00000261
117,820,56,355574,20170928,4429,0.00000268
118,827,57,355574,20171005,4459,0.00000261
119,834,58,355574,20171012,4488,0.00000263
120,841,59,355574,20171019,4575,0.00000265
121,848,60,355574,20171026,5923,0.00000346
122,855,61,355574,20171102,5008,0.00000285
123,862,62,355574,20171109,4191,0.00000240
124,869,63,355574,20171116,4364,0.00000249
125,876,64,355574,20171123,4532,0.00000261
126,883,65,355574,20171130,4151,0.00000241
127,890,66,355574,20171207,4002,0.00000228
128,897,67,355574,20171214,3878,0.00000234
129,904,68,355574,20171221,6067,0.00000380
130,911,69,355574,20171228,10620,0.00000596
131,918,70,355574,20180104,12749,0.00000673
132,925,71,355574,20180111,12320,0.00000642
133,932,72,355574,20180118,4859,0.00000257
134,939,73,355574,20180125,4231,0.00000226
135,946,74,355574,20180201,4076,0.00000221
136,953,75,355574,20180208,4245,0.00000232
137,960,76,355574,20180215,3945,0.00000215
138,967,77,355574,20180222,4154,0.00000224
139,974,78,355574,20180301,4051,0.00000219
140,981,79,355574,20180308,4315,0.00000235
141,988,80,355574,20180315,4281,0.00000236
142,995,81,355574,20180322,3832,0.00000215
143,1002,82,355574,20180329,3812,0.00000214
144,1009,83,355574,20180405,4133,0.00000227
145,1016,84,355574,20180412,4095,0.00000226
146,1023,85,355574,20180419,4007,0.00000226
147,1030,86,355574,20180426,3725,0.00000214
148,1037,87,355574,20180503,4227,0.00000245
149,1044,88,355574,20180510,5254,0.00000300
150,1051,89,355574,20180517,4240,0.00000234
151,1058,90,355574,20180524,4277,0.00000247
152,1065,91,355574,20180531,5013,0.00000294
153,1072,92,355574,20180607,4075,0.00000235
154,1079,93,355574,20180614,3674,0.00000218
155,1086,94,355574,20180621,3752,0.00000223
0,2,-61,430144,20150703,29986,0.00001743
1,9,-60,430144,20150710,34898,0.00001997
2,16,-59,430144,20150717,29588,0.00001721
3,23,-58,430144,20150724,39554,0.00002254
4,30,-57,430144,20150731,27872,0.00001661
5,37,-56,430144,20150807,50902,0.00002954
6,44,-55,430144,20150814,32930,0.00001891
7,51,-54,430144,20150821,30535,0.00001749
8,58,-53,430144,20150828,46989,0.00002682
9,65,-52,430144,20150904,29777,0.00001614
10,72,-51,430144,20150911,23744,0.00001309
11,79,-50,430144,20150918,28107,0.00001609
12,86,-49,430144,20150925,29852,0.00001735
13,93,-48,430144,20151002,31626,0.00001821
14,100,-47,430144,20151009,26231,0.00001490
15,107,-46,430144,20151016,29263,0.00001656
16,114,-45,430144,20151023,26746,0.00001510
17,121,-44,430144,20151030,31577,0.00001796
18,128,-43,430144,20151106,99475,0.00005635
19,135,-42,430144,20151113,55793,0.00003178
20,142,-41,430144,20151120,34338,0.00001992
21,149,-40,430144,20151127,48541,0.00002759
22,156,-39,430144,20151204,33548,0.00001895
23,163,-38,430144,20151211,25233,0.00001455
24,170,-37,430144,20151218,43366,0.00002754
25,177,-36,430144,20151225,55084,0.00003380
26,184,-35,430144,20160101,42204,0.00002326
27,191,-34,430144,20160108,31931,0.00001712
28,198,-33,430144,20160115,27227,0.00001477
29,205,-32,430144,20160122,26570,0.00001428
30,212,-31,430144,20160129,24626,0.00001330
31,219,-30,430144,20160205,20213,0.00001113
32,226,-29,430144,20160212,27720,0.00001520
33,233,-28,430144,20160219,29196,0.00001594
34,240,-27,430144,20160226,41709,0.00002285
35,247,-26,430144,20160304,31212,0.00001743
36,254,-25,430144,20160311,45231,0.00002621
37,261,-24,430144,20160318,45902,0.00002772
38,268,-23,430144,20160325,58131,0.00003405
39,275,-22,430144,20160401,33682,0.00001949
40,282,-21,430144,20160408,26613,0.00001525
41,289,-20,430144,20160415,299013,0.00017358
42,296,-19,430144,20160422,28865,0.00001646
43,303,-18,430144,20160429,32757,0.00001921
44,310,-17,430144,20160506,25122,0.00001469
45,317,-16,430144,20160513,22172,0.00001286
46,324,-15,430144,20160520,26329,0.00001536
47,331,-14,430144,20160527,26899,0.00001601
48,338,-13,430144,20160603,39783,0.00002352
49,345,-12,430144,20160610,42836,0.00002512
50,352,-11,430144,20160617,27170,0.00001624
51,359,-10,430144,20160624,33947,0.00002016
52,366,-9,430144,20160701,44370,0.00002618
53,373,-8,430144,20160708,34427,0.00002062
54,380,-7,430144,20160715,40258,0.00002379
55,387,-6,430144,20160722,23863,0.00001216
56,394,-5,430144,20160729,24568,0.00001274
57,401,-4,430144,20160805,24188,0.00001247
58,408,-3,430144,20160812,29501,0.00001569
59,415,-2,430144,20160819,27873,0.00001585
60,422,-1,430144,20160826,3315287,0.00187756
61,429,0,430144,20160902,409788,0.00023535
62,436,1,430144,20160909,114777,0.00006463
63,443,2,430144,20160916,100746,0.00005669
64,450,3,430144,20160923,57930,0.00003305
65,457,4,430144,20160930,80323,0.00004539
66,464,5,430144,20161007,38967,0.00002201
67,471,6,430144,20161014,40088,0.00002216
68,478,7,430144,20161021,39299,0.00002208
69,485,8,430144,20161028,45407,0.00002562
70,492,9,430144,20161104,29231,0.00001560
71,499,10,430144,20161111,38191,0.00002006
72,506,11,430144,20161118,27511,0.00001513
73,513,12,430144,20161125,32530,0.00001756
74,520,13,430144,20161202,30117,0.00001613
75,527,14,430144,20161209,30641,0.00001698
76,534,15,430144,20161216,33069,0.00001877
77,541,16,430144,20161223,75527,0.00004211
78,548,17,430144,20161230,66966,0.00003542
79,555,18,430144,20170106,30224,0.00001536
80,562,19,430144,20170113,31801,0.00001599
81,569,20,430144,20170120,26624,0.00001338
82,576,21,430144,20170127,28460,0.00001446
83,583,22,430144,20170203,30166,0.00001544
84,590,23,430144,20170210,32407,0.00001686
85,597,24,430144,20170217,25303,0.00001322
86,604,25,430144,20170224,35290,0.00001820
87,611,26,430144,20170303,31540,0.00001666
88,618,27,430144,20170310,28876,0.00001546
89,625,28,430144,20170317,21976,0.00001165
90,632,29,430144,20170324,23261,0.00001298
91,639,30,430144,20170331,34897,0.00001973
92,646,31,430144,20170407,21601,0.00001238
93,653,32,430144,20170414,27263,0.00001518
94,660,33,430144,20170421,19496,0.00001085
95,667,34,430144,20170428,26529,0.00001489
96,674,35,430144,20170505,20643,0.00001157
97,681,36,430144,20170512,26801,0.00001524
98,688,37,430144,20170519,21047,0.00001182
99,695,38,430144,20170526,19676,0.00001130
100,702,39,430144,20170602,26079,0.00001525
101,709,40,430144,20170609,35677,0.00002116
102,716,41,430144,20170616,22986,0.00001392
103,723,42,430144,20170623,28905,0.00001794
104,730,43,430144,20170630,33758,0.00002098
105,737,44,430144,20170707,24221,0.00001459
106,744,45,430144,20170714,22950,0.00001391
107,751,46,430144,20170721,26785,0.00001602
108,758,47,430144,20170728,22739,0.00001401
109,765,48,430144,20170804,27444,0.00001692
110,772,49,430144,20170811,22334,0.00001378
111,779,50,430144,20170818,22873,0.00001400
112,786,51,430144,20170825,27538,0.00001703
113,793,52,430144,20170901,22867,0.00001386
114,800,53,430144,20170908,17884,0.00001094
115,807,54,430144,20170915,20775,0.00001232
116,814,55,430144,20170922,27593,0.00001651
117,821,56,430144,20170929,20857,0.00001261
118,828,57,430144,20171006,22177,0.00001294
119,835,58,430144,20171013,22833,0.00001343
120,842,59,430144,20171020,23999,0.00001388
121,849,60,430144,20171027,29719,0.00001729
122,856,61,430144,20171103,29993,0.00001713
123,863,62,430144,20171110,23023,0.00001313
124,870,63,430144,20171117,23477,0.00001355
125,877,64,430144,20171124,21282,0.00001216
126,884,65,430144,20171201,26613,0.00001535
127,891,66,430144,20171208,25796,0.00001482
128,898,67,430144,20171215,20023,0.00001217
129,905,68,430144,20171222,37260,0.00002298
130,912,69,430144,20171229,44901,0.00002509
131,919,70,430144,20180105,27771,0.00001460
132,926,71,430144,20180112,26238,0.00001356
133,933,72,430144,20180119,25345,0.00001355
134,940,73,430144,20180126,27186,0.00001459
135,947,74,430144,20180202,25316,0.00001371
136,954,75,430144,20180209,22634,0.00001245
137,961,76,430144,20180216,29752,0.00001617
138,968,77,430144,20180223,22826,0.00001230
139,975,78,430144,20180302,23772,0.00001285
140,982,79,430144,20180309,29870,0.00001624
141,989,80,430144,20180316,23098,0.00001277
142,996,81,430144,20180323,20778,0.00001173
143,1003,82,430144,20180330,42019,0.00002346
144,1010,83,430144,20180406,24073,0.00001320
145,1017,84,430144,20180413,27354,0.00001521
146,1024,85,430144,20180420,22868,0.00001287
147,1031,86,430144,20180427,18480,0.00001067
148,1038,87,430144,20180504,22923,0.00001325
149,1045,88,430144,20180511,27827,0.00001587
150,1052,89,430144,20180518,27644,0.00001534
151,1059,90,430144,20180525,22146,0.00001279
152,1066,91,430144,20180601,20089,0.00001176
153,1073,92,430144,20180608,26419,0.00001532
154,1080,93,430144,20180615,20715,0.00001229
155,1087,94,430144,20180622,18825,0.00001120
0,1,-63,639564,20150702,10891,0.00000635
1,8,-62,639564,20150709,10908,0.00000624
2,15,-61,639564,20150716,12186,0.00000710
3,22,-60,639564,20150723,13273,0.00000755
4,29,-59,639564,20150730,12697,0.00000756
5,36,-58,639564,20150806,13916,0.00000808
6,43,-57,639564,20150813,18911,0.00001088
7,50,-56,639564,20150820,20200,0.00001155
8,57,-55,639564,20150827,14145,0.00000814
9,64,-54,639564,20150903,13877,0.00000751
10,71,-53,639564,20150910,13746,0.00000756
11,78,-52,639564,20150917,11963,0.00000684
12,85,-51,639564,20150924,13004,0.00000751
13,92,-50,639564,20151001,22331,0.00001297
14,99,-49,639564,20151008,33536,0.00001905
15,106,-48,639564,20151015,15901,0.00000902
16,113,-47,639564,20151022,18134,0.00001022
17,120,-46,639564,20151029,15211,0.00000868
18,127,-45,639564,20151105,13740,0.00000776
19,134,-44,639564,20151112,13425,0.00000765
20,141,-43,639564,20151119,13552,0.00000779
21,148,-42,639564,20151126,12705,0.00000727
22,155,-41,639564,20151203,11521,0.00000651
23,162,-40,639564,20151210,12349,0.00000707
24,169,-39,639564,20151217,12440,0.00000774
25,176,-38,639564,20151224,11275,0.00000700
26,183,-37,639564,20151231,15384,0.00000864
27,190,-36,639564,20160107,12967,0.00000697
28,197,-35,639564,20160114,50137,0.00002718
29,204,-34,639564,20160121,61519,0.00003303
30,211,-33,639564,20160128,12525,0.00000676
31,218,-32,639564,20160204,20870,0.00001144
32,225,-31,639564,20160211,19949,0.00001097
33,232,-30,639564,20160218,23299,0.00001273
34,239,-29,639564,20160225,15613,0.00000856
35,246,-28,639564,20160303,12203,0.00000676
36,253,-27,639564,20160310,11212,0.00000649
37,260,-26,639564,20160317,10460,0.00000626
38,267,-25,639564,20160324,15433,0.00000908
39,274,-24,639564,20160331,9384,0.00000546
40,281,-23,639564,20160407,10886,0.00000624
41,288,-22,639564,20160414,9965,0.00000582
42,295,-21,639564,20160421,10420,0.00000591
43,302,-20,639564,20160428,8446,0.00000492
44,309,-19,639564,20160505,9163,0.00000536
45,316,-18,639564,20160512,9588,0.00000557
46,323,-17,639564,20160519,9164,0.00000532
47,330,-16,639564,20160526,9742,0.00000580
48,337,-15,639564,20160602,8590,0.00000507
49,344,-14,639564,20160609,10856,0.00000638
50,351,-13,639564,20160616,9381,0.00000560
51,358,-12,639564,20160623,9924,0.00000589
52,365,-11,639564,20160630,10118,0.00000596
53,372,-10,639564,20160707,9971,0.00000596
54,379,-9,639564,20160714,10393,0.00000625
55,386,-8,639564,20160721,9837,0.00000505
56,393,-7,639564,20160728,11071,0.00000569
57,400,-6,639564,20160804,10700,0.00000557
58,407,-5,639564,20160811,9567,0.00000499
59,414,-4,639564,20160818,9405,0.00000537
60,421,-3,639564,20160825,11051,0.00000625
61,428,-2,639564,20160901,8617,0.00000496
62,435,-1,639564,20160908,1223679,0.00069240
63,442,0,639564,20160915,189303,0.00010687
64,449,1,639564,20160922,78545,0.00004452
65,456,2,639564,20160929,30580,0.00001738
66,463,3,639564,20161006,30493,0.00001721
67,470,4,639564,20161013,28434,0.00001568
68,477,5,639564,20161020,23718,0.00001331
69,484,6,639564,20161027,22024,0.00001254
70,491,7,639564,20161103,17941,0.00000958
71,498,8,639564,20161110,20022,0.00001049
72,505,9,639564,20161117,17525,0.00000952
73,512,10,639564,20161124,23738,0.00001292
74,519,11,639564,20161201,18048,0.00000971
75,526,12,639564,20161208,20769,0.00001138
76,533,13,639564,20161215,22755,0.00001290
77,540,14,639564,20161222,54066,0.00003075
78,547,15,639564,20161229,70558,0.00003727
79,554,16,639564,20170105,25991,0.00001319
80,561,17,639564,20170112,22222,0.00001120
81,568,18,639564,20170119,19107,0.00000964
82,575,19,639564,20170126,36961,0.00001861
83,582,20,639564,20170202,20421,0.00001049
84,589,21,639564,20170209,20985,0.00001087
85,596,22,639564,20170216,18563,0.00000969
86,603,23,639564,20170223,82728,0.00004268
87,610,24,639564,20170302,24528,0.00001297
88,617,25,639564,20170309,24957,0.00001330
89,624,26,639564,20170316,18346,0.00000972
90,631,27,639564,20170323,20847,0.00001159
91,638,28,639564,20170330,30467,0.00001723
92,645,29,639564,20170406,16511,0.00000943
93,652,30,639564,20170413,13875,0.00000777
94,659,31,639564,20170420,15068,0.00000837
95,666,32,639564,20170427,14699,0.00000825
96,673,33,639564,20170504,12388,0.00000693
97,680,34,639564,20170511,12676,0.00000723
98,687,35,639564,20170518,12554,0.00000699
99,694,36,639564,20170525,12461,0.00000716
100,701,37,639564,20170601,13638,0.00000798
101,708,38,639564,20170608,12350,0.00000728
102,715,39,639564,20170615,12261,0.00000741
103,722,40,639564,20170622,12441,0.00000771
104,729,41,639564,20170629,12803,0.00000798
105,736,42,639564,20170706,12712,0.00000766
106,743,43,639564,20170713,12155,0.00000737
107,750,44,639564,20170720,15419,0.00000920
108,757,45,639564,20170727,20152,0.00001239
109,764,46,639564,20170803,12765,0.00000788
110,771,47,639564,20170810,12556,0.00000774
111,778,48,639564,20170817,13109,0.00000801
112,785,49,639564,20170824,12477,0.00000771
113,792,50,639564,20170831,11873,0.00000723
114,799,51,639564,20170907,16162,0.00000987
115,806,52,639564,20170914,14098,0.00000839
116,813,53,639564,20170921,11664,0.00000697
117,820,54,639564,20170928,12544,0.00000758
118,827,55,639564,20171005,19043,0.00001113
119,834,56,639564,20171012,19290,0.00001132
120,841,57,639564,20171019,15769,0.00000914
121,848,58,639564,20171026,13588,0.00000795
122,855,59,639564,20171102,13419,0.00000764
123,862,60,639564,20171109,13189,0.00000754
124,869,61,639564,20171116,11522,0.00000658
125,876,62,639564,20171123,13132,0.00000756
126,883,63,639564,20171130,10413,0.00000605
127,890,64,639564,20171207,10958,0.00000624
128,897,65,639564,20171214,12539,0.00000756
129,904,66,639564,20171221,12884,0.00000807
130,911,67,639564,20171228,17172,0.00000964
131,918,68,639564,20180104,15991,0.00000844
132,925,69,639564,20180111,13477,0.00000703
133,932,70,639564,20180118,14769,0.00000780
134,939,71,639564,20180125,13073,0.00000700
135,946,72,639564,20180201,14237,0.00000772
136,953,73,639564,20180208,12967,0.00000710
137,960,74,639564,20180215,12208,0.00000666
138,967,75,639564,20180222,16319,0.00000879
139,974,76,639564,20180301,15139,0.00000818
140,981,77,639564,20180308,14176,0.00000771
141,988,78,639564,20180315,15499,0.00000856
142,995,79,639564,20180322,66779,0.00003745
143,1002,80,639564,20180329,23572,0.00001321
144,1009,81,639564,20180405,17089,0.00000940
145,1016,82,639564,20180412,14351,0.00000793
146,1023,83,639564,20180419,11555,0.00000652
147,1030,84,639564,20180426,11324,0.00000652
148,1037,85,639564,20180503,11957,0.00000692
149,1044,86,639564,20180510,12048,0.00000687
150,1051,87,639564,20180517,10361,0.00000572
151,1058,88,639564,20180524,12928,0.00000747
152,1065,89,639564,20180531,17359,0.00001018
153,1072,90,639564,20180607,17558,0.00001014
154,1079,91,639564,20180614,17888,0.00001059
155,1086,92,639564,20180621,11433,0.00000680
0,1,-65,81694,20150702,12564,0.00000733
1,8,-64,81694,20150709,20960,0.00001199
2,15,-63,81694,20150716,29167,0.00001699
3,22,-62,81694,20150723,13893,0.00000790
4,29,-61,81694,20150730,10187,0.00000607
5,36,-60,81694,20150806,8682,0.00000504
6,43,-59,81694,20150813,16079,0.00000925
7,50,-58,81694,20150820,11077,0.00000633
8,57,-57,81694,20150827,11541,0.00000664
9,64,-56,81694,20150903,18208,0.00000985
10,71,-55,81694,20150910,18020,0.00000991
11,78,-54,81694,20150917,8259,0.00000472
12,85,-53,81694,20150924,8025,0.00000464
13,92,-52,81694,20151001,7343,0.00000426
14,99,-51,81694,20151008,11584,0.00000658
15,106,-50,81694,20151015,9928,0.00000563
16,113,-49,81694,20151022,10255,0.00000578
17,120,-48,81694,20151029,11858,0.00000677
18,127,-47,81694,20151105,8053,0.00000455
19,134,-46,81694,20151112,6087,0.00000347
20,141,-45,81694,20151119,8542,0.00000491
21,148,-44,81694,20151126,7859,0.00000449
22,155,-43,81694,20151203,6336,0.00000358
23,162,-42,81694,20151210,8752,0.00000501
24,169,-41,81694,20151217,7102,0.00000442
25,176,-40,81694,20151224,7386,0.00000459
26,183,-39,81694,20151231,5630,0.00000316
27,190,-38,81694,20160107,8177,0.00000440
28,197,-37,81694,20160114,8464,0.00000459
29,204,-36,81694,20160121,8275,0.00000444
30,211,-35,81694,20160128,6346,0.00000343
31,218,-34,81694,20160204,8818,0.00000483
32,225,-33,81694,20160211,10393,0.00000572
33,232,-32,81694,20160218,8079,0.00000441
34,239,-31,81694,20160225,8416,0.00000462
35,246,-30,81694,20160303,10393,0.00000576
36,253,-29,81694,20160310,24617,0.00001424
37,260,-28,81694,20160317,65354,0.00003913
38,267,-27,81694,20160324,10029,0.00000590
39,274,-26,81694,20160331,22613,0.00001315
40,281,-25,81694,20160407,106615,0.00006110
41,288,-24,81694,20160414,10385,0.00000606
42,295,-23,81694,20160421,8902,0.00000505
43,302,-22,81694,20160428,8679,0.00000506
44,309,-21,81694,20160505,8179,0.00000479
45,316,-20,81694,20160512,7583,0.00000441
46,323,-19,81694,20160519,9054,0.00000526
47,330,-18,81694,20160526,10063,0.00000599
48,337,-17,81694,20160602,10159,0.00000600
49,344,-16,81694,20160609,16561,0.00000973
50,351,-15,81694,20160616,31830,0.00001901
51,358,-14,81694,20160623,7793,0.00000463
52,365,-13,81694,20160630,9203,0.00000542
53,372,-12,81694,20160707,8353,0.00000500
54,379,-11,81694,20160714,16756,0.00001008
55,386,-10,81694,20160721,6364,0.00000327
56,393,-9,81694,20160728,7142,0.00000367
57,400,-8,81694,20160804,5418,0.00000282
58,407,-7,81694,20160811,4992,0.00000260
59,414,-6,81694,20160818,5037,0.00000288
60,421,-5,81694,20160825,4436,0.00000251
61,428,-4,81694,20160901,4552,0.00000262
62,435,-3,81694,20160908,13996,0.00000792
63,442,-2,81694,20160915,4459,0.00000252
64,449,-1,81694,20160922,830435,0.00047066
65,456,0,81694,20160929,222845,0.00012666
66,463,1,81694,20161006,37104,0.00002095
67,470,2,81694,20161013,19284,0.00001063
68,477,3,81694,20161020,14055,0.00000789
69,484,4,81694,20161027,11202,0.00000638
70,491,5,81694,20161103,8832,0.00000472
71,498,6,81694,20161110,8618,0.00000452
72,505,7,81694,20161117,11343,0.00000616
73,512,8,81694,20161124,8888,0.00000484
74,519,9,81694,20161201,9457,0.00000509
75,526,10,81694,20161208,11699,0.00000641
76,533,11,81694,20161215,9872,0.00000560
77,540,12,81694,20161222,26518,0.00001508
78,547,13,81694,20161229,19694,0.00001040
79,554,14,81694,20170105,11885,0.00000603
80,561,15,81694,20170112,9223,0.00000465
81,568,16,81694,20170119,8363,0.00000422
82,575,17,81694,20170126,9197,0.00000463
83,582,18,81694,20170202,9036,0.00000464
84,589,19,81694,20170209,9551,0.00000495
85,596,20,81694,20170216,10278,0.00000536
86,603,21,81694,20170223,10716,0.00000553
87,610,22,81694,20170302,14976,0.00000792
88,617,23,81694,20170309,35326,0.00001883
89,624,24,81694,20170316,80241,0.00004249
90,631,25,81694,20170323,11160,0.00000620
91,638,26,81694,20170330,24099,0.00001363
92,645,27,81694,20170406,224988,0.00012851
93,652,28,81694,20170413,14551,0.00000815
94,659,29,81694,20170420,11062,0.00000614
95,666,30,81694,20170427,7877,0.00000442
96,673,31,81694,20170504,7647,0.00000428
97,680,32,81694,20170511,7711,0.00000440
98,687,33,81694,20170518,10021,0.00000558
99,694,34,81694,20170525,12851,0.00000739
100,701,35,81694,20170601,10648,0.00000623
101,708,36,81694,20170608,7743,0.00000457
102,715,37,81694,20170615,28249,0.00001708
103,722,38,81694,20170622,7289,0.00000452
104,729,39,81694,20170629,7352,0.00000458
105,736,40,81694,20170706,6654,0.00000401
106,743,41,81694,20170713,13072,0.00000793
107,750,42,81694,20170720,26989,0.00001610
108,757,43,81694,20170727,10352,0.00000637
109,764,44,81694,20170803,8918,0.00000551
110,771,45,81694,20170810,9936,0.00000613
111,778,46,81694,20170817,6804,0.00000416
112,785,47,81694,20170824,5477,0.00000338
113,792,48,81694,20170831,5873,0.00000358
114,799,49,81694,20170907,10531,0.00000643
115,806,50,81694,20170914,5018,0.00000299
116,813,51,81694,20170921,7312,0.00000437
117,820,52,81694,20170928,6196,0.00000375
118,827,53,81694,20171005,4586,0.00000268
119,834,54,81694,20171012,4597,0.00000270
120,841,55,81694,20171019,4904,0.00000284
121,848,56,81694,20171026,6652,0.00000389
122,855,57,81694,20171102,5181,0.00000295
123,862,58,81694,20171109,4658,0.00000266
124,869,59,81694,20171116,4545,0.00000260
125,876,60,81694,20171123,7456,0.00000429
126,883,61,81694,20171130,5514,0.00000320
127,890,62,81694,20171207,4620,0.00000263
128,897,63,81694,20171214,6283,0.00000379
129,904,64,81694,20171221,4687,0.00000293
130,911,65,81694,20171228,6143,0.00000345
131,918,66,81694,20180104,5382,0.00000284
132,925,67,81694,20180111,5053,0.00000263
133,932,68,81694,20180118,5419,0.00000286
134,939,69,81694,20180125,11862,0.00000635
135,946,70,81694,20180201,5558,0.00000302
136,953,71,81694,20180208,5700,0.00000312
137,960,72,81694,20180215,7051,0.00000385
138,967,73,81694,20180222,7418,0.00000399
139,974,74,81694,20180301,11545,0.00000624
140,981,75,81694,20180308,33442,0.00001818
141,988,76,81694,20180315,102918,0.00005681
142,995,77,81694,20180322,10258,0.00000575
143,1002,78,81694,20180329,23106,0.00001295
144,1009,79,81694,20180405,54931,0.00003021
145,1016,80,81694,20180412,9050,0.00000500
146,1023,81,81694,20180419,6301,0.00000356
147,1030,82,81694,20180426,5526,0.00000318
148,1037,83,81694,20180503,6751,0.00000391
149,1044,84,81694,20180510,7847,0.00000448
150,1051,85,81694,20180517,6142,0.00000339
151,1058,86,81694,20180524,6863,0.00000397
152,1065,87,81694,20180531,8722,0.00000512
153,1072,88,81694,20180607,6967,0.00000402
154,1079,89,81694,20180614,16055,0.00000951
155,1086,90,81694,20180621,6987,0.00000416
1,5,-66,203756,20150706,12051,0.00000687
2,12,-65,203756,20150713,11563,0.00000669
3,19,-64,203756,20150720,11112,0.00000639
4,26,-63,203756,20150727,11882,0.00000686
5,33,-62,203756,20150803,16867,0.00000992
6,40,-61,203756,20150810,19247,0.00001120
7,47,-60,203756,20150817,22298,0.00001277
8,54,-59,203756,20150824,13835,0.00000796
9,61,-58,203756,20150831,17623,0.00000989
10,68,-57,203756,20150907,59666,0.00003191
11,75,-56,203756,20150914,15961,0.00000906
12,82,-55,203756,20150921,15326,0.00000883
13,89,-54,203756,20150928,12891,0.00000753
14,96,-53,203756,20151005,12331,0.00000705
15,103,-52,203756,20151012,12000,0.00000681
16,110,-51,203756,20151019,12318,0.00000691
17,117,-50,203756,20151026,13041,0.00000743
18,124,-49,203756,20151102,12947,0.00000731
19,131,-48,203756,20151109,14150,0.00000807
20,138,-47,203756,20151116,15112,0.00000859
21,145,-46,203756,20151123,16353,0.00000948
22,152,-45,203756,20151130,35801,0.00002038
23,159,-44,203756,20151207,24603,0.00001383
24,166,-43,203756,20151214,31382,0.00001875
25,173,-42,203756,20151221,15476,0.00000987
26,180,-41,203756,20151228,20303,0.00001176
27,187,-40,203756,20160104,15191,0.00000834
28,194,-39,203756,20160111,15405,0.00000828
29,201,-38,203756,20160118,14239,0.00000766
30,208,-37,203756,20160125,14046,0.00000758
31,215,-36,203756,20160201,13693,0.00000745
32,222,-35,203756,20160208,13311,0.00000737
33,229,-34,203756,20160215,14655,0.00000797
34,236,-33,203756,20160222,18540,0.00001024
35,243,-32,203756,20160229,12281,0.00000667
36,250,-31,203756,20160307,12192,0.00000696
37,257,-30,203756,20160314,13063,0.00000767
38,264,-29,203756,20160321,12876,0.00000773
39,271,-28,203756,20160328,13245,0.00000775
40,278,-27,203756,20160404,13769,0.00000788
41,285,-26,203756,20160411,13779,0.00000799
42,292,-25,203756,20160418,23761,0.00001356
43,299,-24,203756,20160425,15884,0.00000923
44,306,-23,203756,20160502,18447,0.00001080
45,313,-22,203756,20160509,14519,0.00000846
46,320,-21,203756,20160516,16776,0.00000968
47,327,-20,203756,20160523,13800,0.00000820
48,334,-19,203756,20160530,14443,0.00000847
49,341,-18,203756,20160606,61393,0.00003640
50,348,-17,203756,20160613,15900,0.00000941
51,355,-16,203756,20160620,14102,0.00000838
52,362,-15,203756,20160627,14044,0.00000832
53,369,-14,203756,20160704,13177,0.00000781
54,376,-13,203756,20160711,14415,0.00000871
55,383,-12,203756,20160718,17289,0.00000948
56,390,-11,203756,20160725,15452,0.00000786
57,397,-10,203756,20160801,15764,0.00000827
58,404,-9,203756,20160808,19922,0.00001013
59,411,-8,203756,20160815,12199,0.00000683
60,418,-7,203756,20160822,13453,0.00000765
61,425,-6,203756,20160829,14328,0.00000814
62,432,-5,203756,20160905,13808,0.00000786
63,439,-4,203756,20160912,11763,0.00000667
64,446,-3,203756,20160919,13095,0.00000737
65,453,-2,203756,20160926,13644,0.00000782
66,460,-1,203756,20161003,12890,0.00000724
67,467,0,203756,20161010,1012555,0.00056572
68,474,1,203756,20161017,237126,0.00013194
69,481,2,203756,20161024,79979,0.00004554
70,488,3,203756,20161031,66099,0.00003611
71,495,4,203756,20161107,53963,0.00002843
72,502,5,203756,20161114,41609,0.00002219
73,509,6,203756,20161121,36464,0.00002008
74,516,7,203756,20161128,101780,0.00005481
75,523,8,203756,20161205,44299,0.00002388
76,530,9,203756,20161212,27712,0.00001566
77,537,10,203756,20161219,22606,0.00001298
78,544,11,203756,20161226,27030,0.00001463
79,551,12,203756,20170102,24362,0.00001238
80,558,13,203756,20170109,20694,0.00001052
81,565,14,203756,20170116,19888,0.00001001
82,572,15,203756,20170123,18662,0.00000938
83,579,16,203756,20170130,19494,0.00001001
84,586,17,203756,20170206,24945,0.00001278
85,593,18,203756,20170213,17398,0.00000913
86,600,19,203756,20170220,18293,0.00000949
87,607,20,203756,20170227,20437,0.00001064
88,614,21,203756,20170306,14365,0.00000760
89,621,22,203756,20170313,14229,0.00000757
90,628,23,203756,20170320,13177,0.00000717
91,635,24,203756,20170327,13264,0.00000749
92,642,25,203756,20170403,13991,0.00000790
93,649,26,203756,20170410,13765,0.00000787
94,656,27,203756,20170417,15776,0.00000870
95,663,28,203756,20170424,14873,0.00000837
96,670,29,203756,20170501,18467,0.00001029
97,677,30,203756,20170508,18750,0.00001064
98,684,31,203756,20170515,40368,0.00002284
99,691,32,203756,20170522,16419,0.00000942
100,698,33,203756,20170529,13776,0.00000786
101,705,34,203756,20170605,16649,0.00000972
102,712,35,203756,20170612,13046,0.00000784
103,719,36,203756,20170619,14834,0.00000903
104,726,37,203756,20170626,13523,0.00000844
105,733,38,203756,20170703,12941,0.00000793
106,740,39,203756,20170710,12561,0.00000756
107,747,40,203756,20170717,13149,0.00000790
108,754,41,203756,20170724,14037,0.00000853
109,761,42,203756,20170731,13154,0.00000815
110,768,43,203756,20170807,14005,0.00000859
111,775,44,203756,20170814,13652,0.00000838
112,782,45,203756,20170821,15071,0.00000928
113,789,46,203756,20170828,13030,0.00000808
114,796,47,203756,20170904,13462,0.00000811
115,803,48,203756,20170911,13425,0.00000815
116,810,49,203756,20170918,13186,0.00000782
117,817,50,203756,20170925,17791,0.00001080
118,824,51,203756,20171002,23572,0.00001395
119,831,52,203756,20171009,38544,0.00002243
120,838,53,203756,20171016,29836,0.00001752
121,845,54,203756,20171023,148520,0.00008590
122,852,55,203756,20171030,28260,0.00001630
123,859,56,203756,20171106,17217,0.00000986
124,866,57,203756,20171113,14760,0.00000842
125,873,58,203756,20171120,13763,0.00000798
126,880,59,203756,20171127,14840,0.00000853
127,887,60,203756,20171204,14126,0.00000803
128,894,61,203756,20171211,11472,0.00000674
129,901,62,203756,20171218,10595,0.00000659
130,908,63,203756,20171225,12163,0.00000716
131,915,64,203756,20180101,12338,0.00000660
132,922,65,203756,20180108,12892,0.00000681
133,929,66,203756,20180115,11415,0.00000597
134,936,67,203756,20180122,11635,0.00000619
135,943,68,203756,20180129,10077,0.00000545
136,950,69,203756,20180205,10383,0.00000562
137,957,70,203756,20180212,10097,0.00000557
138,964,71,203756,20180219,10037,0.00000541
139,971,72,203756,20180226,9762,0.00000529
140,978,73,203756,20180305,10249,0.00000557
141,985,74,203756,20180312,9449,0.00000514
142,992,75,203756,20180319,9681,0.00000540
143,999,76,203756,20180326,10086,0.00000571
144,1006,77,203756,20180402,10330,0.00000569
145,1013,78,203756,20180409,9374,0.00000516
146,1020,79,203756,20180416,9897,0.00000557
147,1027,80,203756,20180423,9702,0.00000549
148,1034,81,203756,20180430,9847,0.00000572
149,1041,82,203756,20180507,9881,0.00000567
150,1048,83,203756,20180514,13128,0.00000730
151,1055,84,203756,20180521,12520,0.00000717
152,1062,85,203756,20180528,10338,0.00000599
153,1069,86,203756,20180604,10667,0.00000616
154,1076,87,203756,20180611,12145,0.00000718
155,1083,88,203756,20180618,10010,0.00000590
156,1090,89,203756,20180625,8815,0.00000527
0,2,-71,19965375,20150703,27870,0.00001620
1,9,-70,19965375,20150710,25471,0.00001457
2,16,-69,19965375,20150717,23900,0.00001390
3,23,-68,19965375,20150724,24029,0.00001369
4,30,-67,19965375,20150731,23271,0.00001387
5,37,-66,19965375,20150807,24304,0.00001410
6,44,-65,19965375,20150814,25990,0.00001493
7,51,-64,19965375,20150821,21175,0.00001213
8,58,-63,19965375,20150828,20067,0.00001145
9,65,-62,19965375,20150904,19129,0.00001037
10,72,-61,19965375,20150911,19490,0.00001075
11,79,-60,19965375,20150918,24884,0.00001424
12,86,-59,19965375,20150925,18421,0.00001071
13,93,-58,19965375,20151002,19019,0.00001095
14,100,-57,19965375,20151009,20198,0.00001147
15,107,-56,19965375,20151016,19061,0.00001078
16,114,-55,19965375,20151023,18538,0.00001047
17,121,-54,19965375,20151030,18811,0.00001070
18,128,-53,19965375,20151106,22137,0.00001254
19,135,-52,19965375,20151113,19927,0.00001135
20,142,-51,19965375,20151120,19874,0.00001153
21,149,-50,19965375,20151127,23163,0.00001316
22,156,-49,19965375,20151204,22467,0.00001269
23,163,-48,19965375,20151211,21157,0.00001220
24,170,-47,19965375,20151218,20679,0.00001313
25,177,-46,19965375,20151225,20287,0.00001245
26,184,-45,19965375,20160101,20576,0.00001134
27,191,-44,19965375,20160108,21646,0.00001161
28,198,-43,19965375,20160115,19829,0.00001076
29,205,-42,19965375,20160122,20781,0.00001117
30,212,-41,19965375,20160129,20320,0.00001097
31,219,-40,19965375,20160205,18131,0.00000998
32,226,-39,19965375,20160212,20298,0.00001113
33,233,-38,19965375,20160219,18414,0.00001005
34,240,-37,19965375,20160226,17036,0.00000933
35,247,-36,19965375,20160304,17898,0.00000999
36,254,-35,19965375,20160311,54660,0.00003167
37,261,-34,19965375,20160318,19437,0.00001174
38,268,-33,19965375,20160325,18681,0.00001094
39,275,-32,19965375,20160401,18688,0.00001081
40,282,-31,19965375,20160408,21641,0.00001240
41,289,-30,19965375,20160415,53693,0.00003117
42,296,-29,19965375,20160422,19567,0.00001116
43,303,-28,19965375,20160429,18779,0.00001101
44,310,-27,19965375,20160506,17978,0.00001051
45,317,-26,19965375,20160513,17443,0.00001012
46,324,-25,19965375,20160520,18207,0.00001062
47,331,-24,19965375,20160527,17780,0.00001058
48,338,-23,19965375,20160603,18684,0.00001105
49,345,-22,19965375,20160610,17930,0.00001052
50,352,-21,19965375,20160617,19715,0.00001178
51,359,-20,19965375,20160624,16001,0.00000950
52,366,-19,19965375,20160701,16875,0.00000996
53,373,-18,19965375,20160708,24893,0.00001491
54,380,-17,19965375,20160715,18974,0.00001121
55,387,-16,19965375,20160722,16857,0.00000859
56,394,-15,19965375,20160729,29834,0.00001547
57,401,-14,19965375,20160805,71430,0.00003681
58,408,-13,19965375,20160812,25875,0.00001376
59,415,-12,19965375,20160819,24264,0.00001380
60,422,-11,19965375,20160826,23018,0.00001304
61,429,-10,19965375,20160902,21188,0.00001217
62,436,-9,19965375,20160909,19909,0.00001121
63,443,-8,19965375,20160916,38218,0.00002151
64,450,-7,19965375,20160923,28670,0.00001636
65,457,-6,19965375,20160930,21030,0.00001189
66,464,-5,19965375,20161007,55568,0.00003138
67,471,-4,19965375,20161014,54059,0.00002989
68,478,-3,19965375,20161021,82497,0.00004636
69,485,-2,19965375,20161028,46030,0.00002597
70,492,-1,19965375,20161104,34458,0.00001839
71,499,0,19965375,20161111,2480187,0.00130258
72,506,1,19965375,20161118,231744,0.00012747
73,513,2,19965375,20161125,105528,0.00005698
74,520,3,19965375,20161202,75549,0.00004047
75,527,4,19965375,20161209,66061,0.00003660
76,534,5,19965375,20161216,65156,0.00003699
77,541,6,19965375,20161223,106256,0.00005924
78,548,7,19965375,20161230,71737,0.00003794
79,555,8,19965375,20170106,44112,0.00002242
80,562,9,19965375,20170113,36780,0.00001850
81,569,10,19965375,20170120,31030,0.00001559
82,576,11,19965375,20170127,27957,0.00001420
83,583,12,19965375,20170203,28249,0.00001446
84,590,13,19965375,20170210,31282,0.00001628
85,597,14,19965375,20170217,29837,0.00001559
86,604,15,19965375,20170224,24994,0.00001289
87,611,16,19965375,20170303,24921,0.00001316
88,618,17,19965375,20170310,25410,0.00001360
89,625,18,19965375,20170317,23400,0.00001241
90,632,19,19965375,20170324,22332,0.00001246
91,639,20,19965375,20170331,33324,0.00001884
92,646,21,19965375,20170407,25383,0.00001455
93,653,22,19965375,20170414,23501,0.00001308
94,660,23,19965375,20170421,22934,0.00001276
95,667,24,19965375,20170428,23132,0.00001299
96,674,25,19965375,20170505,21140,0.00001185
97,681,26,19965375,20170512,20901,0.00001189
98,688,27,19965375,20170519,23914,0.00001344
99,695,28,19965375,20170526,21842,0.00001254
100,702,29,19965375,20170602,20993,0.00001227
101,709,30,19965375,20170609,21090,0.00001251
102,716,31,19965375,20170616,21133,0.00001280
103,723,32,19965375,20170623,22208,0.00001378
104,730,33,19965375,20170630,20654,0.00001284
105,737,34,19965375,20170707,20242,0.00001219
106,744,35,19965375,20170714,25352,0.00001536
107,751,36,19965375,20170721,46609,0.00002787
108,758,37,19965375,20170728,27417,0.00001689
109,765,38,19965375,20170804,25240,0.00001556
110,772,39,19965375,20170811,20374,0.00001257
111,779,40,19965375,20170818,25211,0.00001543
112,786,41,19965375,20170825,22724,0.00001405
113,793,42,19965375,20170901,21610,0.00001309
114,800,43,19965375,20170908,21169,0.00001295
115,807,44,19965375,20170915,35325,0.00002095
116,814,45,19965375,20170922,26054,0.00001559
117,821,46,19965375,20170929,24109,0.00001457
118,828,47,19965375,20171006,25666,0.00001497
119,835,48,19965375,20171013,25385,0.00001493
120,842,49,19965375,20171020,24482,0.00001416
121,849,50,19965375,20171027,25675,0.00001494
122,856,51,19965375,20171103,46406,0.00002651
123,863,52,19965375,20171110,34803,0.00001986
124,870,53,19965375,20171117,29329,0.00001693
125,877,54,19965375,20171124,29051,0.00001660
126,884,55,19965375,20171201,28246,0.00001629
127,891,56,19965375,20171208,26461,0.00001520
128,898,57,19965375,20171215,26763,0.00001627
129,905,58,19965375,20171222,34318,0.00002117
130,912,59,19965375,20171229,41269,0.00002306
131,919,60,19965375,20180105,28783,0.00001513
132,926,61,19965375,20180112,24703,0.00001277
133,933,62,19965375,20180119,23305,0.00001246
134,940,63,19965375,20180126,38287,0.00002055
135,947,64,19965375,20180202,23929,0.00001296
136,954,65,19965375,20180209,30598,0.00001682
137,961,66,19965375,20180216,25797,0.00001402
138,968,67,19965375,20180223,24712,0.00001332
139,975,68,19965375,20180302,25159,0.00001360
140,982,69,19965375,20180309,22592,0.00001228
141,989,70,19965375,20180316,22173,0.00001226
142,996,71,19965375,20180323,23967,0.00001353
143,1003,72,19965375,20180330,23561,0.00001315
144,1010,73,19965375,20180406,26904,0.00001475
145,1017,74,19965375,20180413,26083,0.00001450
146,1024,75,19965375,20180420,23176,0.00001305
147,1031,76,19965375,20180427,20558,0.00001187
148,1038,77,19965375,20180504,20287,0.00001173
149,1045,78,19965375,20180511,21100,0.00001203
150,1052,79,19965375,20180518,20602,0.00001143
151,1059,80,19965375,20180525,20173,0.00001165
152,1066,81,19965375,20180601,29139,0.00001706
153,1073,82,19965375,20180608,28096,0.00001629
154,1080,83,19965375,20180615,24948,0.00001480
155,1087,84,19965375,20180622,21306,0.00001267
1,6,-71,576469,20150707,761,0.00000044
2,13,-70,576469,20150714,598,0.00000035
3,20,-69,576469,20150721,673,0.00000039
4,27,-68,576469,20150728,711,0.00000042
5,34,-67,576469,20150804,669,0.00000039
6,41,-66,576469,20150811,690,0.00000040
7,48,-65,576469,20150818,1155,0.00000066
8,55,-64,576469,20150825,1489,0.00000085
9,62,-63,576469,20150901,920,0.00000051
10,69,-62,576469,20150908,961,0.00000052
11,76,-61,576469,20150915,747,0.00000043
12,83,-60,576469,20150922,735,0.00000042
13,90,-59,576469,20150929,713,0.00000042
14,97,-58,576469,20151006,732,0.00000042
15,104,-57,576469,20151013,712,0.00000040
16,111,-56,576469,20151020,701,0.00000039
17,118,-55,576469,20151027,822,0.00000047
18,125,-54,576469,20151103,741,0.00000042
19,132,-53,576469,20151110,724,0.00000041
20,139,-52,576469,20151117,786,0.00000045
21,146,-51,576469,20151124,752,0.00000043
22,153,-50,576469,20151201,808,0.00000046
23,160,-49,576469,20151208,782,0.00000044
24,167,-48,576469,20151215,673,0.00000041
25,174,-47,576469,20151222,586,0.00000037
26,181,-46,576469,20151229,685,0.00000039
27,188,-45,576469,20160105,789,0.00000043
28,195,-44,576469,20160112,839,0.00000046
29,202,-43,576469,20160119,845,0.00000045
30,209,-42,576469,20160126,792,0.00000043
31,216,-41,576469,20160202,1254,0.00000068
32,223,-40,576469,20160209,996,0.00000055
33,230,-39,576469,20160216,1253,0.00000068
34,237,-38,576469,20160223,987,0.00000054
35,244,-37,576469,20160301,883,0.00000049
36,251,-36,576469,20160308,752,0.00000043
37,258,-35,576469,20160315,915,0.00000054
38,265,-34,576469,20160322,852,0.00000051
39,272,-33,576469,20160329,1178,0.00000069
40,279,-32,576469,20160405,993,0.00000057
41,286,-31,576469,20160412,789,0.00000046
42,293,-30,576469,20160419,914,0.00000052
43,300,-29,576469,20160426,1133,0.00000066
44,307,-28,576469,20160503,924,0.00000054
45,314,-27,576469,20160510,1128,0.00000066
46,321,-26,576469,20160517,1445,0.00000083
47,328,-25,576469,20160524,968,0.00000058
48,335,-24,576469,20160531,1203,0.00000070
49,342,-23,576469,20160607,874,0.00000052
50,349,-22,576469,20160614,696,0.00000041
51,356,-21,576469,20160621,716,0.00000043
52,363,-20,576469,20160628,663,0.00000039
53,370,-19,576469,20160705,742,0.00000044
54,377,-18,576469,20160712,731,0.00000044
55,384,-17,576469,20160719,725,0.00000039
56,391,-16,576469,20160726,724,0.00000037
57,398,-15,576469,20160802,747,0.00000039
58,405,-14,576469,20160809,629,0.00000032
59,412,-13,576469,20160816,1172,0.00000067
60,419,-12,576469,20160823,1023,0.00000058
61,426,-11,576469,20160830,769,0.00000044
62,433,-10,576469,20160906,737,0.00000042
63,440,-9,576469,20160913,761,0.00000043
64,447,-8,576469,20160920,682,0.00000038
65,454,-7,576469,20160927,669,0.00000038
66,461,-6,576469,20161004,740,0.00000042
67,468,-5,576469,20161011,840,0.00000047
68,475,-4,576469,20161018,1114,0.00000062
69,482,-3,576469,20161025,926,0.00000053
70,489,-2,576469,20161101,804,0.00000044
71,496,-1,576469,20161108,711,0.00000037
72,503,0,576469,20161115,337204,0.00018097
73,510,1,576469,20161122,9344,0.00000515
74,517,2,576469,20161129,3442,0.00000185
75,524,3,576469,20161206,2167,0.00000117
76,531,4,576469,20161213,1449,0.00000082
77,538,5,576469,20161220,1093,0.00000063
78,545,6,576469,20161227,1325,0.00000071
79,552,7,576469,20170103,1099,0.00000056
80,559,8,576469,20170110,1028,0.00000052
81,566,9,576469,20170117,930,0.00000047
82,573,10,576469,20170124,960,0.00000048
83,580,11,576469,20170131,914,0.00000047
84,587,12,576469,20170207,932,0.00000048
85,594,13,576469,20170214,796,0.00000042
86,601,14,576469,20170221,875,0.00000045
87,608,15,576469,20170228,880,0.00000046
88,615,16,576469,20170307,830,0.00000044
89,622,17,576469,20170314,804,0.00000043
90,629,18,576469,20170321,876,0.00000048
91,636,19,576469,20170328,914,0.00000051
92,643,20,576469,20170404,1210,0.00000069
93,650,21,576469,20170411,736,0.00000042
94,657,22,576469,20170418,948,0.00000052
95,664,23,576469,20170425,973,0.00000055
96,671,24,576469,20170502,1306,0.00000073
97,678,25,576469,20170509,1560,0.00000089
98,685,26,576469,20170516,1247,0.00000070
99,692,27,576469,20170523,845,0.00000049
100,699,28,576469,20170530,819,0.00000047
101,706,29,576469,20170606,691,0.00000040
102,713,30,576469,20170613,638,0.00000039
103,720,31,576469,20170620,589,0.00000036
104,727,32,576469,20170627,728,0.00000045
105,734,33,576469,20170704,649,0.00000039
106,741,34,576469,20170711,729,0.00000044
107,748,35,576469,20170718,639,0.00000038
108,755,36,576469,20170725,733,0.00000045
109,762,37,576469,20170801,684,0.00000042
110,769,38,576469,20170808,676,0.00000042
111,776,39,576469,20170815,731,0.00000045
112,783,40,576469,20170822,979,0.00000060
113,790,41,576469,20170829,764,0.00000047
114,797,42,576469,20170905,690,0.00000042
115,804,43,576469,20170912,827,0.00000050
116,811,44,576469,20170919,850,0.00000051
117,818,45,576469,20170926,695,0.00000042
118,825,46,576469,20171003,626,0.00000037
119,832,47,576469,20171010,793,0.00000046
120,839,48,576469,20171017,704,0.00000041
121,846,49,576469,20171024,679,0.00000039
122,853,50,576469,20171031,686,0.00000040
123,860,51,576469,20171107,646,0.00000037
124,867,52,576469,20171114,805,0.00000046
125,874,53,576469,20171121,640,0.00000037
126,881,54,576469,20171128,890,0.00000051
127,888,55,576469,20171205,889,0.00000050
128,895,56,576469,20171212,660,0.00000039
129,902,57,576469,20171219,606,0.00000038
130,909,58,576469,20171226,583,0.00000034
131,916,59,576469,20180102,752,0.00000040
132,923,60,576469,20180109,659,0.00000035
133,930,61,576469,20180116,728,0.00000038
134,937,62,576469,20180123,791,0.00000042
135,944,63,576469,20180130,591,0.00000032
136,951,64,576469,20180206,655,0.00000036
137,958,65,576469,20180213,699,0.00000038
138,965,66,576469,20180220,775,0.00000042
139,972,67,576469,20180227,732,0.00000040
140,979,68,576469,20180306,707,0.00000039
141,986,69,576469,20180313,697,0.00000038
142,993,70,576469,20180320,766,0.00000043
143,1000,71,576469,20180327,781,0.00000044
144,1007,72,576469,20180403,1101,0.00000061
145,1014,73,576469,20180410,769,0.00000042
146,1021,74,576469,20180417,901,0.00000051
147,1028,75,576469,20180424,912,0.00000052
148,1035,76,576469,20180501,980,0.00000057
149,1042,77,576469,20180508,1113,0.00000064
150,1049,78,576469,20180515,998,0.00000055
151,1056,79,576469,20180522,819,0.00000047
152,1063,80,576469,20180529,998,0.00000058
153,1070,81,576469,20180605,823,0.00000047
154,1077,82,576469,20180612,699,0.00000041
155,1084,83,576469,20180619,628,0.00000037
156,1091,84,576469,20180626,605,0.00000036
1,5,-72,3648917,20150706,6843,0.00000390
2,12,-71,3648917,20150713,9763,0.00000565
3,19,-70,3648917,20150720,8167,0.00000470
4,26,-69,3648917,20150727,6326,0.00000365
5,33,-68,3648917,20150803,6708,0.00000395
6,40,-67,3648917,20150810,7840,0.00000456
7,47,-66,3648917,20150817,7644,0.00000438
8,54,-65,3648917,20150824,7229,0.00000416
9,61,-64,3648917,20150831,6257,0.00000351
10,68,-63,3648917,20150907,6995,0.00000374
11,75,-62,3648917,20150914,6250,0.00000355
12,82,-61,3648917,20150921,5993,0.00000345
13,89,-60,3648917,20150928,7253,0.00000424
14,96,-59,3648917,20151005,5770,0.00000330
15,103,-58,3648917,20151012,5136,0.00000291
16,110,-57,3648917,20151019,5953,0.00000334
17,117,-56,3648917,20151026,6202,0.00000353
18,124,-55,3648917,20151102,6280,0.00000355
19,131,-54,3648917,20151109,6127,0.00000349
20,138,-53,3648917,20151116,8180,0.00000465
21,145,-52,3648917,20151123,9944,0.00000576
22,152,-51,3648917,20151130,8027,0.00000457
23,159,-50,3648917,20151207,7540,0.00000424
24,166,-49,3648917,20151214,8794,0.00000526
25,173,-48,3648917,20151221,8685,0.00000554
26,180,-47,3648917,20151228,7528,0.00000436
27,187,-46,3648917,20160104,7735,0.00000424
28,194,-45,3648917,20160111,6862,0.00000369
29,201,-44,3648917,20160118,6313,0.00000340
30,208,-43,3648917,20160125,7168,0.00000387
31,215,-42,3648917,20160201,7975,0.00000434
32,222,-41,3648917,20160208,10490,0.00000581
33,229,-40,3648917,20160215,7596,0.00000413
34,236,-39,3648917,20160222,6078,0.00000336
35,243,-38,3648917,20160229,5962,0.00000324
36,250,-37,3648917,20160307,6374,0.00000364
37,257,-36,3648917,20160314,5715,0.00000335
38,264,-35,3648917,20160321,5858,0.00000352
39,271,-34,3648917,20160328,8870,0.00000519
40,278,-33,3648917,20160404,8371,0.00000479
41,285,-32,3648917,20160411,7554,0.00000438
42,292,-31,3648917,20160418,8138,0.00000464
43,299,-30,3648917,20160425,6948,0.00000404
44,306,-29,3648917,20160502,6822,0.00000399
45,313,-28,3648917,20160509,7130,0.00000416
46,320,-27,3648917,20160516,7106,0.00000410
47,327,-26,3648917,20160523,19755,0.00001174
48,334,-25,3648917,20160530,9991,0.00000586
49,341,-24,3648917,20160606,6342,0.00000376
50,348,-23,3648917,20160613,9595,0.00000568
51,355,-22,3648917,20160620,9279,0.00000552
52,362,-21,3648917,20160627,6918,0.00000410
53,369,-20,3648917,20160704,6846,0.00000406
54,376,-19,3648917,20160711,6576,0.00000398
55,383,-18,3648917,20160718,10473,0.00000574
56,390,-17,3648917,20160725,6806,0.00000346
57,397,-16,3648917,20160801,7991,0.00000419
58,404,-15,3648917,20160808,6173,0.00000314
59,411,-14,3648917,20160815,10357,0.00000580
60,418,-13,3648917,20160822,7830,0.00000445
61,425,-12,3648917,20160829,9460,0.00000537
62,432,-11,3648917,20160905,8833,0.00000503
63,439,-10,3648917,20160912,42373,0.00002403
64,446,-9,3648917,20160919,29589,0.00001665
65,453,-8,3648917,20160926,12282,0.00000704
66,460,-7,3648917,20161003,8291,0.00000465
67,467,-6,3648917,20161010,10613,0.00000593
68,474,-5,3648917,20161017,7487,0.00000417
69,481,-4,3648917,20161024,7673,0.00000437
70,488,-3,3648917,20161031,5787,0.00000316
71,495,-2,3648917,20161107,5745,0.00000303
72,502,-1,3648917,20161114,5850,0.00000312
73,509,0,3648917,20161121,858020,0.00047239
74,516,1,3648917,20161128,176592,0.00009509
75,523,2,3648917,20161205,43991,0.00002371
76,530,3,3648917,20161212,39393,0.00002226
77,537,4,3648917,20161219,46295,0.00002658
78,544,5,3648917,20161226,67554,0.00003657
79,551,6,3648917,20170102,22123,0.00001124
80,558,7,3648917,20170109,14343,0.00000729
81,565,8,3648917,20170116,12890,0.00000649
82,572,9,3648917,20170123,13035,0.00000655
83,579,10,3648917,20170130,11981,0.00000615
84,586,11,3648917,20170206,11998,0.00000615
85,593,12,3648917,20170213,13804,0.00000724
86,600,13,3648917,20170220,12335,0.00000640
87,607,14,3648917,20170227,27054,0.00001409
88,614,15,3648917,20170306,11891,0.00000629
89,621,16,3648917,20170313,9550,0.00000508
90,628,17,3648917,20170320,18371,0.00001000
91,635,18,3648917,20170327,9793,0.00000553
92,642,19,3648917,20170403,10027,0.00000566
93,649,20,3648917,20170410,10081,0.00000577
94,656,21,3648917,20170417,10433,0.00000575
95,663,22,3648917,20170424,10344,0.00000582
96,670,23,3648917,20170501,9191,0.00000512
97,677,24,3648917,20170508,10196,0.00000579
98,684,25,3648917,20170515,9714,0.00000550
99,691,26,3648917,20170522,10924,0.00000627
100,698,27,3648917,20170529,18422,0.00001051
101,705,28,3648917,20170605,9235,0.00000539
102,712,29,3648917,20170612,11810,0.00000710
103,719,30,3648917,20170619,9117,0.00000555
104,726,31,3648917,20170626,9624,0.00000601
105,733,32,3648917,20170703,10591,0.00000649
106,740,33,3648917,20170710,10301,0.00000620
107,747,34,3648917,20170717,9470,0.00000569
108,754,35,3648917,20170724,9136,0.00000555
109,761,36,3648917,20170731,10321,0.00000640
110,768,37,3648917,20170807,9190,0.00000564
111,775,38,3648917,20170814,9836,0.00000604
112,782,39,3648917,20170821,9450,0.00000582
113,789,40,3648917,20170828,7901,0.00000490
114,796,41,3648917,20170904,7817,0.00000471
115,803,42,3648917,20170911,8612,0.00000523
116,810,43,3648917,20170918,31704,0.00001881
117,817,44,3648917,20170925,10770,0.00000654
118,824,45,3648917,20171002,7753,0.00000459
119,831,46,3648917,20171009,7904,0.00000460
120,838,47,3648917,20171016,8543,0.00000502
121,845,48,3648917,20171023,9373,0.00000542
122,852,49,3648917,20171030,9182,0.00000530
123,859,50,3648917,20171106,9141,0.00000524
124,866,51,3648917,20171113,11165,0.00000637
125,873,52,3648917,20171120,19943,0.00001156
126,880,53,3648917,20171127,13302,0.00000764
127,887,54,3648917,20171204,10729,0.00000610
128,894,55,3648917,20171211,8852,0.00000520
129,901,56,3648917,20171218,9768,0.00000608
130,908,57,3648917,20171225,11005,0.00000647
131,915,58,3648917,20180101,8762,0.00000469
132,922,59,3648917,20180108,8906,0.00000471
133,929,60,3648917,20180115,8955,0.00000469
134,936,61,3648917,20180122,9727,0.00000518
135,943,62,3648917,20180129,7851,0.00000425
136,950,63,3648917,20180205,9661,0.00000523
137,957,64,3648917,20180212,11056,0.00000610
138,964,65,3648917,20180219,8149,0.00000440
139,971,66,3648917,20180226,10745,0.00000582
140,978,67,3648917,20180305,12380,0.00000673
141,985,68,3648917,20180312,11698,0.00000636
142,992,69,3648917,20180319,13486,0.00000752
143,999,70,3648917,20180326,10515,0.00000595
144,1006,71,3648917,20180402,9514,0.00000524
145,1013,72,3648917,20180409,9313,0.00000513
146,1020,73,3648917,20180416,8264,0.00000465
147,1027,74,3648917,20180423,10060,0.00000569
148,1034,75,3648917,20180430,9655,0.00000560
149,1041,76,3648917,20180507,11949,0.00000686
150,1048,77,3648917,20180514,10367,0.00000577
151,1055,78,3648917,20180521,11979,0.00000686
152,1062,79,3648917,20180528,10566,0.00000613
153,1069,80,3648917,20180604,9535,0.00000550
154,1076,81,3648917,20180611,8414,0.00000498
155,1083,82,3648917,20180618,9692,0.00000571
156,1090,83,3648917,20180625,9468,0.00000566
1,6,-72,38301,20150707,45751,0.00002621
2,13,-71,38301,20150714,50348,0.00002915
3,20,-70,38301,20150721,61907,0.00003565
4,27,-69,38301,20150728,40976,0.00002407
5,34,-68,38301,20150804,35401,0.00002059
6,41,-67,38301,20150811,97407,0.00005622
7,48,-66,38301,20150818,41714,0.00002389
8,55,-65,38301,20150825,35929,0.00002062
9,62,-64,38301,20150901,39516,0.00002199
10,69,-63,38301,20150908,41165,0.00002212
11,76,-62,38301,20150915,119446,0.00006804
12,83,-61,38301,20150922,77002,0.00004444
13,90,-60,38301,20150929,48997,0.00002870
14,97,-59,38301,20151006,41917,0.00002388
15,104,-58,38301,20151013,43589,0.00002471
16,111,-57,38301,20151020,48067,0.00002698
17,118,-56,38301,20151027,42771,0.00002433
18,125,-55,38301,20151103,42786,0.00002413
19,132,-54,38301,20151110,43090,0.00002463
20,139,-53,38301,20151117,62521,0.00003556
21,146,-52,38301,20151124,44220,0.00002552
22,153,-51,38301,20151201,48942,0.00002782
23,160,-50,38301,20151208,49036,0.00002762
24,167,-49,38301,20151215,46050,0.00002793
25,174,-48,38301,20151222,35407,0.00002250
26,181,-47,38301,20151229,41287,0.00002363
27,188,-46,38301,20160105,45551,0.00002462
28,195,-45,38301,20160112,48908,0.00002657
29,202,-44,38301,20160119,59911,0.00003214
30,209,-43,38301,20160126,48744,0.00002631
31,216,-42,38301,20160202,48123,0.00002619
32,223,-41,38301,20160209,51621,0.00002869
33,230,-40,38301,20160216,192799,0.00010450
34,237,-39,38301,20160223,95666,0.00005246
35,244,-38,38301,20160301,53273,0.00002930
36,251,-37,38301,20160308,64095,0.00003677
37,258,-36,38301,20160315,231778,0.00013679
38,265,-35,38301,20160322,276729,0.00016535
39,272,-34,38301,20160329,80371,0.00004701
40,279,-33,38301,20160405,58739,0.00003360
41,286,-32,38301,20160412,52939,0.00003080
42,293,-31,38301,20160419,86935,0.00004944
43,300,-30,38301,20160426,52505,0.00003054
44,307,-29,38301,20160503,98340,0.00005758
45,314,-28,38301,20160510,56486,0.00003295
46,321,-27,38301,20160517,59543,0.00003430
47,328,-26,38301,20160524,40901,0.00002444
48,335,-25,38301,20160531,41943,0.00002457
49,342,-24,38301,20160607,35353,0.00002091
50,349,-23,38301,20160614,32180,0.00001906
51,356,-22,38301,20160621,28963,0.00001725
52,363,-21,38301,20160628,29249,0.00001735
53,370,-20,38301,20160705,31399,0.00001856
54,377,-19,38301,20160712,29545,0.00001794
55,384,-18,38301,20160719,29020,0.00001554
56,391,-17,38301,20160726,44839,0.00002279
57,398,-16,38301,20160802,33713,0.00001768
58,405,-15,38301,20160809,93083,0.00004731
59,412,-14,38301,20160816,37032,0.00002103
60,419,-13,38301,20160823,36158,0.00002054
61,426,-12,38301,20160830,51641,0.00002952
62,433,-11,38301,20160906,39489,0.00002247
63,440,-10,38301,20160913,50418,0.00002842
64,447,-9,38301,20160920,50040,0.00002824
65,454,-8,38301,20160927,47718,0.00002735
66,461,-7,38301,20161004,42555,0.00002395
67,468,-6,38301,20161011,41942,0.00002327
68,475,-5,38301,20161018,39827,0.00002220
69,482,-4,38301,20161025,40582,0.00002319
70,489,-3,38301,20161101,45736,0.00002479
71,496,-2,38301,20161108,51930,0.00002717
72,503,-1,38301,20161115,53519,0.00002872
73,510,0,38301,20161122,3389654,0.00186761
74,517,1,38301,20161129,914369,0.00049197
75,524,2,38301,20161206,164452,0.00008898
76,531,3,38301,20161213,88808,0.00005014
77,538,4,38301,20161220,64944,0.00003759
78,545,5,38301,20161227,73071,0.00003894
79,552,6,38301,20170103,58064,0.00002939
80,559,7,38301,20170110,50370,0.00002557
81,566,8,38301,20170117,49029,0.00002468
82,573,9,38301,20170124,46760,0.00002350
83,580,10,38301,20170131,41538,0.00002134
84,587,11,38301,20170207,41947,0.00002154
85,594,12,38301,20170214,41142,0.00002162
86,601,13,38301,20170221,40383,0.00002078
87,608,14,38301,20170228,37587,0.00001981
88,615,15,38301,20170307,38891,0.00002065
89,622,16,38301,20170314,37111,0.00001975
90,629,17,38301,20170321,42631,0.00002337
91,636,18,38301,20170328,40130,0.00002258
92,643,19,38301,20170404,37832,0.00002146
93,650,20,38301,20170411,38793,0.00002207
94,657,21,38301,20170418,41977,0.00002315
95,664,22,38301,20170425,44400,0.00002496
96,671,23,38301,20170502,46012,0.00002570
97,678,24,38301,20170509,42713,0.00002428
98,685,25,38301,20170516,39358,0.00002195
99,692,26,38301,20170523,35646,0.00002083
100,699,27,38301,20170530,36620,0.00002094
101,706,28,38301,20170606,32646,0.00001906
102,713,29,38301,20170613,46031,0.00002785
103,720,30,38301,20170620,30791,0.00001884
104,727,31,38301,20170627,43420,0.00002711
105,734,32,38301,20170704,41311,0.00002510
106,741,33,38301,20170711,42413,0.00002559
107,748,34,38301,20170718,32553,0.00001951
108,755,35,38301,20170725,36897,0.00002254
109,762,36,38301,20170801,36472,0.00002261
110,769,37,38301,20170808,43456,0.00002671
111,776,38,38301,20170815,35288,0.00002158
112,783,39,38301,20170822,40006,0.00002468
113,790,40,38301,20170829,31501,0.00001943
114,797,41,38301,20170905,43978,0.00002657
115,804,42,38301,20170912,39028,0.00002351
116,811,43,38301,20170919,36724,0.00002187
117,818,44,38301,20170926,40908,0.00002483
118,825,45,38301,20171003,42345,0.00002493
119,832,46,38301,20171010,38164,0.00002222
120,839,47,38301,20171017,36627,0.00002145
121,846,48,38301,20171024,45912,0.00002658
122,853,49,38301,20171031,34324,0.00001978
123,860,50,38301,20171107,35212,0.00002012
124,867,51,38301,20171114,39659,0.00002258
125,874,52,38301,20171121,52604,0.00003046
126,881,53,38301,20171128,52339,0.00003026
127,888,54,38301,20171205,41679,0.00002364
128,895,55,38301,20171212,34794,0.00002060
129,902,56,38301,20171219,35017,0.00002216
130,909,57,38301,20171226,30596,0.00001772
131,916,58,38301,20180102,32724,0.00001722
132,923,59,38301,20180109,44347,0.00002334
133,930,60,38301,20180116,40366,0.00002119
134,937,61,38301,20180123,37237,0.00001983
135,944,62,38301,20180130,120863,0.00006555
136,951,63,38301,20180206,40617,0.00002206
137,958,64,38301,20180213,39526,0.00002177
138,965,65,38301,20180220,40805,0.00002195
139,972,66,38301,20180227,40722,0.00002199
140,979,67,38301,20180306,44989,0.00002460
141,986,68,38301,20180313,44745,0.00002440
142,993,69,38301,20180320,41169,0.00002301
143,1000,70,38301,20180327,43828,0.00002474
144,1007,71,38301,20180403,40245,0.00002214
145,1014,72,38301,20180410,43061,0.00002370
146,1021,73,38301,20180417,138993,0.00007874
147,1028,74,38301,20180424,46425,0.00002631
148,1035,75,38301,20180501,38236,0.00002219
149,1042,76,38301,20180508,37241,0.00002135
150,1049,77,38301,20180515,40314,0.00002229
151,1056,78,38301,20180522,35095,0.00002026
152,1063,79,38301,20180529,33947,0.00001974
153,1070,80,38301,20180605,31453,0.00001813
154,1077,81,38301,20180612,31022,0.00001838
155,1084,82,38301,20180619,26931,0.00001591
156,1091,83,38301,20180626,26580,0.00001587
1,6,-72,852566,20150707,5947,0.00000341
2,13,-71,852566,20150714,4573,0.00000265
3,20,-70,852566,20150721,4425,0.00000255
4,27,-69,852566,20150728,4412,0.00000259
5,34,-68,852566,20150804,3891,0.00000226
6,41,-67,852566,20150811,4254,0.00000246
7,48,-66,852566,20150818,4256,0.00000244
8,55,-65,852566,20150825,4344,0.00000249
9,62,-64,852566,20150901,4713,0.00000262
10,69,-63,852566,20150908,4113,0.00000221
11,76,-62,852566,20150915,4277,0.00000244
12,83,-61,852566,20150922,3998,0.00000231
13,90,-60,852566,20150929,4022,0.00000236
14,97,-59,852566,20151006,3907,0.00000223
15,104,-58,852566,20151013,4200,0.00000238
16,111,-57,852566,20151020,3772,0.00000212
17,118,-56,852566,20151027,3785,0.00000215
18,125,-55,852566,20151103,3852,0.00000217
19,132,-54,852566,20151110,3560,0.00000204
20,139,-53,852566,20151117,3527,0.00000201
21,146,-52,852566,20151124,3645,0.00000210
22,153,-51,852566,20151201,3427,0.00000195
23,160,-50,852566,20151208,3732,0.00000210
24,167,-49,852566,20151215,3304,0.00000200
25,174,-48,852566,20151222,3632,0.00000231
26,181,-47,852566,20151229,5062,0.00000290
27,188,-46,852566,20160105,5273,0.00000285
28,195,-45,852566,20160112,5232,0.00000284
29,202,-44,852566,20160119,6638,0.00000356
30,209,-43,852566,20160126,27576,0.00001488
31,216,-42,852566,20160202,6474,0.00000352
32,223,-41,852566,20160209,5699,0.00000317
33,230,-40,852566,20160216,5017,0.00000272
34,237,-39,852566,20160223,4754,0.00000261
35,244,-38,852566,20160301,4255,0.00000234
36,251,-37,852566,20160308,4659,0.00000267
37,258,-36,852566,20160315,4224,0.00000249
38,265,-35,852566,20160322,4142,0.00000247
39,272,-34,852566,20160329,4376,0.00000256
40,279,-33,852566,20160405,4063,0.00000232
41,286,-32,852566,20160412,4040,0.00000235
42,293,-31,852566,20160419,3995,0.00000227
43,300,-30,852566,20160426,4292,0.00000250
44,307,-29,852566,20160503,4336,0.00000254
45,314,-28,852566,20160510,4174,0.00000243
46,321,-27,852566,20160517,4328,0.00000249
47,328,-26,852566,20160524,3972,0.00000237
48,335,-25,852566,20160531,4263,0.00000250
49,342,-24,852566,20160607,4327,0.00000256
50,349,-23,852566,20160614,4176,0.00000247
51,356,-22,852566,20160621,4604,0.00000274
52,363,-21,852566,20160628,6783,0.00000402
53,370,-20,852566,20160705,5966,0.00000353
54,377,-19,852566,20160712,4707,0.00000286
55,384,-18,852566,20160719,5147,0.00000276
56,391,-17,852566,20160726,4426,0.00000225
57,398,-16,852566,20160802,4326,0.00000227
58,405,-15,852566,20160809,3776,0.00000192
59,412,-14,852566,20160816,4791,0.00000272
60,419,-13,852566,20160823,5335,0.00000303
61,426,-12,852566,20160830,5402,0.00000309
62,433,-11,852566,20160906,4811,0.00000274
63,440,-10,852566,20160913,4999,0.00000282
64,447,-9,852566,20160920,4746,0.00000268
65,454,-8,852566,20160927,4666,0.00000267
66,461,-7,852566,20161004,4401,0.00000248
67,468,-6,852566,20161011,4187,0.00000232
68,475,-5,852566,20161018,3975,0.00000222
69,482,-4,852566,20161025,4480,0.00000256
70,489,-3,852566,20161101,3516,0.00000191
71,496,-2,852566,20161108,4216,0.00000221
72,503,-1,852566,20161115,4168,0.00000224
73,510,0,852566,20161122,450162,0.00024803
74,517,1,852566,20161129,61224,0.00003294
75,524,2,852566,20161206,16155,0.00000874
76,531,3,852566,20161213,13536,0.00000764
77,538,4,852566,20161220,14967,0.00000866
78,545,5,852566,20161227,36068,0.00001922
79,552,6,852566,20170103,14388,0.00000728
80,559,7,852566,20170110,8262,0.00000419
81,566,8,852566,20170117,5576,0.00000281
82,573,9,852566,20170124,8927,0.00000449
83,580,10,852566,20170131,7795,0.00000400
84,587,11,852566,20170207,8591,0.00000441
85,594,12,852566,20170214,6839,0.00000359
86,601,13,852566,20170221,6215,0.00000320
87,608,14,852566,20170228,5728,0.00000302
88,615,15,852566,20170307,5651,0.00000300
89,622,16,852566,20170314,5431,0.00000289
90,629,17,852566,20170321,4835,0.00000265
91,636,18,852566,20170328,4923,0.00000277
92,643,19,852566,20170404,4520,0.00000256
93,650,20,852566,20170411,4387,0.00000250
94,657,21,852566,20170418,4607,0.00000254
95,664,22,852566,20170425,4807,0.00000270
96,671,23,852566,20170502,5322,0.00000297
97,678,24,852566,20170509,4734,0.00000269
98,685,25,852566,20170516,5109,0.00000285
99,692,26,852566,20170523,4085,0.00000239
100,699,27,852566,20170530,4653,0.00000266
101,706,28,852566,20170606,4058,0.00000237
102,713,29,852566,20170613,3605,0.00000218
103,720,30,852566,20170620,4628,0.00000283
104,727,31,852566,20170627,4578,0.00000286
105,734,32,852566,20170704,5664,0.00000344
106,741,33,852566,20170711,5596,0.00000338
107,748,34,852566,20170718,4745,0.00000284
108,755,35,852566,20170725,4408,0.00000269
109,762,36,852566,20170801,4362,0.00000270
110,769,37,852566,20170808,4312,0.00000265
111,776,38,852566,20170815,4077,0.00000249
112,783,39,852566,20170822,4366,0.00000269
113,790,40,852566,20170829,3853,0.00000238
114,797,41,852566,20170905,4573,0.00000276
115,804,42,852566,20170912,4604,0.00000277
116,811,43,852566,20170919,5444,0.00000324
117,818,44,852566,20170926,4654,0.00000283
118,825,45,852566,20171003,4036,0.00000238
119,832,46,852566,20171010,4431,0.00000258
120,839,47,852566,20171017,3798,0.00000222
121,846,48,852566,20171024,4142,0.00000240
122,853,49,852566,20171031,4449,0.00000256
123,860,50,852566,20171107,4258,0.00000243
124,867,51,852566,20171114,3856,0.00000220
125,874,52,852566,20171121,5666,0.00000328
126,881,53,852566,20171128,4158,0.00000240
127,888,54,852566,20171205,4973,0.00000282
128,895,55,852566,20171212,4357,0.00000258
129,902,56,852566,20171219,5138,0.00000325
130,909,57,852566,20171226,5396,0.00000312
131,916,58,852566,20180102,4956,0.00000261
132,923,59,852566,20180109,4765,0.00000251
133,930,60,852566,20180116,4466,0.00000234
134,937,61,852566,20180123,4304,0.00000229
135,944,62,852566,20180130,4379,0.00000237
136,951,63,852566,20180206,5019,0.00000273
137,958,64,852566,20180213,4587,0.00000253
138,965,65,852566,20180220,4476,0.00000241
139,972,66,852566,20180227,4782,0.00000258
140,979,67,852566,20180306,5170,0.00000283
141,986,68,852566,20180313,4791,0.00000261
142,993,69,852566,20180320,4582,0.00000256
143,1000,70,852566,20180327,4621,0.00000261
144,1007,71,852566,20180403,4558,0.00000251
145,1014,72,852566,20180410,4624,0.00000254
146,1021,73,852566,20180417,5220,0.00000296
147,1028,74,852566,20180424,5094,0.00000289
148,1035,75,852566,20180501,4840,0.00000281
149,1042,76,852566,20180508,4553,0.00000261
150,1049,77,852566,20180515,7313,0.00000404
151,1056,78,852566,20180522,6500,0.00000375
152,1063,79,852566,20180529,6289,0.00000366
153,1070,80,852566,20180605,5435,0.00000313
154,1077,81,852566,20180612,5495,0.00000326
155,1084,82,852566,20180619,5690,0.00000336
156,1091,83,852566,20180626,5255,0.00000314
1,5,-74,58702,20150706,43681,0.00002491
2,12,-73,58702,20150713,58722,0.00003397
3,19,-72,58702,20150720,272535,0.00015682
4,26,-71,58702,20150727,55664,0.00003213
5,33,-70,58702,20150803,33157,0.00001950
6,40,-69,58702,20150810,28186,0.00001640
7,47,-68,58702,20150817,39012,0.00002234
8,54,-67,58702,20150824,22170,0.00001275
9,61,-66,58702,20150831,14773,0.00000829
10,68,-65,58702,20150907,12681,0.00000678
11,75,-64,58702,20150914,11984,0.00000680
12,82,-63,58702,20150921,12453,0.00000717
13,89,-62,58702,20150928,10779,0.00000630
14,96,-61,58702,20151005,11811,0.00000675
15,103,-60,58702,20151012,11141,0.00000632
16,110,-59,58702,20151019,9899,0.00000555
17,117,-58,58702,20151026,16888,0.00000962
18,124,-57,58702,20151102,14015,0.00000792
19,131,-56,58702,20151109,11125,0.00000634
20,138,-55,58702,20151116,11450,0.00000650
21,145,-54,58702,20151123,10136,0.00000587
22,152,-53,58702,20151130,10044,0.00000572
23,159,-52,58702,20151207,10369,0.00000583
24,166,-51,58702,20151214,11605,0.00000694
25,173,-50,58702,20151221,9875,0.00000630
26,180,-49,58702,20151228,10930,0.00000633
27,187,-48,58702,20160104,11812,0.00000648
28,194,-47,58702,20160111,12605,0.00000677
29,201,-46,58702,20160118,20200,0.00001087
30,208,-45,58702,20160125,17857,0.00000964
31,215,-44,58702,20160201,21264,0.00001157
32,222,-43,58702,20160208,18134,0.00001004
33,229,-42,58702,20160215,23014,0.00001252
34,236,-41,58702,20160222,22529,0.00001244
35,243,-40,58702,20160229,20860,0.00001133
36,250,-39,58702,20160307,15034,0.00000858
37,257,-38,58702,20160314,14525,0.00000853
38,264,-37,58702,20160321,13351,0.00000802
39,271,-36,58702,20160328,18022,0.00001054
40,278,-35,58702,20160404,16025,0.00000917
41,285,-34,58702,20160411,15879,0.00000920
42,292,-33,58702,20160418,16602,0.00000947
43,299,-32,58702,20160425,16549,0.00000962
44,306,-31,58702,20160502,16710,0.00000978
45,313,-30,58702,20160509,15032,0.00000876
46,320,-29,58702,20160516,15185,0.00000876
47,327,-28,58702,20160523,18031,0.00001072
48,334,-27,58702,20160530,13457,0.00000789
49,341,-26,58702,20160606,12696,0.00000753
50,348,-25,58702,20160613,12255,0.00000725
51,355,-24,58702,20160620,12044,0.00000716
52,362,-23,58702,20160627,22384,0.00001325
53,369,-22,58702,20160704,20948,0.00001242
54,376,-21,58702,20160711,20809,0.00001258
55,383,-20,58702,20160718,32208,0.00001767
56,390,-19,58702,20160725,15301,0.00000778
57,397,-18,58702,20160801,16861,0.00000884
58,404,-17,58702,20160808,14183,0.00000721
59,411,-16,58702,20160815,18921,0.00001060
60,418,-15,58702,20160822,13152,0.00000748
61,425,-14,58702,20160829,13480,0.00000765
62,432,-13,58702,20160905,13213,0.00000752
63,439,-12,58702,20160912,16811,0.00000953
64,446,-11,58702,20160919,11231,0.00000632
65,453,-10,58702,20160926,14367,0.00000823
66,460,-9,58702,20161003,12453,0.00000699
67,467,-8,58702,20161010,15106,0.00000844
68,474,-7,58702,20161017,12964,0.00000721
69,481,-6,58702,20161024,18190,0.00001036
70,488,-5,58702,20161031,12516,0.00000684
71,495,-4,58702,20161107,13945,0.00000735
72,502,-3,58702,20161114,19033,0.00001015
73,509,-2,58702,20161121,14678,0.00000808
74,516,-1,58702,20161128,19153,0.00001031
75,523,0,58702,20161205,1349481,0.00072747
76,530,1,58702,20161212,275520,0.00015566
77,537,2,58702,20161219,56905,0.00003268
78,544,3,58702,20161226,56514,0.00003060
79,551,4,58702,20170102,60422,0.00003071
80,558,5,58702,20170109,83254,0.00004231
81,565,6,58702,20170116,100441,0.00005055
82,572,7,58702,20170123,66158,0.00003325
83,579,8,58702,20170130,74511,0.00003828
84,586,9,58702,20170206,50164,0.00002571
85,593,10,58702,20170213,51917,0.00002723
86,600,11,58702,20170220,61630,0.00003198
87,607,12,58702,20170227,49745,0.00002591
88,614,13,58702,20170306,36463,0.00001928
89,621,14,58702,20170313,29326,0.00001561
90,628,15,58702,20170320,29579,0.00001611
91,635,16,58702,20170327,38404,0.00002169
92,642,17,58702,20170403,166106,0.00009378
93,649,18,58702,20170410,59064,0.00003379
94,656,19,58702,20170417,54268,0.00002992
95,663,20,58702,20170424,40268,0.00002267
96,670,21,58702,20170501,36586,0.00002038
97,677,22,58702,20170508,46342,0.00002630
98,684,23,58702,20170515,43393,0.00002456
99,691,24,58702,20170522,42902,0.00002461
100,698,25,58702,20170529,35295,0.00002013
101,705,26,58702,20170605,25561,0.00001492
102,712,27,58702,20170612,23213,0.00001395
103,719,28,58702,20170619,22591,0.00001375
104,726,29,58702,20170626,20913,0.00001305
105,733,30,58702,20170703,27313,0.00001673
106,740,31,58702,20170710,23832,0.00001433
107,747,32,58702,20170717,26178,0.00001573
108,754,33,58702,20170724,20877,0.00001268
109,761,34,58702,20170731,21826,0.00001352
110,768,35,58702,20170807,17334,0.00001064
111,775,36,58702,20170814,16980,0.00001042
112,782,37,58702,20170821,16473,0.00001014
113,789,38,58702,20170828,15343,0.00000951
114,796,39,58702,20170904,33113,0.00001994
115,803,40,58702,20170911,48026,0.00002917
116,810,41,58702,20170918,37546,0.00002227
117,817,42,58702,20170925,30732,0.00001865
118,824,43,58702,20171002,26021,0.00001540
119,831,44,58702,20171009,24630,0.00001433
120,838,45,58702,20171016,23475,0.00001378
121,845,46,58702,20171023,21638,0.00001251
122,852,47,58702,20171030,19692,0.00001136
123,859,48,58702,20171106,20318,0.00001164
124,866,49,58702,20171113,23067,0.00001316
125,873,50,58702,20171120,29853,0.00001730
126,880,51,58702,20171127,17889,0.00001028
127,887,52,58702,20171204,31402,0.00001786
128,894,53,58702,20171211,17125,0.00001007
129,901,54,58702,20171218,24411,0.00001519
130,908,55,58702,20171225,32526,0.00001914
131,915,56,58702,20180101,33028,0.00001768
132,922,57,58702,20180108,24897,0.00001316
133,929,58,58702,20180115,23891,0.00001250
134,936,59,58702,20180122,22309,0.00001188
135,943,60,58702,20180129,22910,0.00001240
136,950,61,58702,20180205,19905,0.00001077
137,957,62,58702,20180212,22006,0.00001214
138,964,63,58702,20180219,22834,0.00001232
139,971,64,58702,20180226,20270,0.00001098
140,978,65,58702,20180305,26466,0.00001438
141,985,66,58702,20180312,20363,0.00001107
142,992,67,58702,20180319,20281,0.00001131
143,999,68,58702,20180326,19982,0.00001131
144,1006,69,58702,20180402,16195,0.00000892
145,1013,70,58702,20180409,17276,0.00000951
146,1020,71,58702,20180416,16630,0.00000936
147,1027,72,58702,20180423,15377,0.00000869
148,1034,73,58702,20180430,16524,0.00000959
149,1041,74,58702,20180507,15662,0.00000899
150,1048,75,58702,20180514,16350,0.00000909
151,1055,76,58702,20180521,16501,0.00000945
152,1062,77,58702,20180528,14842,0.00000860
153,1069,78,58702,20180604,14844,0.00000857
154,1076,79,58702,20180611,13253,0.00000784
155,1083,80,58702,20180618,13181,0.00000777
156,1090,81,58702,20180625,13079,0.00000782
0,3,-76,611455,20150704,11614,0.00000668
1,10,-75,611455,20150711,9994,0.00000575
2,17,-74,611455,20150718,9464,0.00000548
3,24,-73,611455,20150725,10696,0.00000611
4,31,-72,611455,20150801,10420,0.00000618
5,38,-71,611455,20150808,15595,0.00000908
6,45,-70,611455,20150815,14790,0.00000849
7,52,-69,611455,20150822,13922,0.00000798
8,59,-68,611455,20150829,21063,0.00001198
9,66,-67,611455,20150905,16646,0.00000896
10,73,-66,611455,20150912,15761,0.00000879
11,80,-65,611455,20150919,22417,0.00001282
12,87,-64,611455,20150926,16760,0.00000977
13,94,-63,611455,20151003,15980,0.00000917
14,101,-62,611455,20151010,15014,0.00000853
15,108,-61,611455,20151017,15154,0.00000853
16,115,-60,611455,20151024,13408,0.00000760
17,122,-59,611455,20151031,9108,0.00000517
18,129,-58,611455,20151107,13721,0.00000781
19,136,-57,611455,20151114,9508,0.00000540
20,143,-56,611455,20151121,9902,0.00000578
21,150,-55,611455,20151128,12014,0.00000678
22,157,-54,611455,20151205,9963,0.00000562
23,164,-53,611455,20151212,9383,0.00000548
24,171,-52,611455,20151219,10039,0.00000647
25,178,-51,611455,20151226,10908,0.00000657
26,185,-50,611455,20160102,12371,0.00000675
27,192,-49,611455,20160109,9970,0.00000535
28,199,-48,611455,20160116,8520,0.00000461
29,206,-47,611455,20160123,8930,0.00000481
30,213,-46,611455,20160130,12560,0.00000678
31,220,-45,611455,20160206,8300,0.00000459
32,227,-44,611455,20160213,14650,0.00000802
33,234,-43,611455,20160220,9384,0.00000514
34,241,-42,611455,20160227,12506,0.00000683
35,248,-41,611455,20160305,9874,0.00000555
36,255,-40,611455,20160312,7952,0.00000463
37,262,-39,611455,20160319,7925,0.00000478
38,269,-38,611455,20160326,9449,0.00000554
39,276,-37,611455,20160402,8846,0.00000509
40,283,-36,611455,20160409,7768,0.00000446
41,290,-35,611455,20160416,8164,0.00000471
42,297,-34,611455,20160423,8410,0.00000483
43,304,-33,611455,20160430,8314,0.00000487
44,311,-32,611455,20160507,7833,0.00000459
45,318,-31,611455,20160514,7860,0.00000455
46,325,-30,611455,20160521,8769,0.00000514
47,332,-29,611455,20160528,11092,0.00000658
48,339,-28,611455,20160604,11766,0.00000696
49,346,-27,611455,20160611,16061,0.00000944
50,353,-26,611455,20160618,13218,0.00000789
51,360,-25,611455,20160625,9115,0.00000538
52,367,-24,611455,20160702,8445,0.00000503
53,374,-23,611455,20160709,7968,0.00000477
54,381,-22,611455,20160716,8122,0.00000468
55,388,-21,611455,20160723,7602,0.00000387
56,395,-20,611455,20160730,8366,0.00000436
57,402,-19,611455,20160806,8016,0.00000410
58,409,-18,611455,20160813,8040,0.00000436
59,416,-17,611455,20160820,10403,0.00000591
60,423,-16,611455,20160827,65054,0.00003684
61,430,-15,611455,20160903,12716,0.00000730
62,437,-14,611455,20160910,17645,0.00000996
63,444,-13,611455,20160917,17502,0.00000980
64,451,-12,611455,20160924,14091,0.00000809
65,458,-11,611455,20161001,13474,0.00000760
66,465,-10,611455,20161008,15876,0.00000893
67,472,-9,611455,20161015,12178,0.00000674
68,479,-8,611455,20161022,12227,0.00000691
69,486,-7,611455,20161029,9894,0.00000552
70,493,-6,611455,20161105,9008,0.00000479
71,500,-5,611455,20161112,10127,0.00000533
72,507,-4,611455,20161119,10102,0.00000562
73,514,-3,611455,20161126,12797,0.00000687
74,521,-2,611455,20161203,17250,0.00000922
75,528,-1,611455,20161210,2672278,0.00149625
76,535,0,611455,20161217,411049,0.00023387
77,542,1,611455,20161224,205952,0.00011308
78,549,2,611455,20161231,86495,0.00004545
79,556,3,611455,20170107,43126,0.00002188
80,563,4,611455,20170114,35295,0.00001775
81,570,5,611455,20170121,27958,0.00001408
82,577,6,611455,20170128,63222,0.00003220
83,584,7,611455,20170204,31135,0.00001595
84,591,8,611455,20170211,20661,0.00001078
85,598,9,611455,20170218,22540,0.00001177
86,605,10,611455,20170225,26023,0.00001342
87,612,11,611455,20170304,26887,0.00001424
88,619,12,611455,20170311,23356,0.00001248
89,626,13,611455,20170318,19264,0.00001028
90,633,14,611455,20170325,20908,0.00001169
91,640,15,611455,20170401,16439,0.00000929
92,647,16,611455,20170408,15047,0.00000863
93,654,17,611455,20170415,62177,0.00003451
94,661,18,611455,20170422,33041,0.00001846
95,668,19,611455,20170429,17351,0.00000972
96,675,20,611455,20170506,19388,0.00001092
97,682,21,611455,20170513,66407,0.00003765
98,689,22,611455,20170520,39212,0.00002219
99,696,23,611455,20170527,70805,0.00004060
100,703,24,611455,20170603,62517,0.00003641
101,710,25,611455,20170610,43758,0.00002612
102,717,26,611455,20170617,25161,0.00001525
103,724,27,611455,20170624,17666,0.00001100
104,731,28,611455,20170701,24577,0.00001521
105,738,29,611455,20170708,58055,0.00003498
106,745,30,611455,20170715,22038,0.00001330
107,752,31,611455,20170722,18529,0.00001113
108,759,32,611455,20170729,21661,0.00001338
109,766,33,611455,20170805,17629,0.00001085
110,773,34,611455,20170812,21191,0.00001306
111,780,35,611455,20170819,21573,0.00001323
112,787,36,611455,20170826,14540,0.00000903
113,794,37,611455,20170902,17781,0.00001072
114,801,38,611455,20170909,17436,0.00001065
115,808,39,611455,20170916,35837,0.00002123
116,815,40,611455,20170923,22521,0.00001353
117,822,41,611455,20170930,16594,0.00000998
118,829,42,611455,20171007,15338,0.00000893
119,836,43,611455,20171014,17432,0.00001026
120,843,44,611455,20171021,27321,0.00001582
121,850,45,611455,20171028,22705,0.00001317
122,857,46,611455,20171104,18254,0.00001044
123,864,47,611455,20171111,19445,0.00001108
124,871,48,611455,20171118,19773,0.00001149
125,878,49,611455,20171125,19014,0.00001080
126,885,50,611455,20171202,16973,0.00000973
127,892,51,611455,20171209,21539,0.00001249
128,899,52,611455,20171216,16161,0.00000991
129,906,53,611455,20171223,25392,0.00001536
130,913,54,611455,20171230,23030,0.00001278
131,920,55,611455,20180106,23475,0.00001237
132,927,56,611455,20180113,16770,0.00000867
133,934,57,611455,20180120,17337,0.00000925
134,941,58,611455,20180127,19941,0.00001075
135,948,59,611455,20180203,19600,0.00001060
136,955,60,611455,20180210,27832,0.00001532
137,962,61,611455,20180217,21417,0.00001161
138,969,62,611455,20180224,33515,0.00001811
139,976,63,611455,20180303,19442,0.00001051
140,983,64,611455,20180310,16691,0.00000907
141,990,65,611455,20180317,22294,0.00001233
142,997,66,611455,20180324,18158,0.00001026
143,1004,67,611455,20180331,14598,0.00000814
144,1011,68,611455,20180407,14116,0.00000775
145,1018,69,611455,20180414,20096,0.00001120
146,1025,70,611455,20180421,16619,0.00000934
147,1032,71,611455,20180428,18285,0.00001059
148,1039,72,611455,20180505,37729,0.00002177
149,1046,73,611455,20180512,22675,0.00001293
150,1053,74,611455,20180519,18039,0.00001004
151,1060,75,611455,20180526,19100,0.00001105
152,1067,76,611455,20180602,16740,0.00000973
153,1074,77,611455,20180609,22606,0.00001323
154,1081,78,611455,20180616,14282,0.00000846
155,1088,79,611455,20180623,14335,0.00000855
0,1,-77,152860,20150702,26124,0.00001523
1,8,-76,152860,20150709,29022,0.00001660
2,15,-75,152860,20150716,22662,0.00001320
3,22,-74,152860,20150723,25938,0.00001476
4,29,-73,152860,20150730,23214,0.00001383
5,36,-72,152860,20150806,23234,0.00001349
6,43,-71,152860,20150813,23294,0.00001340
7,50,-70,152860,20150820,22472,0.00001284
8,57,-69,152860,20150827,22607,0.00001300
9,64,-68,152860,20150903,24883,0.00001346
10,71,-67,152860,20150910,24560,0.00001351
11,78,-66,152860,20150917,24156,0.00001381
12,85,-65,152860,20150924,21877,0.00001264
13,92,-64,152860,20151001,22135,0.00001285
14,99,-63,152860,20151008,20963,0.00001191
15,106,-62,152860,20151015,24777,0.00001405
16,113,-61,152860,20151022,26961,0.00001519
17,120,-60,152860,20151029,24344,0.00001389
18,127,-59,152860,20151105,39949,0.00002256
19,134,-58,152860,20151112,21006,0.00001196
20,141,-57,152860,20151119,22284,0.00001282
21,148,-56,152860,20151126,29098,0.00001664
22,155,-55,152860,20151203,33591,0.00001899
23,162,-54,152860,20151210,30446,0.00001743
24,169,-53,152860,20151217,32762,0.00002038
25,176,-52,152860,20151224,33202,0.00002061
26,183,-51,152860,20151231,29704,0.00001668
27,190,-50,152860,20160107,26588,0.00001429
28,197,-49,152860,20160114,31505,0.00001708
29,204,-48,152860,20160121,38691,0.00002078
30,211,-47,152860,20160128,31754,0.00001714
31,218,-46,152860,20160204,179189,0.00009824
32,225,-45,152860,20160211,63233,0.00003478
33,232,-44,152860,20160218,80935,0.00004422
34,239,-43,152860,20160225,28990,0.00001590
35,246,-42,152860,20160303,29154,0.00001616
36,253,-41,152860,20160310,22667,0.00001311
37,260,-40,152860,20160317,24726,0.00001480
38,267,-39,152860,20160324,24602,0.00001447
39,274,-38,152860,20160331,26106,0.00001518
40,281,-37,152860,20160407,22273,0.00001276
41,288,-36,152860,20160414,22146,0.00001293
42,295,-35,152860,20160421,25228,0.00001432
43,302,-34,152860,20160428,23268,0.00001357
44,309,-33,152860,20160505,24114,0.00001411
45,316,-32,152860,20160512,22142,0.00001287
46,323,-31,152860,20160519,24653,0.00001431
47,330,-30,152860,20160526,24667,0.00001469
48,337,-29,152860,20160602,22581,0.00001333
49,344,-28,152860,20160609,26062,0.00001531
50,351,-27,152860,20160616,22540,0.00001346
51,358,-26,152860,20160623,21574,0.00001281
52,365,-25,152860,20160630,25297,0.00001491
53,372,-24,152860,20160707,36247,0.00002168
54,379,-23,152860,20160714,30627,0.00001842
55,386,-22,152860,20160721,22984,0.00001181
56,393,-21,152860,20160728,24488,0.00001258
57,400,-20,152860,20160804,21524,0.00001120
58,407,-19,152860,20160811,26101,0.00001360
59,414,-18,152860,20160818,24538,0.00001402
60,421,-17,152860,20160825,24929,0.00001409
61,428,-16,152860,20160901,30242,0.00001740
62,435,-15,152860,20160908,25351,0.00001434
63,442,-14,152860,20160915,25206,0.00001423
64,449,-13,152860,20160922,23554,0.00001335
65,456,-12,152860,20160929,23155,0.00001316
66,463,-11,152860,20161006,21314,0.00001203
67,470,-10,152860,20161013,22764,0.00001255
68,477,-9,152860,20161020,23801,0.00001336
69,484,-8,152860,20161027,26127,0.00001488
70,491,-7,152860,20161103,24241,0.00001295
71,498,-6,152860,20161110,24713,0.00001295
72,505,-5,152860,20161117,26392,0.00001434
73,512,-4,152860,20161124,31007,0.00001687
74,519,-3,152860,20161201,28665,0.00001542
75,526,-2,152860,20161208,32194,0.00001765
76,533,-1,152860,20161215,2133005,0.00120896
77,540,0,152860,20161222,308204,0.00017529
78,547,1,152860,20161229,204356,0.00010793
79,554,2,152860,20170105,44460,0.00002256
80,561,3,152860,20170112,33986,0.00001714
81,568,4,152860,20170119,24634,0.00001243
82,575,5,152860,20170126,24225,0.00001220
83,582,6,152860,20170202,25741,0.00001323
84,589,7,152860,20170209,22833,0.00001182
85,596,8,152860,20170216,21754,0.00001135
86,603,9,152860,20170223,37682,0.00001944
87,610,10,152860,20170302,20086,0.00001062
88,617,11,152860,20170309,17118,0.00000913
89,624,12,152860,20170316,20307,0.00001075
90,631,13,152860,20170323,18290,0.00001017
91,638,14,152860,20170330,17271,0.00000977
92,645,15,152860,20170406,30011,0.00001714
93,652,16,152860,20170413,16064,0.00000900
94,659,17,152860,20170420,16534,0.00000918
95,666,18,152860,20170427,16192,0.00000909
96,673,19,152860,20170504,20875,0.00001168
97,680,20,152860,20170511,19765,0.00001128
98,687,21,152860,20170518,16797,0.00000936
99,694,22,152860,20170525,13984,0.00000804
100,701,23,152860,20170601,14313,0.00000838
101,708,24,152860,20170608,14523,0.00000856
102,715,25,152860,20170615,13460,0.00000814
103,722,26,152860,20170622,14401,0.00000893
104,729,27,152860,20170629,14288,0.00000890
105,736,28,152860,20170706,19130,0.00001153
106,743,29,152860,20170713,17919,0.00001087
107,750,30,152860,20170720,16919,0.00001009
108,757,31,152860,20170727,16034,0.00000986
109,764,32,152860,20170803,15014,0.00000927
110,771,33,152860,20170810,13576,0.00000837
111,778,34,152860,20170817,14937,0.00000913
112,785,35,152860,20170824,17086,0.00001056
113,792,36,152860,20170831,18890,0.00001151
114,799,37,152860,20170907,13125,0.00000801
115,806,38,152860,20170914,26033,0.00001550
116,813,39,152860,20170921,21579,0.00001289
117,820,40,152860,20170928,19174,0.00001159
118,827,41,152860,20171005,14588,0.00000853
119,834,42,152860,20171012,15038,0.00000883
120,841,43,152860,20171019,15633,0.00000906
121,848,44,152860,20171026,14525,0.00000849
122,855,45,152860,20171102,15273,0.00000870
123,862,46,152860,20171109,16869,0.00000964
124,869,47,152860,20171116,15918,0.00000909
125,876,48,152860,20171123,16258,0.00000935
126,883,49,152860,20171130,15943,0.00000926
127,890,50,152860,20171207,16163,0.00000920
128,897,51,152860,20171214,19615,0.00001183
129,904,52,152860,20171221,23802,0.00001490
130,911,53,152860,20171228,26153,0.00001469
131,918,54,152860,20180104,19865,0.00001049
132,925,55,152860,20180111,20126,0.00001049
133,932,56,152860,20180118,16518,0.00000873
134,939,57,152860,20180125,15970,0.00000855
135,946,58,152860,20180201,20845,0.00001131
136,953,59,152860,20180208,20164,0.00001104
137,960,60,152860,20180215,16305,0.00000890
138,967,61,152860,20180222,15496,0.00000834
139,974,62,152860,20180301,18189,0.00000983
140,981,63,152860,20180308,23201,0.00001261
141,988,64,152860,20180315,17477,0.00000965
142,995,65,152860,20180322,16966,0.00000951
143,1002,66,152860,20180329,18063,0.00001012
144,1009,67,152860,20180405,20990,0.00001154
145,1016,68,152860,20180412,31682,0.00001751
146,1023,69,152860,20180419,14700,0.00000830
147,1030,70,152860,20180426,14819,0.00000853
148,1037,71,152860,20180503,15805,0.00000915
149,1044,72,152860,20180510,13670,0.00000780
150,1051,73,152860,20180517,16879,0.00000933
151,1058,74,152860,20180524,18086,0.00001045
152,1065,75,152860,20180531,17050,0.00001000
153,1072,76,152860,20180607,15289,0.00000883
154,1079,77,152860,20180614,13609,0.00000806
155,1086,78,152860,20180621,17802,0.00001059
0,1,-78,45985,20150702,21259,0.00001239
1,8,-77,45985,20150709,32247,0.00001845
2,15,-76,45985,20150716,21614,0.00001259
3,22,-75,45985,20150723,23673,0.00001347
4,29,-74,45985,20150730,20481,0.00001220
5,36,-73,45985,20150806,20517,0.00001191
6,43,-72,45985,20150813,21357,0.00001228
7,50,-71,45985,20150820,21204,0.00001212
8,57,-70,45985,20150827,21694,0.00001248
9,64,-69,45985,20150903,22422,0.00001213
10,71,-68,45985,20150910,21076,0.00001159
11,78,-67,45985,20150917,24234,0.00001385
12,85,-66,45985,20150924,21798,0.00001260
13,92,-65,45985,20151001,19380,0.00001125
14,99,-64,45985,20151008,19885,0.00001130
15,106,-63,45985,20151015,20399,0.00001157
16,113,-62,45985,20151022,20636,0.00001163
17,120,-61,45985,20151029,21049,0.00001201
18,127,-60,45985,20151105,21698,0.00001225
19,134,-59,45985,20151112,21100,0.00001202
20,141,-58,45985,20151119,24296,0.00001397
21,148,-57,45985,20151126,26967,0.00001542
22,155,-56,45985,20151203,35196,0.00001990
23,162,-55,45985,20151210,39599,0.00002267
24,169,-54,45985,20151217,40273,0.00002506
25,176,-53,45985,20151224,41744,0.00002591
26,183,-52,45985,20151231,25007,0.00001405
27,190,-51,45985,20160107,24640,0.00001325
28,197,-50,45985,20160114,22244,0.00001206
29,204,-49,45985,20160121,21495,0.00001154
30,211,-48,45985,20160128,22723,0.00001227
31,218,-47,45985,20160204,21727,0.00001191
32,225,-46,45985,20160211,28043,0.00001542
33,232,-45,45985,20160218,30230,0.00001652
34,239,-44,45985,20160225,25373,0.00001392
35,246,-43,45985,20160303,24433,0.00001354
36,253,-42,45985,20160310,23342,0.00001351
37,260,-41,45985,20160317,23387,0.00001400
38,267,-40,45985,20160324,26040,0.00001532
39,274,-39,45985,20160331,25186,0.00001465
40,281,-38,45985,20160407,23494,0.00001346
41,288,-37,45985,20160414,23007,0.00001343
42,295,-36,45985,20160421,33175,0.00001883
43,302,-35,45985,20160428,29250,0.00001706
44,309,-34,45985,20160505,26508,0.00001551
45,316,-33,45985,20160512,26517,0.00001541
46,323,-32,45985,20160519,26270,0.00001525
47,330,-31,45985,20160526,27598,0.00001643
48,337,-30,45985,20160602,25919,0.00001530
49,344,-29,45985,20160609,32474,0.00001908
50,351,-28,45985,20160616,27324,0.00001632
51,358,-27,45985,20160623,30333,0.00001801
52,365,-26,45985,20160630,24088,0.00001420
53,372,-25,45985,20160707,23912,0.00001430
54,379,-24,45985,20160714,24889,0.00001497
55,386,-23,45985,20160721,25981,0.00001334
56,393,-22,45985,20160728,26078,0.00001340
57,400,-21,45985,20160804,29264,0.00001522
58,407,-20,45985,20160811,31827,0.00001658
59,414,-19,45985,20160818,26102,0.00001491
60,421,-18,45985,20160825,27356,0.00001547
61,428,-17,45985,20160901,27581,0.00001587
62,435,-16,45985,20160908,26487,0.00001499
63,442,-15,45985,20160915,28178,0.00001591
64,449,-14,45985,20160922,23453,0.00001329
65,456,-13,45985,20160929,25971,0.00001476
66,463,-12,45985,20161006,24462,0.00001381
67,470,-11,45985,20161013,25219,0.00001391
68,477,-10,45985,20161020,24612,0.00001381
69,484,-9,45985,20161027,24508,0.00001395
70,491,-8,45985,20161103,25332,0.00001353
71,498,-7,45985,20161110,26186,0.00001372
72,505,-6,45985,20161117,30229,0.00001643
73,512,-5,45985,20161124,35474,0.00001931
74,519,-4,45985,20161201,47525,0.00002557
75,526,-3,45985,20161208,49179,0.00002696
76,533,-2,45985,20161215,52856,0.00002996
77,540,-1,45985,20161222,7236857,0.00411602
78,547,0,45985,20161229,908571,0.00047986
79,554,1,45985,20170105,314042,0.00015935
80,561,2,45985,20170112,143130,0.00007217
81,568,3,45985,20170119,97219,0.00004907
82,575,4,45985,20170126,73719,0.00003712
83,582,5,45985,20170202,65597,0.00003370
84,589,6,45985,20170209,412155,0.00021342
85,596,7,45985,20170216,128136,0.00006685
86,603,8,45985,20170223,90012,0.00004644
87,610,9,45985,20170302,103306,0.00005463
88,617,10,45985,20170309,62520,0.00003333
89,624,11,45985,20170316,51997,0.00002754
90,631,12,45985,20170323,66463,0.00003695
91,638,13,45985,20170330,54918,0.00003106
92,645,14,45985,20170406,39534,0.00002258
93,652,15,45985,20170413,40017,0.00002241
94,659,16,45985,20170420,39317,0.00002184
95,666,17,45985,20170427,40773,0.00002288
96,673,18,45985,20170504,38573,0.00002158
97,680,19,45985,20170511,35876,0.00002047
98,687,20,45985,20170518,39161,0.00002182
99,694,21,45985,20170525,38602,0.00002219
100,701,22,45985,20170601,37747,0.00002209
101,708,23,45985,20170608,38209,0.00002253
102,715,24,45985,20170615,38183,0.00002309
103,722,25,45985,20170622,62437,0.00003870
104,729,26,45985,20170629,40287,0.00002510
105,736,27,45985,20170706,37897,0.00002284
106,743,28,45985,20170713,35913,0.00002178
107,750,29,45985,20170720,42463,0.00002533
108,757,30,45985,20170727,39997,0.00002460
109,764,31,45985,20170803,40257,0.00002486
110,771,32,45985,20170810,44835,0.00002765
111,778,33,45985,20170817,41388,0.00002530
112,785,34,45985,20170824,41696,0.00002576
113,792,35,45985,20170831,45139,0.00002750
114,799,36,45985,20170907,54494,0.00003327
115,806,37,45985,20170914,49252,0.00002933
116,813,38,45985,20170921,53328,0.00003186
117,820,39,45985,20170928,53813,0.00003253
118,827,40,45985,20171005,73906,0.00004321
119,834,41,45985,20171012,315656,0.00018524
120,841,42,45985,20171019,344056,0.00019950
121,848,43,45985,20171026,167658,0.00009805
122,855,44,45985,20171102,136382,0.00007768
123,862,45,45985,20171109,153160,0.00008754
124,869,46,45985,20171116,109120,0.00006233
125,876,47,45985,20171123,114344,0.00006579
126,883,48,45985,20171130,97635,0.00005670
127,890,49,45985,20171207,105253,0.00005994
128,897,50,45985,20171214,140848,0.00008492
129,904,51,45985,20171221,272067,0.00017033
130,911,52,45985,20171228,111941,0.00006287
131,918,53,45985,20180104,72499,0.00003828
132,925,54,45985,20180111,58990,0.00003076
133,932,55,45985,20180118,51605,0.00002726
134,939,56,45985,20180125,56839,0.00003042
135,946,57,45985,20180201,43982,0.00002386
136,953,58,45985,20180208,43837,0.00002399
137,960,59,45985,20180215,44959,0.00002453
138,967,60,45985,20180222,43874,0.00002362
139,974,61,45985,20180301,42713,0.00002309
140,981,62,45985,20180308,57052,0.00003102
141,988,63,45985,20180315,47354,0.00002614
142,995,64,45985,20180322,50135,0.00002811
143,1002,65,45985,20180329,62687,0.00003513
144,1009,66,45985,20180405,55900,0.00003075
145,1016,67,45985,20180412,55837,0.00003085
146,1023,68,45985,20180419,51860,0.00002927
147,1030,69,45985,20180426,57284,0.00003297
148,1037,70,45985,20180503,48848,0.00002828
149,1044,71,45985,20180510,57269,0.00003268
150,1051,72,45985,20180517,56704,0.00003133
151,1058,73,45985,20180524,53112,0.00003070
152,1065,74,45985,20180531,89520,0.00005250
153,1072,75,45985,20180607,63629,0.00003674
154,1079,76,45985,20180614,61885,0.00003665
155,1086,77,45985,20180621,101379,0.00006032
0,3,-78,314475,20150704,35427,0.00002039
1,10,-77,314475,20150711,63414,0.00003646
2,17,-76,314475,20150718,44495,0.00002576
3,24,-75,314475,20150725,40808,0.00002333
4,31,-74,314475,20150801,35210,0.00002087
5,38,-73,314475,20150808,47727,0.00002778
6,45,-72,314475,20150815,49485,0.00002840
7,52,-71,314475,20150822,50843,0.00002915
8,59,-70,314475,20150829,43623,0.00002481
9,66,-69,314475,20150905,45603,0.00002456
10,73,-68,314475,20150912,39447,0.00002200
11,80,-67,314475,20150919,48707,0.00002786
12,87,-66,314475,20150926,42425,0.00002473
13,94,-65,314475,20151003,56996,0.00003270
14,101,-64,314475,20151010,85276,0.00004847
15,108,-63,314475,20151017,211472,0.00011901
16,115,-62,314475,20151024,121612,0.00006889
17,122,-61,314475,20151031,94160,0.00005348
18,129,-60,314475,20151107,100404,0.00005715
19,136,-59,314475,20151114,75285,0.00004277
20,143,-58,314475,20151121,155767,0.00009089
21,150,-57,314475,20151128,167686,0.00009469
22,157,-56,314475,20151205,246384,0.00013888
23,164,-55,314475,20151212,546490,0.00031901
24,171,-54,314475,20151219,829868,0.00053464
25,178,-53,314475,20151226,711825,0.00042847
26,185,-52,314475,20160102,353114,0.00019262
27,192,-51,314475,20160109,336025,0.00018020
28,199,-50,314475,20160116,111605,0.00006034
29,206,-49,314475,20160123,78133,0.00004210
30,213,-48,314475,20160130,57901,0.00003125
31,220,-47,314475,20160206,58359,0.00003224
32,227,-46,314475,20160213,53011,0.00002901
33,234,-45,314475,20160220,40243,0.00002205
34,241,-44,314475,20160227,40298,0.00002200
35,248,-43,314475,20160305,33964,0.00001909
36,255,-42,314475,20160312,34363,0.00002000
37,262,-41,314475,20160319,40734,0.00002459
38,269,-40,314475,20160326,107621,0.00006306
39,276,-39,314475,20160402,68821,0.00003962
40,283,-38,314475,20160409,76428,0.00004388
41,290,-37,314475,20160416,58227,0.00003357
42,297,-36,314475,20160423,47877,0.00002751
43,304,-35,314475,20160430,51990,0.00003046
44,311,-34,314475,20160507,42644,0.00002496
45,318,-33,314475,20160514,41722,0.00002417
46,325,-32,314475,20160521,35232,0.00002064
47,332,-31,314475,20160528,37672,0.00002235
48,339,-30,314475,20160604,34736,0.00002056
49,346,-29,314475,20160611,28233,0.00001659
50,353,-28,314475,20160618,28031,0.00001673
51,360,-27,314475,20160625,33949,0.00002004
52,367,-26,314475,20160702,35242,0.00002099
53,374,-25,314475,20160709,27377,0.00001638
54,381,-24,314475,20160716,41492,0.00002393
55,388,-23,314475,20160723,34562,0.00001761
56,395,-22,314475,20160730,27984,0.00001459
57,402,-21,314475,20160806,25813,0.00001321
58,409,-20,314475,20160813,29781,0.00001616
59,416,-19,314475,20160820,33238,0.00001887
60,423,-18,314475,20160827,34152,0.00001934
61,430,-17,314475,20160903,32521,0.00001868
62,437,-16,314475,20160910,40544,0.00002288
63,444,-15,314475,20160917,40482,0.00002266
64,451,-14,314475,20160924,70514,0.00004048
65,458,-13,314475,20161001,39023,0.00002200
66,465,-12,314475,20161008,49639,0.00002791
67,472,-11,314475,20161015,44798,0.00002478
68,479,-10,314475,20161022,40988,0.00002317
69,486,-9,314475,20161029,43167,0.00002409
70,493,-8,314475,20161105,30119,0.00001601
71,500,-7,314475,20161112,151934,0.00007994
72,507,-6,314475,20161119,142385,0.00007918
73,514,-5,314475,20161126,143431,0.00007699
74,521,-4,314475,20161203,115278,0.00006163
75,528,-3,314475,20161210,170645,0.00009555
76,535,-2,314475,20161217,500057,0.00028451
77,542,-1,314475,20161224,9676757,0.00531326
78,549,0,314475,20161231,1052887,0.00055328
79,556,1,314475,20170107,586507,0.00029754
80,563,2,314475,20170114,215866,0.00010858
81,570,3,314475,20170121,167881,0.00008457
82,577,4,314475,20170128,110422,0.00005623
83,584,5,314475,20170204,72949,0.00003737
84,591,6,314475,20170211,72740,0.00003796
85,598,7,314475,20170218,67231,0.00003509
86,605,8,314475,20170225,83631,0.00004312
87,612,9,314475,20170304,70292,0.00003722
88,619,10,314475,20170311,54257,0.00002900
89,626,11,314475,20170318,67543,0.00003603
90,633,12,314475,20170325,75724,0.00004235
91,640,13,314475,20170401,61788,0.00003492
92,647,14,314475,20170408,109893,0.00006301
93,654,15,314475,20170415,106769,0.00005925
94,661,16,314475,20170422,58283,0.00003255
95,668,17,314475,20170429,81620,0.00004570
96,675,18,314475,20170506,72122,0.00004062
97,682,19,314475,20170513,50977,0.00002890
98,689,20,314475,20170520,56492,0.00003197
99,696,21,314475,20170527,50566,0.00002900
100,703,22,314475,20170603,45204,0.00002632
101,710,23,314475,20170610,60260,0.00003598
102,717,24,314475,20170617,210030,0.00012730
103,724,25,314475,20170624,47931,0.00002984
104,731,26,314475,20170701,55470,0.00003433
105,738,27,314475,20170708,49703,0.00002995
106,745,28,314475,20170715,59853,0.00003612
107,752,29,314475,20170722,53986,0.00003242
108,759,30,314475,20170729,50223,0.00003103
109,766,31,314475,20170805,58483,0.00003598
110,773,32,314475,20170812,45026,0.00002775
111,780,33,314475,20170819,53797,0.00003300
112,787,34,314475,20170826,41650,0.00002586
113,794,35,314475,20170902,60851,0.00003670
114,801,36,314475,20170909,80009,0.00004885
115,808,37,314475,20170916,61270,0.00003630
116,815,38,314475,20170923,49132,0.00002951
117,822,39,314475,20170930,57320,0.00003448
118,829,40,314475,20171007,106320,0.00006190
119,836,41,314475,20171014,76813,0.00004521
120,843,42,314475,20171021,80972,0.00004687
121,850,43,314475,20171028,63074,0.00003658
122,857,44,314475,20171104,62644,0.00003584
123,864,45,314475,20171111,67807,0.00003865
124,871,46,314475,20171118,69100,0.00004016
125,878,47,314475,20171125,79917,0.00004540
126,885,48,314475,20171202,93581,0.00005367
127,892,49,314475,20171209,255676,0.00014825
128,899,50,314475,20171216,468408,0.00028734
129,906,51,314475,20171223,398660,0.00024114
130,913,52,314475,20171230,218224,0.00012105
131,920,53,314475,20180106,118191,0.00006227
132,927,54,314475,20180113,85856,0.00004437
133,934,55,314475,20180120,66411,0.00003545
134,941,56,314475,20180127,70197,0.00003786
135,948,57,314475,20180203,52710,0.00002852
136,955,58,314475,20180210,45407,0.00002499
137,962,59,314475,20180217,44327,0.00002404
138,969,60,314475,20180224,41045,0.00002218
139,976,61,314475,20180303,61471,0.00003323
140,983,62,314475,20180310,68256,0.00003710
141,990,63,314475,20180317,58350,0.00003227
142,997,64,314475,20180324,69841,0.00003947
143,1004,65,314475,20180331,99097,0.00005527
144,1011,66,314475,20180407,71187,0.00003907
145,1018,67,314475,20180414,63832,0.00003558
146,1025,68,314475,20180421,45066,0.00002532
147,1032,69,314475,20180428,49606,0.00002874
148,1039,70,314475,20180505,63922,0.00003688
149,1046,71,314475,20180512,48792,0.00002781
150,1053,72,314475,20180519,45298,0.00002521
151,1060,73,314475,20180526,66331,0.00003836
152,1067,74,314475,20180602,53659,0.00003118
153,1074,75,314475,20180609,46088,0.00002698
154,1081,76,314475,20180616,41932,0.00002484
155,1088,77,314475,20180623,61549,0.00003671
1,4,-77,70315,20150705,18492,0.00001062
2,11,-76,70315,20150712,20019,0.00001153
3,18,-75,70315,20150719,21100,0.00001216
4,25,-74,70315,20150726,20132,0.00001156
5,32,-73,70315,20150802,13799,0.00000816
6,39,-72,70315,20150809,16633,0.00000968
7,46,-71,70315,20150816,28320,0.00001625
8,53,-70,70315,20150823,63279,0.00003629
9,60,-69,70315,20150830,21213,0.00001200
10,67,-68,70315,20150906,18821,0.00001010
11,74,-67,70315,20150913,16467,0.00000928
12,81,-66,70315,20150920,19060,0.00001093
13,88,-65,70315,20150927,19630,0.00001146
14,95,-64,70315,20151004,21346,0.00001220
15,102,-63,70315,20151011,23690,0.00001348
16,109,-62,70315,20151018,47281,0.00002654
17,116,-61,70315,20151025,48974,0.00002778
18,123,-60,70315,20151101,31458,0.00001785
19,130,-59,70315,20151108,24791,0.00001413
20,137,-58,70315,20151115,32829,0.00001863
21,144,-57,70315,20151122,29478,0.00001712
22,151,-56,70315,20151129,40846,0.00002320
23,158,-55,70315,20151206,53471,0.00003009
24,165,-54,70315,20151213,98621,0.00005811
25,172,-53,70315,20151220,95451,0.00006109
26,179,-52,70315,20151227,111015,0.00006547
27,186,-51,70315,20160103,48552,0.00002668
28,193,-50,70315,20160110,37612,0.00002018
29,200,-49,70315,20160117,26937,0.00001454
30,207,-48,70315,20160124,31682,0.00001710
31,214,-47,70315,20160131,19711,0.00001067
32,221,-46,70315,20160207,22637,0.00001250
33,228,-45,70315,20160214,19119,0.00001045
34,235,-44,70315,20160221,20513,0.00001128
35,242,-43,70315,20160228,48177,0.00002620
36,249,-42,70315,20160306,15669,0.00000888
37,256,-41,70315,20160313,14604,0.00000853
38,263,-40,70315,20160320,29321,0.00001763
39,270,-39,70315,20160327,30565,0.00001792
40,277,-38,70315,20160403,20814,0.00001195
41,284,-37,70315,20160410,25039,0.00001444
42,291,-36,70315,20160417,17650,0.00001013
43,298,-35,70315,20160424,15296,0.00000884
44,305,-34,70315,20160501,15026,0.00000880
45,312,-33,70315,20160508,16465,0.00000963
46,319,-32,70315,20160515,17826,0.00001028
47,326,-31,70315,20160522,15089,0.00000892
48,333,-30,70315,20160529,19157,0.00001131
49,340,-29,70315,20160605,19411,0.00001150
50,347,-28,70315,20160612,17178,0.00001013
51,354,-27,70315,20160619,14404,0.00000858
52,361,-26,70315,20160626,16649,0.00000983
53,368,-25,70315,20160703,17683,0.00001053
54,375,-24,70315,20160710,16263,0.00000977
55,382,-23,70315,20160717,18707,0.00001052
56,389,-22,70315,20160724,21402,0.00001090
57,396,-21,70315,20160731,15014,0.00000783
58,403,-20,70315,20160807,14994,0.00000766
59,410,-19,70315,20160814,20847,0.00001153
60,417,-18,70315,20160821,27458,0.00001557
61,424,-17,70315,20160828,21628,0.00001225
62,431,-16,70315,20160904,22009,0.00001259
63,438,-15,70315,20160911,20349,0.00001153
64,445,-14,70315,20160918,26657,0.00001494
65,452,-13,70315,20160925,21027,0.00001206
66,459,-12,70315,20161002,21746,0.00001224
67,466,-11,70315,20161009,24811,0.00001390
68,473,-10,70315,20161016,23194,0.00001287
69,480,-9,70315,20161023,38772,0.00002202
70,487,-8,70315,20161030,23032,0.00001270
71,494,-7,70315,20161106,14152,0.00000749
72,501,-6,70315,20161113,32078,0.00001698
73,508,-5,70315,20161120,37186,0.00002056
74,515,-4,70315,20161127,44218,0.00002377
75,522,-3,70315,20161204,38185,0.00002049
76,529,-2,70315,20161211,44370,0.00002505
77,536,-1,70315,20161218,400651,0.00022719
78,543,0,70315,20161225,7330139,0.00401061
79,550,1,70315,20170101,552112,0.00028535
80,557,2,70315,20170108,396649,0.00020148
81,564,3,70315,20170115,116277,0.00005864
82,571,4,70315,20170122,117967,0.00005925
83,578,5,70315,20170129,57093,0.00002924
84,585,6,70315,20170205,37496,0.00001921
85,592,7,70315,20170212,42601,0.00002228
86,599,8,70315,20170219,35426,0.00001847
87,606,9,70315,20170226,49514,0.00002562
88,613,10,70315,20170305,32323,0.00001710
89,620,11,70315,20170312,28784,0.00001531
90,627,12,70315,20170319,46963,0.00002534
91,634,13,70315,20170326,37742,0.00002122
92,641,14,70315,20170402,30292,0.00001709
93,648,15,70315,20170409,38380,0.00002197
94,655,16,70315,20170416,31128,0.00001725
95,662,17,70315,20170423,26030,0.00001459
96,669,18,70315,20170430,31882,0.00001779
97,676,19,70315,20170507,27223,0.00001539
98,683,20,70315,20170514,26693,0.00001512
99,690,21,70315,20170521,23665,0.00001349
100,697,22,70315,20170528,23417,0.00001338
101,704,23,70315,20170604,23161,0.00001351
102,711,24,70315,20170611,40061,0.00002396
103,718,25,70315,20170618,55768,0.00003388
104,725,26,70315,20170625,23803,0.00001483
105,732,27,70315,20170702,23089,0.00001422
106,739,28,70315,20170709,21754,0.00001311
107,746,29,70315,20170716,24516,0.00001476
108,753,30,70315,20170723,23763,0.00001435
109,760,31,70315,20170730,30966,0.00001916
110,767,32,70315,20170806,36402,0.00002232
111,774,33,70315,20170813,35237,0.00002174
112,781,34,70315,20170820,24671,0.00001513
113,788,35,70315,20170827,21690,0.00001348
114,795,36,70315,20170903,36062,0.00002174
115,802,37,70315,20170910,32652,0.00001988
116,809,38,70315,20170917,31354,0.00001857
117,816,39,70315,20170924,27277,0.00001649
118,823,40,70315,20171001,30238,0.00001802
119,830,41,70315,20171008,40797,0.00002376
120,837,42,70315,20171015,40075,0.00002357
121,844,43,70315,20171022,40812,0.00002363
122,851,44,70315,20171029,36354,0.00002104
123,858,45,70315,20171105,26707,0.00001527
124,865,46,70315,20171112,29336,0.00001673
125,872,47,70315,20171119,28270,0.00001640
126,879,48,70315,20171126,32304,0.00001847
127,886,49,70315,20171203,32319,0.00001844
128,893,50,70315,20171210,72164,0.00004209
129,900,51,70315,20171217,111680,0.00006875
130,907,52,70315,20171224,126472,0.00007528
131,914,53,70315,20171231,56259,0.00003072
132,921,54,70315,20180107,36995,0.00001963
133,928,55,70315,20180114,32720,0.00001699
134,935,56,70315,20180121,29977,0.00001599
135,942,57,70315,20180128,25497,0.00001377
136,949,58,70315,20180204,22541,0.00001219
137,956,59,70315,20180211,20804,0.00001146
138,963,60,70315,20180218,20578,0.00001116
139,970,61,70315,20180225,21038,0.00001136
140,977,62,70315,20180304,33915,0.00001839
141,984,63,70315,20180311,28064,0.00001524
142,991,64,70315,20180318,26883,0.00001492
143,998,65,70315,20180325,37830,0.00002136
144,1005,66,70315,20180401,40570,0.00002254
145,1012,67,70315,20180408,33320,0.00001837
146,1019,68,70315,20180415,28132,0.00001570
147,1026,69,70315,20180422,23052,0.00001299
148,1033,70,70315,20180429,24696,0.00001430
149,1040,71,70315,20180506,25162,0.00001448
150,1047,72,70315,20180513,23972,0.00001348
151,1054,73,70315,20180520,24402,0.00001381
152,1061,74,70315,20180527,27419,0.00001587
153,1068,75,70315,20180603,27341,0.00001581
154,1075,76,70315,20180610,20830,0.00001228
155,1082,77,70315,20180617,30837,0.00001817
156,1089,78,70315,20180624,39465,0.00002359
1,6,-78,1085325,20150707,11882,0.00000681
2,13,-77,1085325,20150714,13963,0.00000809
3,20,-76,1085325,20150721,14140,0.00000814
4,27,-75,1085325,20150728,11386,0.00000669
5,34,-74,1085325,20150804,11011,0.00000641
6,41,-73,1085325,20150811,11327,0.00000654
7,48,-72,1085325,20150818,10883,0.00000623
8,55,-71,1085325,20150825,9999,0.00000574
9,62,-70,1085325,20150901,10753,0.00000598
10,69,-69,1085325,20150908,10409,0.00000559
11,76,-68,1085325,20150915,10776,0.00000614
12,83,-67,1085325,20150922,12556,0.00000725
13,90,-66,1085325,20150929,11009,0.00000645
14,97,-65,1085325,20151006,10536,0.00000600
15,104,-64,1085325,20151013,11489,0.00000651
16,111,-63,1085325,20151020,9907,0.00000556
17,118,-62,1085325,20151027,9716,0.00000553
18,125,-61,1085325,20151103,8743,0.00000493
19,132,-60,1085325,20151110,9365,0.00000535
20,139,-59,1085325,20151117,8913,0.00000507
21,146,-58,1085325,20151124,9064,0.00000523
22,153,-57,1085325,20151201,8233,0.00000468
23,160,-56,1085325,20151208,8012,0.00000451
24,167,-55,1085325,20151215,11413,0.00000692
25,174,-54,1085325,20151222,9468,0.00000602
26,181,-53,1085325,20151229,11181,0.00000640
27,188,-52,1085325,20160105,13297,0.00000719
28,195,-51,1085325,20160112,13218,0.00000718
29,202,-50,1085325,20160119,12068,0.00000647
30,209,-49,1085325,20160126,11502,0.00000621
31,216,-48,1085325,20160202,15215,0.00000828
32,223,-47,1085325,20160209,21168,0.00001176
33,230,-46,1085325,20160216,11133,0.00000603
34,237,-45,1085325,20160223,9083,0.00000498
35,244,-44,1085325,20160301,14072,0.00000774
36,251,-43,1085325,20160308,12943,0.00000742
37,258,-42,1085325,20160315,7764,0.00000458
38,265,-41,1085325,20160322,13831,0.00000826
39,272,-40,1085325,20160329,10611,0.00000621
40,279,-39,1085325,20160405,10913,0.00000624
41,286,-38,1085325,20160412,9592,0.00000558
42,293,-37,1085325,20160419,12095,0.00000688
43,300,-36,1085325,20160426,8885,0.00000517
44,307,-35,1085325,20160503,8130,0.00000476
45,314,-34,1085325,20160510,8575,0.00000500
46,321,-33,1085325,20160517,8430,0.00000486
47,328,-32,1085325,20160524,9119,0.00000545
48,335,-31,1085325,20160531,11536,0.00000676
49,342,-30,1085325,20160607,14524,0.00000859
50,349,-29,1085325,20160614,9538,0.00000565
51,356,-28,1085325,20160621,12465,0.00000743
52,363,-27,1085325,20160628,11487,0.00000681
53,370,-26,1085325,20160705,9939,0.00000587
54,377,-25,1085325,20160712,9767,0.00000593
55,384,-24,1085325,20160719,9495,0.00000508
56,391,-23,1085325,20160726,11239,0.00000571
57,398,-22,1085325,20160802,10605,0.00000556
58,405,-21,1085325,20160809,9140,0.00000465
59,412,-20,1085325,20160816,10204,0.00000579
60,419,-19,1085325,20160823,10320,0.00000586
61,426,-18,1085325,20160830,10671,0.00000610
62,433,-17,1085325,20160906,10000,0.00000569
63,440,-16,1085325,20160913,13330,0.00000751
64,447,-15,1085325,20160920,10871,0.00000613
65,454,-14,1085325,20160927,11787,0.00000676
66,461,-13,1085325,20161004,52815,0.00002973
67,468,-12,1085325,20161011,18153,0.00001007
68,475,-11,1085325,20161018,37184,0.00002073
69,482,-10,1085325,20161025,12056,0.00000689
70,489,-9,1085325,20161101,11345,0.00000615
71,496,-8,1085325,20161108,8634,0.00000452
72,503,-7,1085325,20161115,9293,0.00000499
73,510,-6,1085325,20161122,13063,0.00000720
74,517,-5,1085325,20161129,18037,0.00000970
75,524,-4,1085325,20161206,12233,0.00000662
76,531,-3,1085325,20161213,10681,0.00000603
77,538,-2,1085325,20161220,11882,0.00000688
78,545,-1,1085325,20161227,18047,0.00000962
79,552,0,1085325,20170103,1263349,0.00063944
80,559,1,1085325,20170110,162730,0.00008262
81,566,2,1085325,20170117,42405,0.00002135
82,573,3,1085325,20170124,36651,0.00001842
83,580,4,1085325,20170131,22007,0.00001131
84,587,5,1085325,20170207,23112,0.00001187
85,594,6,1085325,20170214,21247,0.00001116
86,601,7,1085325,20170221,39651,0.00002041
87,608,8,1085325,20170228,27705,0.00001460
88,615,9,1085325,20170307,15124,0.00000803
89,622,10,1085325,20170314,13649,0.00000726
90,629,11,1085325,20170321,16055,0.00000880
91,636,12,1085325,20170328,16175,0.00000910
92,643,13,1085325,20170404,14663,0.00000832
93,650,14,1085325,20170411,19684,0.00001120
94,657,15,1085325,20170418,18432,0.00001016
95,664,16,1085325,20170425,17853,0.00001004
96,671,17,1085325,20170502,17473,0.00000976
97,678,18,1085325,20170509,13621,0.00000774
98,685,19,1085325,20170516,15512,0.00000865
99,692,20,1085325,20170523,17918,0.00001047
100,699,21,1085325,20170530,13532,0.00000774
101,706,22,1085325,20170606,13707,0.00000800
102,713,23,1085325,20170613,15102,0.00000914
103,720,24,1085325,20170620,35139,0.00002151
104,727,25,1085325,20170627,26720,0.00001668
105,734,26,1085325,20170704,17155,0.00001042
106,741,27,1085325,20170711,15220,0.00000918
107,748,28,1085325,20170718,13050,0.00000782
108,755,29,1085325,20170725,12796,0.00000782
109,762,30,1085325,20170801,12585,0.00000780
110,769,31,1085325,20170808,12062,0.00000741
111,776,32,1085325,20170815,12596,0.00000770
112,783,33,1085325,20170822,10423,0.00000643
113,790,34,1085325,20170829,11172,0.00000689
114,797,35,1085325,20170905,11260,0.00000680
115,804,36,1085325,20170912,11178,0.00000673
116,811,37,1085325,20170919,11110,0.00000662
117,818,38,1085325,20170926,13148,0.00000798
118,825,39,1085325,20171003,13060,0.00000769
119,832,40,1085325,20171010,11365,0.00000662
120,839,41,1085325,20171017,14432,0.00000845
121,846,42,1085325,20171024,10214,0.00000591
122,853,43,1085325,20171031,9890,0.00000570
123,860,44,1085325,20171107,10045,0.00000574
124,867,45,1085325,20171114,9551,0.00000544
125,874,46,1085325,20171121,9880,0.00000572
126,881,47,1085325,20171128,9536,0.00000551
127,888,48,1085325,20171205,11909,0.00000676
128,895,49,1085325,20171212,9897,0.00000586
129,902,50,1085325,20171219,10533,0.00000667
130,909,51,1085325,20171226,23616,0.00001367
131,916,52,1085325,20180102,16275,0.00000856
132,923,53,1085325,20180109,11659,0.00000614
133,930,54,1085325,20180116,10307,0.00000541
134,937,55,1085325,20180123,11189,0.00000596
135,944,56,1085325,20180130,13780,0.00000747
136,951,57,1085325,20180206,10205,0.00000554
137,958,58,1085325,20180213,9805,0.00000540
138,965,59,1085325,20180220,12890,0.00000693
139,972,60,1085325,20180227,16806,0.00000908
140,979,61,1085325,20180306,10322,0.00000564
141,986,62,1085325,20180313,9561,0.00000521
142,993,63,1085325,20180320,9748,0.00000545
143,1000,64,1085325,20180327,9532,0.00000538
144,1007,65,1085325,20180403,8743,0.00000481
145,1014,66,1085325,20180410,10236,0.00000563
146,1021,67,1085325,20180417,7418,0.00000420
147,1028,68,1085325,20180424,7948,0.00000450
148,1035,69,1085325,20180501,7624,0.00000442
149,1042,70,1085325,20180508,7316,0.00000419
150,1049,71,1085325,20180515,7535,0.00000417
151,1056,72,1085325,20180522,7820,0.00000451
152,1063,73,1085325,20180529,8288,0.00000482
153,1070,74,1085325,20180605,8042,0.00000463
154,1077,75,1085325,20180612,8171,0.00000484
155,1084,76,1085325,20180619,9473,0.00000560
156,1091,77,1085325,20180626,8152,0.00000487
0,0,-81,23584666,20150701,552,0.00000032
1,7,-80,23584666,20150708,796,0.00000046
2,14,-79,23584666,20150715,295,0.00000017
3,21,-78,23584666,20150722,449,0.00000026
4,28,-77,23584666,20150729,516,0.00000030
5,35,-76,23584666,20150805,1290,0.00000075
6,42,-75,23584666,20150812,1331,0.00000077
7,49,-74,23584666,20150819,1297,0.00000074
8,56,-73,23584666,20150826,1350,0.00000078
9,63,-72,23584666,20150902,1422,0.00000077
10,70,-71,23584666,20150909,1380,0.00000075
11,77,-70,23584666,20150916,1367,0.00000078
12,84,-69,23584666,20150923,1287,0.00000074
13,91,-68,23584666,20150930,1338,0.00000078
14,98,-67,23584666,20151007,1947,0.00000111
15,105,-66,23584666,20151014,1399,0.00000079
16,112,-65,23584666,20151021,1373,0.00000077
17,119,-64,23584666,20151028,1364,0.00000078
18,126,-63,23584666,20151104,1420,0.00000080
19,133,-62,23584666,20151111,1377,0.00000079
20,140,-61,23584666,20151118,1323,0.00000075
21,147,-60,23584666,20151125,1453,0.00000084
22,154,-59,23584666,20151202,1356,0.00000077
23,161,-58,23584666,20151209,1382,0.00000078
24,168,-57,23584666,20151216,1382,0.00000085
25,175,-56,23584666,20151223,1406,0.00000088
26,182,-55,23584666,20151230,1068,0.00000061
27,189,-54,23584666,20160106,807,0.00000043
28,196,-53,23584666,20160113,3979,0.00000216
29,203,-52,23584666,20160120,1465,0.00000079
30,210,-51,23584666,20160127,1252,0.00000068
31,217,-50,23584666,20160203,1119,0.00000061
32,224,-49,23584666,20160210,1500,0.00000083
33,231,-48,23584666,20160217,1635,0.00000089
34,238,-47,23584666,20160224,856,0.00000047
35,245,-46,23584666,20160302,834,0.00000046
36,252,-45,23584666,20160309,941,0.00000054
37,259,-44,23584666,20160316,687,0.00000041
38,266,-43,23584666,20160323,592,0.00000035
39,273,-42,23584666,20160330,618,0.00000036
40,280,-41,23584666,20160406,699,0.00000040
41,287,-40,23584666,20160413,605,0.00000035
42,294,-39,23584666,20160420,615,0.00000035
43,301,-38,23584666,20160427,697,0.00000041
44,308,-37,23584666,20160504,1288,0.00000075
45,315,-36,23584666,20160511,2551,0.00000149
46,322,-35,23584666,20160518,1282,0.00000074
47,329,-34,23584666,20160525,1323,0.00000079
48,336,-33,23584666,20160601,1154,0.00000068
49,343,-32,23584666,20160608,895,0.00000053
50,350,-31,23584666,20160615,911,0.00000054
51,357,-30,23584666,20160622,831,0.00000049
52,364,-29,23584666,20160629,982,0.00000058
53,371,-28,23584666,20160706,997,0.00000059
54,378,-27,23584666,20160713,826,0.00000050
55,385,-26,23584666,20160720,874,0.00000046
56,392,-25,23584666,20160727,1023,0.00000052
57,399,-24,23584666,20160803,829,0.00000043
58,406,-23,23584666,20160810,839,0.00000043
59,413,-22,23584666,20160817,834,0.00000048
60,420,-21,23584666,20160824,1320,0.00000075
61,427,-20,23584666,20160831,1242,0.00000071
62,434,-19,23584666,20160907,937,0.00000053
63,441,-18,23584666,20160914,2142,0.00000121
64,448,-17,23584666,20160921,755,0.00000043
65,455,-16,23584666,20160928,616,0.00000035
66,462,-15,23584666,20161005,817,0.00000046
67,469,-14,23584666,20161012,620,0.00000034
68,476,-13,23584666,20161019,1018,0.00000057
69,483,-12,23584666,20161026,1128,0.00000065
70,490,-11,23584666,20161102,1310,0.00000070
71,497,-10,23584666,20161109,1083,0.00000057
72,504,-9,23584666,20161116,1113,0.00000060
73,511,-8,23584666,20161123,14158,0.00000776
74,518,-7,23584666,20161130,1719,0.00000093
75,525,-6,23584666,20161207,1481,0.00000081
76,532,-5,23584666,20161214,18376,0.00001038
77,539,-4,23584666,20161221,1150,0.00000066
78,546,-3,23584666,20161228,1435,0.00000076
79,553,-2,23584666,20170104,1459,0.00000074
80,560,-1,23584666,20170111,130715,0.00006605
81,567,0,23584666,20170118,17308,0.00000873
82,574,1,23584666,20170125,3780,0.00000190
83,581,2,23584666,20170201,2232,0.00000115
84,588,3,23584666,20170208,1692,0.00000087
85,595,4,23584666,20170215,1068,0.00000056
86,602,5,23584666,20170222,803,0.00000041
87,609,6,23584666,20170301,986,0.00000052
88,616,7,23584666,20170308,836,0.00000044
89,623,8,23584666,20170315,720,0.00000038
90,630,9,23584666,20170322,714,0.00000040
91,637,10,23584666,20170329,617,0.00000035
92,644,11,23584666,20170405,637,0.00000036
93,651,12,23584666,20170412,782,0.00000044
94,658,13,23584666,20170419,625,0.00000035
95,665,14,23584666,20170426,576,0.00000032
96,672,15,23584666,20170503,533,0.00000030
97,679,16,23584666,20170510,546,0.00000031
98,686,17,23584666,20170517,522,0.00000029
99,693,18,23584666,20170524,515,0.00000030
100,700,19,23584666,20170531,430,0.00000025
101,707,20,23584666,20170607,451,0.00000026
102,714,21,23584666,20170614,486,0.00000030
103,721,22,23584666,20170621,499,0.00000031
104,728,23,23584666,20170628,393,0.00000024
105,735,24,23584666,20170705,392,0.00000024
106,742,25,23584666,20170712,455,0.00000028
107,749,26,23584666,20170719,420,0.00000025
108,756,27,23584666,20170726,443,0.00000027
109,763,28,23584666,20170802,453,0.00000028
110,770,29,23584666,20170809,554,0.00000034
111,777,30,23584666,20170816,388,0.00000024
112,784,31,23584666,20170823,402,0.00000025
113,791,32,23584666,20170830,409,0.00000025
114,798,33,23584666,20170906,421,0.00000026
115,805,34,23584666,20170913,525,0.00000031
116,812,35,23584666,20170920,426,0.00000025
117,819,36,23584666,20170927,413,0.00000025
118,826,37,23584666,20171004,482,0.00000028
119,833,38,23584666,20171011,451,0.00000026
120,840,39,23584666,20171018,483,0.00000028
121,847,40,23584666,20171025,467,0.00000027
122,854,41,23584666,20171101,439,0.00000025
123,861,42,23584666,20171108,443,0.00000025
124,868,43,23584666,20171115,467,0.00000027
125,875,44,23584666,20171122,472,0.00000027
126,882,45,23584666,20171129,479,0.00000028
127,889,46,23584666,20171206,529,0.00000030
128,896,47,23584666,20171213,562,0.00000034
129,903,48,23584666,20171220,496,0.00000031
130,910,49,23584666,20171227,920,0.00000052
131,917,50,23584666,20180103,682,0.00000036
132,924,51,23584666,20180110,697603,0.00036582
133,931,52,23584666,20180117,7059,0.00000371
134,938,53,23584666,20180124,3076,0.00000164
135,945,54,23584666,20180131,1914,0.00000104
136,952,55,23584666,20180207,1437,0.00000078
137,959,56,23584666,20180214,1185,0.00000065
138,966,57,23584666,20180221,1294,0.00000070
139,973,58,23584666,20180228,831,0.00000045
140,980,59,23584666,20180307,844,0.00000046
141,987,60,23584666,20180314,694,0.00000038
142,994,61,23584666,20180321,695,0.00000039
143,1001,62,23584666,20180328,625,0.00000035
144,1008,63,23584666,20180404,616,0.00000034
145,1015,64,23584666,20180411,656,0.00000036
146,1022,65,23584666,20180418,575,0.00000033
147,1029,66,23584666,20180425,533,0.00000030
148,1036,67,23584666,20180502,484,0.00000028
149,1043,68,23584666,20180509,431,0.00000025
150,1050,69,23584666,20180516,587,0.00000032
151,1057,70,23584666,20180523,413,0.00000024
152,1064,71,23584666,20180530,405,0.00000024
153,1071,72,23584666,20180606,478,0.00000028
154,1078,73,23584666,20180613,408,0.00000024
155,1085,74,23584666,20180620,343,0.00000020
156,1092,75,23584666,20180627,355,0.00000021
1,5,-80,970710,20150706,9795,0.00000559
2,12,-79,970710,20150713,8958,0.00000518
3,19,-78,970710,20150720,8776,0.00000505
4,26,-77,970710,20150727,8710,0.00000503
5,33,-76,970710,20150803,9875,0.00000581
6,40,-75,970710,20150810,10005,0.00000582
7,47,-74,970710,20150817,8960,0.00000513
8,54,-73,970710,20150824,9200,0.00000529
9,61,-72,970710,20150831,8218,0.00000461
10,68,-71,970710,20150907,10288,0.00000550
11,75,-70,970710,20150914,8256,0.00000469
12,82,-69,970710,20150921,9540,0.00000550
13,89,-68,970710,20150928,8259,0.00000483
14,96,-67,970710,20151005,8478,0.00000484
15,103,-66,970710,20151012,8740,0.00000496
16,110,-65,970710,20151019,8457,0.00000474
17,117,-64,970710,20151026,7329,0.00000417
18,124,-63,970710,20151102,9245,0.00000522
19,131,-62,970710,20151109,9116,0.00000520
20,138,-61,970710,20151116,9619,0.00000546
21,145,-60,970710,20151123,10305,0.00000597
22,152,-59,970710,20151130,9770,0.00000556
23,159,-58,970710,20151207,13303,0.00000748
24,166,-57,970710,20151214,15851,0.00000947
25,173,-56,970710,20151221,21267,0.00001356
26,180,-55,970710,20151228,13149,0.00000762
27,187,-54,970710,20160104,9811,0.00000538
28,194,-53,970710,20160111,9299,0.00000500
29,201,-52,970710,20160118,11623,0.00000625
30,208,-51,970710,20160125,10262,0.00000554
31,215,-50,970710,20160201,11419,0.00000621
32,222,-49,970710,20160208,10201,0.00000565
33,229,-48,970710,20160215,9075,0.00000494
34,236,-47,970710,20160222,10584,0.00000585
35,243,-46,970710,20160229,9654,0.00000524
36,250,-45,970710,20160307,8227,0.00000469
37,257,-44,970710,20160314,9323,0.00000547
38,264,-43,970710,20160321,9306,0.00000559
39,271,-42,970710,20160328,9941,0.00000581
40,278,-41,970710,20160404,8260,0.00000473
41,285,-40,970710,20160411,9153,0.00000531
42,292,-39,970710,20160418,12933,0.00000738
43,299,-38,970710,20160425,11202,0.00000651
44,306,-37,970710,20160502,9288,0.00000544
45,313,-36,970710,20160509,8978,0.00000523
46,320,-35,970710,20160516,8170,0.00000471
47,327,-34,970710,20160523,8474,0.00000504
48,334,-33,970710,20160530,9118,0.00000535
49,341,-32,970710,20160606,8165,0.00000484
50,348,-31,970710,20160613,8927,0.00000528
51,355,-30,970710,20160620,8178,0.00000486
52,362,-29,970710,20160627,7214,0.00000427
53,369,-28,970710,20160704,7604,0.00000451
54,376,-27,970710,20160711,7319,0.00000442
55,383,-26,970710,20160718,7532,0.00000413
56,390,-25,970710,20160725,8081,0.00000411
57,397,-24,970710,20160801,7234,0.00000379
58,404,-23,970710,20160808,7679,0.00000391
59,411,-22,970710,20160815,6855,0.00000384
60,418,-21,970710,20160822,8352,0.00000475
61,425,-20,970710,20160829,8283,0.00000470
62,432,-19,970710,20160905,8024,0.00000457
63,439,-18,970710,20160912,8423,0.00000478
64,446,-17,970710,20160919,10239,0.00000576
65,453,-16,970710,20160926,21447,0.00001229
66,460,-15,970710,20161003,13899,0.00000780
67,467,-14,970710,20161010,9550,0.00000534
68,474,-13,970710,20161017,31307,0.00001742
69,481,-12,970710,20161024,17411,0.00000991
70,488,-11,970710,20161031,16498,0.00000901
71,495,-10,970710,20161107,74840,0.00003942
72,502,-9,970710,20161114,32136,0.00001714
73,509,-8,970710,20161121,65970,0.00003632
74,516,-7,970710,20161128,62544,0.00003368
75,523,-6,970710,20161205,23687,0.00001277
76,530,-5,970710,20161212,19828,0.00001120
77,537,-4,970710,20161219,29188,0.00001676
78,544,-3,970710,20161226,19405,0.00001051
79,551,-2,970710,20170102,16143,0.00000820
80,558,-1,970710,20170109,21600,0.00001098
81,565,0,970710,20170116,886610,0.00044625
82,572,1,970710,20170123,140722,0.00007073
83,579,2,970710,20170130,75709,0.00003889
84,586,3,970710,20170206,73736,0.00003779
85,593,4,970710,20170213,46947,0.00002463
86,600,5,970710,20170220,83543,0.00004335
87,607,6,970710,20170227,52591,0.00002739
88,614,7,970710,20170306,242047,0.00012799
89,621,8,970710,20170313,49775,0.00002649
90,628,9,970710,20170320,39796,0.00002167
91,635,10,970710,20170327,34190,0.00001931
92,642,11,970710,20170403,39142,0.00002210
93,649,12,970710,20170410,38993,0.00002231
94,656,13,970710,20170417,60390,0.00003329
95,663,14,970710,20170424,42075,0.00002369
96,670,15,970710,20170501,39210,0.00002184
97,677,16,970710,20170508,34984,0.00001986
98,684,17,970710,20170515,36630,0.00002073
99,691,18,970710,20170522,57069,0.00003274
100,698,19,970710,20170529,51504,0.00002937
101,705,20,970710,20170605,45049,0.00002630
102,712,21,970710,20170612,36808,0.00002213
103,719,22,970710,20170619,38884,0.00002367
104,726,23,970710,20170626,29149,0.00001819
105,733,24,970710,20170703,29751,0.00001822
106,740,25,970710,20170710,31757,0.00001910
107,747,26,970710,20170717,28152,0.00001692
108,754,27,970710,20170724,29873,0.00001815
109,761,28,970710,20170731,48943,0.00003033
110,768,29,970710,20170807,29813,0.00001829
111,775,30,970710,20170814,26212,0.00001609
112,782,31,970710,20170821,24078,0.00001482
113,789,32,970710,20170828,26111,0.00001618
114,796,33,970710,20170904,33124,0.00001995
115,803,34,970710,20170911,26288,0.00001597
116,810,35,970710,20170918,47895,0.00002841
117,817,36,970710,20170925,22587,0.00001371
118,824,37,970710,20171002,22449,0.00001328
119,831,38,970710,20171009,28173,0.00001639
120,838,39,970710,20171016,19236,0.00001130
121,845,40,970710,20171023,22424,0.00001297
122,852,41,970710,20171030,17265,0.00000996
123,859,42,970710,20171106,17474,0.00001001
124,866,43,970710,20171113,18782,0.00001071
125,873,44,970710,20171120,19691,0.00001141
126,880,45,970710,20171127,18804,0.00001081
127,887,46,970710,20171204,19997,0.00001137
128,894,47,970710,20171211,26141,0.00001537
129,901,48,970710,20171218,35714,0.00002222
130,908,49,970710,20171225,40268,0.00002369
131,915,50,970710,20180101,25270,0.00001352
132,922,51,970710,20180108,21402,0.00001131
133,929,52,970710,20180115,24671,0.00001291
134,936,53,970710,20180122,21841,0.00001163
135,943,54,970710,20180129,20835,0.00001128
136,950,55,970710,20180205,32683,0.00001769
137,957,56,970710,20180212,29909,0.00001650
138,964,57,970710,20180219,28661,0.00001546
139,971,58,970710,20180226,24843,0.00001345
140,978,59,970710,20180305,21024,0.00001142
141,985,60,970710,20180312,18374,0.00000999
142,992,61,970710,20180319,22847,0.00001274
143,999,62,970710,20180326,17355,0.00000982
144,1006,63,970710,20180402,16578,0.00000914
145,1013,64,970710,20180409,17972,0.00000989
146,1020,65,970710,20180416,16703,0.00000941
147,1027,66,970710,20180423,14766,0.00000835
148,1034,67,970710,20180430,16543,0.00000960
149,1041,68,970710,20180507,19289,0.00001107
150,1048,69,970710,20180514,18068,0.00001005
151,1055,70,970710,20180521,21715,0.00001244
152,1062,71,970710,20180528,18248,0.00001058
153,1069,72,970710,20180604,15848,0.00000915
154,1076,73,970710,20180611,14671,0.00000868
155,1083,74,970710,20180618,17134,0.00001010
156,1090,75,970710,20180625,14551,0.00000870
1,4,-81,164390,20150705,23438,0.00001346
2,11,-80,164390,20150712,35809,0.00002062
3,18,-79,164390,20150719,26202,0.00001510
4,25,-78,164390,20150726,29085,0.00001671
5,32,-77,164390,20150802,23737,0.00001404
6,39,-76,164390,20150809,29698,0.00001729
7,46,-75,164390,20150816,26496,0.00001520
8,53,-74,164390,20150823,22138,0.00001270
9,60,-73,164390,20150830,22303,0.00001262
10,67,-72,164390,20150906,25965,0.00001393
11,74,-71,164390,20150913,21067,0.00001187
12,81,-70,164390,20150920,20147,0.00001155
13,88,-69,164390,20150927,18895,0.00001103
14,95,-68,164390,20151004,21293,0.00001217
15,102,-67,164390,20151011,21972,0.00001250
16,109,-66,164390,20151018,20840,0.00001170
17,116,-65,164390,20151025,21057,0.00001194
18,123,-64,164390,20151101,22188,0.00001259
19,130,-63,164390,20151108,21042,0.00001200
20,137,-62,164390,20151115,19798,0.00001124
21,144,-61,164390,20151122,22964,0.00001334
22,151,-60,164390,20151129,19915,0.00001131
23,158,-59,164390,20151206,23955,0.00001348
24,165,-58,164390,20151213,19419,0.00001144
25,172,-57,164390,20151220,22259,0.00001424
26,179,-56,164390,20151227,27575,0.00001626
27,186,-55,164390,20160103,23353,0.00001283
28,193,-54,164390,20160110,28604,0.00001535
29,200,-53,164390,20160117,28978,0.00001564
30,207,-52,164390,20160124,22131,0.00001195
31,214,-51,164390,20160131,21288,0.00001152
32,221,-50,164390,20160207,18745,0.00001035
33,228,-49,164390,20160214,19236,0.00001051
34,235,-48,164390,20160221,19260,0.00001060
35,242,-47,164390,20160228,19336,0.00001052
36,249,-46,164390,20160306,19883,0.00001126
37,256,-45,164390,20160313,21872,0.00001278
38,263,-44,164390,20160320,21093,0.00001268
39,270,-43,164390,20160327,26407,0.00001548
40,277,-42,164390,20160403,21990,0.00001262
41,284,-41,164390,20160410,20060,0.00001157
42,291,-40,164390,20160417,20540,0.00001178
43,298,-39,164390,20160424,21234,0.00001227
44,305,-38,164390,20160501,18990,0.00001112
45,312,-37,164390,20160508,21369,0.00001249
46,319,-36,164390,20160515,20330,0.00001172
47,326,-35,164390,20160522,16973,0.00001003
48,333,-34,164390,20160529,19018,0.00001122
49,340,-33,164390,20160605,18070,0.00001070
50,347,-32,164390,20160612,17925,0.00001057
51,354,-31,164390,20160619,19193,0.00001143
52,361,-30,164390,20160626,19225,0.00001135
53,368,-29,164390,20160703,22990,0.00001370
54,375,-28,164390,20160710,17531,0.00001053
55,382,-27,164390,20160717,16868,0.00000949
56,389,-26,164390,20160724,17351,0.00000883
57,396,-25,164390,20160731,17966,0.00000937
58,403,-24,164390,20160807,16013,0.00000818
59,410,-23,164390,20160814,17109,0.00000946
60,417,-22,164390,20160821,18472,0.00001047
61,424,-21,164390,20160828,20036,0.00001135
62,431,-20,164390,20160904,21957,0.00001256
63,438,-19,164390,20160911,18154,0.00001029
64,445,-18,164390,20160918,17053,0.00000956
65,452,-17,164390,20160925,15882,0.00000911
66,459,-16,164390,20161002,17546,0.00000987
67,466,-15,164390,20161009,17090,0.00000957
68,473,-14,164390,20161016,19255,0.00001068
69,480,-13,164390,20161023,18114,0.00001029
70,487,-12,164390,20161030,20650,0.00001139
71,494,-11,164390,20161106,21340,0.00001130
72,501,-10,164390,20161113,21987,0.00001164
73,508,-9,164390,20161120,21975,0.00001215
74,515,-8,164390,20161127,23154,0.00001245
75,522,-7,164390,20161204,22367,0.00001200
76,529,-6,164390,20161211,21611,0.00001220
77,536,-5,164390,20161218,23715,0.00001345
78,543,-4,164390,20161225,37136,0.00002032
79,550,-3,164390,20170101,29767,0.00001538
80,557,-2,164390,20170108,25526,0.00001297
81,564,-1,164390,20170115,23007,0.00001160
82,571,0,164390,20170122,1239512,0.00062254
83,578,1,164390,20170129,419019,0.00021462
84,585,2,164390,20170205,69703,0.00003571
85,592,3,164390,20170212,51364,0.00002686
86,599,4,164390,20170219,45540,0.00002374
87,606,5,164390,20170226,60019,0.00003106
88,613,6,164390,20170305,36375,0.00001925
89,620,7,164390,20170312,33789,0.00001797
90,627,8,164390,20170319,28066,0.00001515
91,634,9,164390,20170326,27856,0.00001566
92,641,10,164390,20170402,30583,0.00001726
93,648,11,164390,20170409,30635,0.00001754
94,655,12,164390,20170416,31430,0.00001742
95,662,13,164390,20170423,29719,0.00001666
96,669,14,164390,20170430,30976,0.00001728
97,676,15,164390,20170507,30806,0.00001741
98,683,16,164390,20170514,32714,0.00001853
99,690,17,164390,20170521,28878,0.00001647
100,697,18,164390,20170528,28410,0.00001623
101,704,19,164390,20170604,26397,0.00001540
102,711,20,164390,20170611,23745,0.00001420
103,718,21,164390,20170618,24011,0.00001459
104,725,22,164390,20170625,27411,0.00001708
105,732,23,164390,20170702,28599,0.00001762
106,739,24,164390,20170709,25808,0.00001556
107,746,25,164390,20170716,52156,0.00003140
108,753,26,164390,20170723,42912,0.00002592
109,760,27,164390,20170730,28207,0.00001745
110,767,28,164390,20170806,24330,0.00001492
111,774,29,164390,20170813,23673,0.00001460
112,781,30,164390,20170820,23628,0.00001449
113,788,31,164390,20170827,27012,0.00001678
114,795,32,164390,20170903,24706,0.00001489
115,802,33,164390,20170910,23667,0.00001441
116,809,34,164390,20170917,29153,0.00001726
117,816,35,164390,20170924,28216,0.00001706
118,823,36,164390,20171001,20238,0.00001206
119,830,37,164390,20171008,18622,0.00001085
120,837,38,164390,20171015,19506,0.00001147
121,844,39,164390,20171022,26625,0.00001542
122,851,40,164390,20171029,19781,0.00001145
123,858,41,164390,20171105,24256,0.00001387
124,865,42,164390,20171112,20790,0.00001186
125,872,43,164390,20171119,20970,0.00001217
126,879,44,164390,20171126,20355,0.00001164
127,886,45,164390,20171203,22355,0.00001276
128,893,46,164390,20171210,21751,0.00001269
129,900,47,164390,20171217,27659,0.00001703
130,907,48,164390,20171224,48826,0.00002906
131,914,49,164390,20171231,44029,0.00002404
132,921,50,164390,20180107,32157,0.00001706
133,928,51,164390,20180114,27728,0.00001440
134,935,52,164390,20180121,35647,0.00001901
135,942,53,164390,20180128,26708,0.00001442
136,949,54,164390,20180204,23180,0.00001254
137,956,55,164390,20180211,22314,0.00001229
138,963,56,164390,20180218,25958,0.00001408
139,970,57,164390,20180225,26108,0.00001409
140,977,58,164390,20180304,30273,0.00001642
141,984,59,164390,20180311,22896,0.00001243
142,991,60,164390,20180318,22794,0.00001265
143,998,61,164390,20180325,23253,0.00001313
144,1005,62,164390,20180401,22667,0.00001259
145,1012,63,164390,20180408,21327,0.00001176
146,1019,64,164390,20180415,20401,0.00001139
147,1026,65,164390,20180422,18346,0.00001034
148,1033,66,164390,20180429,20267,0.00001174
149,1040,67,164390,20180506,22177,0.00001276
150,1047,68,164390,20180513,18962,0.00001066
151,1054,69,164390,20180520,17622,0.00000997
152,1061,70,164390,20180527,18453,0.00001068
153,1068,71,164390,20180603,17402,0.00001007
154,1075,72,164390,20180610,16620,0.00000980
155,1082,73,164390,20180617,16389,0.00000966
156,1089,74,164390,20180624,15938,0.00000953
1,4,-81,20833,20150705,14996,0.00000861
2,11,-80,20833,20150712,15280,0.00000880
3,18,-79,20833,20150719,16263,0.00000937
4,25,-78,20833,20150726,24260,0.00001394
5,32,-77,20833,20150802,17623,0.00001042
6,39,-76,20833,20150809,16366,0.00000953
7,46,-75,20833,20150816,13925,0.00000799
8,53,-74,20833,20150823,14697,0.00000843
9,60,-73,20833,20150830,14696,0.00000831
10,67,-72,20833,20150906,16154,0.00000867
11,74,-71,20833,20150913,17592,0.00000991
12,81,-70,20833,20150920,20173,0.00001157
13,88,-69,20833,20150927,15278,0.00000892
14,95,-68,20833,20151004,18936,0.00001082
15,102,-67,20833,20151011,116223,0.00006613
16,109,-66,20833,20151018,36112,0.00002027
17,116,-65,20833,20151025,18136,0.00001029
18,123,-64,20833,20151101,15288,0.00000867
19,130,-63,20833,20151108,15250,0.00000869
20,137,-62,20833,20151115,15152,0.00000860
21,144,-61,20833,20151122,17237,0.00001001
22,151,-60,20833,20151129,17391,0.00000988
23,158,-59,20833,20151206,21877,0.00001231
24,165,-58,20833,20151213,27676,0.00001631
25,172,-57,20833,20151220,17384,0.00001113
26,179,-56,20833,20151227,31015,0.00001829
27,186,-55,20833,20160103,18174,0.00000999
28,193,-54,20833,20160110,16271,0.00000873
29,200,-53,20833,20160117,20358,0.00001099
30,207,-52,20833,20160124,48629,0.00002625
31,214,-51,20833,20160131,35467,0.00001920
32,221,-50,20833,20160207,16887,0.00000933
33,228,-49,20833,20160214,17295,0.00000945
34,235,-48,20833,20160221,23261,0.00001280
35,242,-47,20833,20160228,14034,0.00000763
36,249,-46,20833,20160306,12959,0.00000734
37,256,-45,20833,20160313,13724,0.00000802
38,263,-44,20833,20160320,15322,0.00000921
39,270,-43,20833,20160327,15758,0.00000924
40,277,-42,20833,20160403,17746,0.00001019
41,284,-41,20833,20160410,17317,0.00000998
42,291,-40,20833,20160417,15988,0.00000917
43,298,-39,20833,20160424,16218,0.00000937
44,305,-38,20833,20160501,17551,0.00001028
45,312,-37,20833,20160508,19595,0.00001146
46,319,-36,20833,20160515,17525,0.00001010
47,326,-35,20833,20160522,18163,0.00001073
48,333,-34,20833,20160529,19196,0.00001133
49,340,-33,20833,20160605,14871,0.00000881
50,347,-32,20833,20160612,20034,0.00001182
51,354,-31,20833,20160619,14038,0.00000836
52,361,-30,20833,20160626,13840,0.00000817
53,368,-29,20833,20160703,15462,0.00000921
54,375,-28,20833,20160710,15449,0.00000928
55,382,-27,20833,20160717,20198,0.00001136
56,389,-26,20833,20160724,16800,0.00000855
57,396,-25,20833,20160731,16929,0.00000883
58,403,-24,20833,20160807,14659,0.00000749
59,410,-23,20833,20160814,19287,0.00001067
60,417,-22,20833,20160821,20665,0.00001172
61,424,-21,20833,20160828,21943,0.00001243
62,431,-20,20833,20160904,18324,0.00001048
63,438,-19,20833,20160911,30163,0.00001710
64,445,-18,20833,20160918,19235,0.00001078
65,452,-17,20833,20160925,15571,0.00000893
66,459,-16,20833,20161002,17302,0.00000974
67,466,-15,20833,20161009,16334,0.00000915
68,473,-14,20833,20161016,17409,0.00000966
69,480,-13,20833,20161023,18458,0.00001048
70,487,-12,20833,20161030,18541,0.00001023
71,494,-11,20833,20161106,19352,0.00001025
72,501,-10,20833,20161113,18773,0.00000994
73,508,-9,20833,20161120,24194,0.00001338
74,515,-8,20833,20161127,79924,0.00004296
75,522,-7,20833,20161204,64660,0.00003470
76,529,-6,20833,20161211,88704,0.00005007
77,536,-5,20833,20161218,27535,0.00001561
78,543,-4,20833,20161225,58242,0.00003187
79,550,-3,20833,20170101,28260,0.00001461
80,557,-2,20833,20170108,24805,0.00001260
81,564,-1,20833,20170115,33471,0.00001688
82,571,0,20833,20170122,2338352,0.00117443
83,578,1,20833,20170129,283949,0.00014544
84,585,2,20833,20170205,76268,0.00003908
85,592,3,20833,20170212,45722,0.00002391
86,599,4,20833,20170219,31001,0.00001616
87,606,5,20833,20170226,36781,0.00001903
88,613,6,20833,20170305,25309,0.00001339
89,620,7,20833,20170312,26562,0.00001413
90,627,8,20833,20170319,31489,0.00001699
91,634,9,20833,20170326,22600,0.00001271
92,641,10,20833,20170402,18294,0.00001032
93,648,11,20833,20170409,18650,0.00001068
94,655,12,20833,20170416,21130,0.00001171
95,662,13,20833,20170423,20613,0.00001156
96,669,14,20833,20170430,16499,0.00000921
97,676,15,20833,20170507,18658,0.00001055
98,683,16,20833,20170514,20072,0.00001137
99,690,17,20833,20170521,21587,0.00001231
100,697,18,20833,20170528,19964,0.00001141
101,704,19,20833,20170604,19353,0.00001129
102,711,20,20833,20170611,21231,0.00001270
103,718,21,20833,20170618,18913,0.00001149
104,725,22,20833,20170625,23138,0.00001442
105,732,23,20833,20170702,27646,0.00001703
106,739,24,20833,20170709,19655,0.00001185
107,746,25,20833,20170716,23897,0.00001439
108,753,26,20833,20170723,21635,0.00001307
109,760,27,20833,20170730,23418,0.00001449
110,767,28,20833,20170806,24881,0.00001526
111,774,29,20833,20170813,32029,0.00001976
112,781,30,20833,20170820,25680,0.00001575
113,788,31,20833,20170827,19792,0.00001230
114,795,32,20833,20170903,19370,0.00001168
115,802,33,20833,20170910,17043,0.00001038
116,809,34,20833,20170917,68069,0.00004030
117,816,35,20833,20170924,20720,0.00001253
118,823,36,20833,20171001,20768,0.00001238
119,830,37,20833,20171008,19592,0.00001141
120,837,38,20833,20171015,18220,0.00001071
121,844,39,20833,20171022,19257,0.00001115
122,851,40,20833,20171029,19949,0.00001154
123,858,41,20833,20171105,19937,0.00001140
124,865,42,20833,20171112,20971,0.00001196
125,872,43,20833,20171119,21635,0.00001255
126,879,44,20833,20171126,22091,0.00001263
127,886,45,20833,20171203,25002,0.00001427
128,893,46,20833,20171210,29863,0.00001742
129,900,47,20833,20171217,91596,0.00005638
130,907,48,20833,20171224,118891,0.00007077
131,914,49,20833,20171231,53465,0.00002919
132,921,50,20833,20180107,33670,0.00001787
133,928,51,20833,20180114,23366,0.00001213
134,935,52,20833,20180121,23904,0.00001275
135,942,53,20833,20180128,19024,0.00001027
136,949,54,20833,20180204,18670,0.00001010
137,956,55,20833,20180211,19409,0.00001069
138,963,56,20833,20180218,17654,0.00000957
139,970,57,20833,20180225,21525,0.00001162
140,977,58,20833,20180304,46927,0.00002545
141,984,59,20833,20180311,16968,0.00000921
142,991,60,20833,20180318,17847,0.00000990
143,998,61,20833,20180325,19062,0.00001076
144,1005,62,20833,20180401,16167,0.00000898
145,1012,63,20833,20180408,15795,0.00000871
146,1019,64,20833,20180415,14618,0.00000816
147,1026,65,20833,20180422,14382,0.00000811
148,1033,66,20833,20180429,15317,0.00000887
149,1040,67,20833,20180506,15756,0.00000907
150,1047,68,20833,20180513,18966,0.00001066
151,1054,69,20833,20180520,14209,0.00000804
152,1061,70,20833,20180527,15517,0.00000898
153,1068,71,20833,20180603,17978,0.00001040
154,1075,72,20833,20180610,13851,0.00000817
155,1082,73,20833,20180617,14689,0.00000865
156,1089,74,20833,20180624,14733,0.00000881
0,0,-87,303960,20150701,25845,0.00001514
1,7,-86,303960,20150708,21865,0.00001251
2,14,-85,303960,20150715,20101,0.00001169
3,21,-84,303960,20150722,19860,0.00001140
4,28,-83,303960,20150729,19128,0.00001129
5,35,-82,303960,20150805,18626,0.00001081
6,42,-81,303960,20150812,19713,0.00001136
7,49,-80,303960,20150819,18921,0.00001082
8,56,-79,303960,20150826,16927,0.00000975
9,63,-78,303960,20150902,18312,0.00000997
10,70,-77,303960,20150909,19540,0.00001063
11,77,-76,303960,20150916,19271,0.00001106
12,84,-75,303960,20150923,17290,0.00000998
13,91,-74,303960,20150930,16556,0.00000966
14,98,-73,303960,20151007,16022,0.00000911
15,105,-72,303960,20151014,16485,0.00000933
16,112,-71,303960,20151021,16368,0.00000921
17,119,-70,303960,20151028,15276,0.00000872
18,126,-69,303960,20151104,14220,0.00000800
19,133,-68,303960,20151111,13426,0.00000767
20,140,-67,303960,20151118,14643,0.00000835
21,147,-66,303960,20151125,15515,0.00000894
22,154,-65,303960,20151202,13444,0.00000762
23,161,-64,303960,20151209,13803,0.00000783
24,168,-63,303960,20151216,14196,0.00000871
25,175,-62,303960,20151223,17152,0.00001079
26,182,-61,303960,20151230,18243,0.00001036
27,189,-60,303960,20160106,17825,0.00000959
28,196,-59,303960,20160113,16281,0.00000883
29,203,-58,303960,20160120,16630,0.00000894
30,210,-57,303960,20160127,16779,0.00000906
31,217,-56,303960,20160203,15977,0.00000873
32,224,-55,303960,20160210,14432,0.00000795
33,231,-54,303960,20160217,14400,0.00000785
34,238,-53,303960,20160224,17738,0.00000973
35,245,-52,303960,20160302,15582,0.00000861
36,252,-51,303960,20160309,15506,0.00000894
37,259,-50,303960,20160316,14000,0.00000831
38,266,-49,303960,20160323,15899,0.00000941
39,273,-48,303960,20160330,16719,0.00000978
40,280,-47,303960,20160406,14526,0.00000831
41,287,-46,303960,20160413,13802,0.00000805
42,294,-45,303960,20160420,17602,0.00000999
43,301,-44,303960,20160427,14943,0.00000869
44,308,-43,303960,20160504,15049,0.00000881
45,315,-42,303960,20160511,16007,0.00000934
46,322,-41,303960,20160518,17040,0.00000983
47,329,-40,303960,20160525,13631,0.00000814
48,336,-39,303960,20160601,13552,0.00000797
49,343,-38,303960,20160608,14003,0.00000825
50,350,-37,303960,20160615,12422,0.00000740
51,357,-36,303960,20160622,14147,0.00000840
52,364,-35,303960,20160629,13704,0.00000812
53,371,-34,303960,20160706,14928,0.00000886
54,378,-33,303960,20160713,14841,0.00000901
55,385,-32,303960,20160720,15467,0.00000807
56,392,-31,303960,20160727,16155,0.00000824
57,399,-30,303960,20160803,14474,0.00000759
58,406,-29,303960,20160810,13024,0.00000664
59,413,-28,303960,20160817,13162,0.00000756
60,420,-27,303960,20160824,14695,0.00000832
61,427,-26,303960,20160831,15620,0.00000895
62,434,-25,303960,20160907,14196,0.00000806
63,441,-24,303960,20160914,14190,0.00000802
64,448,-23,303960,20160921,167005,0.00009459
65,455,-22,303960,20160928,14375,0.00000820
66,462,-21,303960,20161005,13894,0.00000784
67,469,-20,303960,20161012,17022,0.00000939
68,476,-19,303960,20161019,13824,0.00000773
69,483,-18,303960,20161026,15111,0.00000865
70,490,-17,303960,20161102,13759,0.00000740
71,497,-16,303960,20161109,13914,0.00000727
72,504,-15,303960,20161116,14931,0.00000804
73,511,-14,303960,20161123,14859,0.00000814
74,518,-13,303960,20161130,14076,0.00000758
75,525,-12,303960,20161207,14581,0.00000795
76,532,-11,303960,20161214,14430,0.00000815
77,539,-10,303960,20161221,19416,0.00001117
78,546,-9,303960,20161228,21504,0.00001138
79,553,-8,303960,20170104,23092,0.00001171
80,560,-7,303960,20170111,20240,0.00001023
81,567,-6,303960,20170118,25379,0.00001281
82,574,-5,303960,20170125,23569,0.00001186
83,581,-4,303960,20170201,43606,0.00002241
84,588,-3,303960,20170208,34954,0.00001807
85,595,-2,303960,20170215,25764,0.00001345
86,602,-1,303960,20170222,4453879,0.00229278
87,609,0,303960,20170301,574868,0.00030382
88,616,1,303960,20170308,176511,0.00009388
89,623,2,303960,20170315,102179,0.00005419
90,630,3,303960,20170322,78733,0.00004359
91,637,4,303960,20170329,68411,0.00003852
92,644,5,303960,20170405,134368,0.00007675
93,651,6,303960,20170412,95039,0.00005356
94,658,7,303960,20170419,88132,0.00004870
95,665,8,303960,20170426,110193,0.00006187
96,672,9,303960,20170503,96770,0.00005409
97,679,10,303960,20170510,92490,0.00005280
98,686,11,303960,20170517,98099,0.00005439
99,693,12,303960,20170524,79830,0.00004691
100,700,13,303960,20170531,55071,0.00003156
101,707,14,303960,20170607,50901,0.00002981
102,714,15,303960,20170614,53554,0.00003255
103,721,16,303960,20170621,57170,0.00003518
104,728,17,303960,20170628,76511,0.00004766
105,735,18,303960,20170705,77290,0.00004678
106,742,19,303960,20170712,76537,0.00004629
107,749,20,303960,20170719,76822,0.00004587
108,756,21,303960,20170726,62203,0.00003819
109,763,22,303960,20170802,87953,0.00005446
110,770,23,303960,20170809,63944,0.00003934
111,777,24,303960,20170816,63151,0.00003858
112,784,25,303960,20170823,52165,0.00003222
113,791,26,303960,20170830,53549,0.00003276
114,798,27,303960,20170906,56625,0.00003446
115,805,28,303960,20170913,95311,0.00005702
116,812,29,303960,20170920,59795,0.00003566
117,819,30,303960,20170927,58495,0.00003541
118,826,31,303960,20171004,41795,0.00002454
119,833,32,303960,20171011,40394,0.00002359
120,840,33,303960,20171018,37029,0.00002160
121,847,34,303960,20171025,33758,0.00001967
122,854,35,303960,20171101,38769,0.00002220
123,861,36,303960,20171108,36583,0.00002089
124,868,37,303960,20171115,41894,0.00002389
125,875,38,303960,20171122,54231,0.00003128
126,882,39,303960,20171129,55020,0.00003184
127,889,40,303960,20171206,59369,0.00003383
128,896,41,303960,20171213,71221,0.00004250
129,903,42,303960,20171220,88492,0.00005594
130,910,43,303960,20171227,193004,0.00010985
131,917,44,303960,20180103,88604,0.00004665
132,924,45,303960,20180110,64043,0.00003358
133,931,46,303960,20180117,71978,0.00003786
134,938,47,303960,20180124,65838,0.00003515
135,945,48,303960,20180131,58509,0.00003172
136,952,49,303960,20180207,73976,0.00004029
137,959,50,303960,20180214,137472,0.00007552
138,966,51,303960,20180221,58466,0.00003142
139,973,52,303960,20180228,63447,0.00003432
140,980,53,303960,20180307,47362,0.00002590
141,987,54,303960,20180314,44405,0.00002431
142,994,55,303960,20180321,43750,0.00002446
143,1001,56,303960,20180328,47223,0.00002656
144,1008,57,303960,20180404,46916,0.00002586
145,1015,58,303960,20180411,55180,0.00003037
146,1022,59,303960,20180418,48018,0.00002720
147,1029,60,303960,20180425,45330,0.00002582
148,1036,61,303960,20180502,50647,0.00002935
149,1043,62,303960,20180509,52078,0.00002984
150,1050,63,303960,20180516,41529,0.00002290
151,1057,64,303960,20180523,46107,0.00002662
152,1064,65,303960,20180530,45795,0.00002679
153,1071,66,303960,20180606,44669,0.00002580
154,1078,67,303960,20180613,45178,0.00002671
155,1085,68,303960,20180620,45835,0.00002723
156,1092,69,303960,20180627,56428,0.00003364
0,0,-90,45964,20150701,25858,0.00001515
1,7,-89,45964,20150708,54791,0.00003134
2,14,-88,45964,20150715,21163,0.00001231
3,21,-87,45964,20150722,20302,0.00001165
4,28,-86,45964,20150729,18946,0.00001119
5,35,-85,45964,20150805,18909,0.00001098
6,42,-84,45964,20150812,20862,0.00001202
7,49,-83,45964,20150819,19815,0.00001134
8,56,-82,45964,20150826,18020,0.00001038
9,63,-81,45964,20150902,21236,0.00001156
10,70,-80,45964,20150909,22706,0.00001235
11,77,-79,45964,20150916,24324,0.00001396
12,84,-78,45964,20150923,23618,0.00001363
13,91,-77,45964,20150930,21124,0.00001233
14,98,-76,45964,20151007,19333,0.00001099
15,105,-75,45964,20151014,32796,0.00001856
16,112,-74,45964,20151021,31629,0.00001781
17,119,-73,45964,20151028,19950,0.00001139
18,126,-72,45964,20151104,20487,0.00001153
19,133,-71,45964,20151111,19103,0.00001091
20,140,-70,45964,20151118,23497,0.00001341
21,147,-69,45964,20151125,19815,0.00001141
22,154,-68,45964,20151202,22162,0.00001256
23,161,-67,45964,20151209,21884,0.00001242
24,168,-66,45964,20151216,20683,0.00001269
25,175,-65,45964,20151223,24679,0.00001553
26,182,-64,45964,20151230,20793,0.00001180
27,189,-63,45964,20160106,21979,0.00001183
28,196,-62,45964,20160113,25664,0.00001392
29,203,-61,45964,20160120,21825,0.00001174
30,210,-60,45964,20160127,25569,0.00001380
31,217,-59,45964,20160203,22860,0.00001249
32,224,-58,45964,20160210,25854,0.00001425
33,231,-57,45964,20160217,27347,0.00001491
34,238,-56,45964,20160224,24421,0.00001340
35,245,-55,45964,20160302,19377,0.00001071
36,252,-54,45964,20160309,18736,0.00001080
37,259,-53,45964,20160316,24126,0.00001432
38,266,-52,45964,20160323,17821,0.00001055
39,273,-51,45964,20160330,18231,0.00001066
40,280,-50,45964,20160406,26014,0.00001488
41,287,-49,45964,20160413,37000,0.00002157
42,294,-48,45964,20160420,42948,0.00002439
43,301,-47,45964,20160427,23152,0.00001347
44,308,-46,45964,20160504,19250,0.00001126
45,315,-45,45964,20160511,19207,0.00001121
46,322,-44,45964,20160518,28791,0.00001662
47,329,-43,45964,20160525,23192,0.00001385
48,336,-42,45964,20160601,20581,0.00001210
49,343,-41,45964,20160608,17857,0.00001052
50,350,-40,45964,20160615,16926,0.00001009
51,357,-39,45964,20160622,16724,0.00000993
52,364,-38,45964,20160629,18241,0.00001081
53,371,-37,45964,20160706,18329,0.00001088
54,378,-36,45964,20160713,19450,0.00001180
55,385,-35,45964,20160720,17311,0.00000904
56,392,-34,45964,20160727,17330,0.00000884
57,399,-33,45964,20160803,15793,0.00000829
58,406,-32,45964,20160810,15254,0.00000778
59,413,-31,45964,20160817,15607,0.00000896
60,420,-30,45964,20160824,19951,0.00001130
61,427,-29,45964,20160831,24786,0.00001420
62,434,-28,45964,20160907,21802,0.00001237
63,441,-27,45964,20160914,23816,0.00001346
64,448,-26,45964,20160921,26296,0.00001489
65,455,-25,45964,20160928,20843,0.00001189
66,462,-24,45964,20161005,21227,0.00001197
67,469,-23,45964,20161012,69747,0.00003849
68,476,-22,45964,20161019,63656,0.00003559
69,483,-21,45964,20161026,21428,0.00001227
70,490,-20,45964,20161102,21050,0.00001132
71,497,-19,45964,20161109,21083,0.00001101
72,504,-18,45964,20161116,20262,0.00001091
73,511,-17,45964,20161123,21193,0.00001162
74,518,-16,45964,20161130,22182,0.00001195
75,525,-15,45964,20161207,21800,0.00001189
76,532,-14,45964,20161214,21388,0.00001208
77,539,-13,45964,20161221,25400,0.00001461
78,546,-12,45964,20161228,38434,0.00002034
79,553,-11,45964,20170104,21976,0.00001115
80,560,-10,45964,20170111,35940,0.00001816
81,567,-9,45964,20170118,28960,0.00001461
82,574,-8,45964,20170125,25832,0.00001299
83,581,-7,45964,20170201,29888,0.00001536
84,588,-6,45964,20170208,44383,0.00002294
85,595,-5,45964,20170215,31734,0.00001657
86,602,-4,45964,20170222,28494,0.00001467
87,609,-3,45964,20170301,27455,0.00001451
88,616,-2,45964,20170308,24343,0.00001295
89,623,-1,45964,20170315,1663507,0.00088219
90,630,0,45964,20170322,248134,0.00013736
91,637,1,45964,20170329,68990,0.00003885
92,644,2,45964,20170405,65886,0.00003763
93,651,3,45964,20170412,33840,0.00001907
94,658,4,45964,20170419,25903,0.00001431
95,665,5,45964,20170426,31827,0.00001787
96,672,6,45964,20170503,23854,0.00001333
97,679,7,45964,20170510,23328,0.00001332
98,686,8,45964,20170517,20949,0.00001162
99,693,9,45964,20170524,22428,0.00001318
100,700,10,45964,20170531,19474,0.00001116
101,707,11,45964,20170607,28638,0.00001677
102,714,12,45964,20170614,23222,0.00001411
103,721,13,45964,20170621,24900,0.00001532
104,728,14,45964,20170628,19784,0.00001232
105,735,15,45964,20170705,19532,0.00001182
106,742,16,45964,20170712,19571,0.00001184
107,749,17,45964,20170719,19198,0.00001146
108,756,18,45964,20170726,16911,0.00001038
109,763,19,45964,20170802,16832,0.00001042
110,770,20,45964,20170809,18450,0.00001135
111,777,21,45964,20170816,17305,0.00001057
112,784,22,45964,20170823,17154,0.00001060
113,791,23,45964,20170830,16743,0.00001024
114,798,24,45964,20170906,15802,0.00000962
115,805,25,45964,20170913,17305,0.00001035
116,812,26,45964,20170920,16195,0.00000966
117,819,27,45964,20170927,17740,0.00001074
118,826,28,45964,20171004,16968,0.00000996
119,833,29,45964,20171011,18874,0.00001102
120,840,30,45964,20171018,28581,0.00001667
121,847,31,45964,20171025,26846,0.00001564
122,854,32,45964,20171101,18185,0.00001041
123,861,33,45964,20171108,16573,0.00000947
124,868,34,45964,20171115,23050,0.00001314
125,875,35,45964,20171122,18087,0.00001043
126,882,36,45964,20171129,18792,0.00001088
127,889,37,45964,20171206,20408,0.00001163
128,896,38,45964,20171213,28470,0.00001699
129,903,39,45964,20171220,29819,0.00001885
130,910,40,45964,20171227,33573,0.00001911
131,917,41,45964,20180103,19298,0.00001016
132,924,42,45964,20180110,23878,0.00001252
133,931,43,45964,20180117,18723,0.00000985
134,938,44,45964,20180124,36199,0.00001933
135,945,45,45964,20180131,23056,0.00001250
136,952,46,45964,20180207,21333,0.00001162
137,959,47,45964,20180214,19285,0.00001059
138,966,48,45964,20180221,19562,0.00001051
139,973,49,45964,20180228,25524,0.00001380
140,980,50,45964,20180307,19716,0.00001078
141,987,51,45964,20180314,19789,0.00001083
142,994,52,45964,20180321,17299,0.00000967
143,1001,53,45964,20180328,17672,0.00000994
144,1008,54,45964,20180404,17842,0.00000984
145,1015,55,45964,20180411,16715,0.00000920
146,1022,56,45964,20180418,16428,0.00000931
147,1029,57,45964,20180425,16086,0.00000916
148,1036,58,45964,20180502,19494,0.00001130
149,1043,59,45964,20180509,17816,0.00001021
150,1050,60,45964,20180516,17028,0.00000939
151,1057,61,45964,20180523,16118,0.00000930
152,1064,62,45964,20180530,15454,0.00000904
153,1071,63,45964,20180606,17406,0.00001005
154,1078,64,45964,20180613,15204,0.00000899
155,1085,65,45964,20180620,14640,0.00000870
156,1092,66,45964,20180627,14067,0.00000839
0,2,-90,659333,20150703,14909,0.00000866
1,9,-89,659333,20150710,14316,0.00000819
2,16,-88,659333,20150717,13010,0.00000757
3,23,-87,659333,20150724,12628,0.00000720
4,30,-86,659333,20150731,12168,0.00000725
5,37,-85,659333,20150807,18290,0.00001061
6,44,-84,659333,20150814,16017,0.00000920
7,51,-83,659333,20150821,21569,0.00001235
8,58,-82,659333,20150828,14335,0.00000818
9,65,-81,659333,20150904,12670,0.00000687
10,72,-80,659333,20150911,12195,0.00000672
11,79,-79,659333,20150918,12233,0.00000700
12,86,-78,659333,20150925,15118,0.00000879
13,93,-77,659333,20151002,17704,0.00001019
14,100,-76,659333,20151009,13880,0.00000788
15,107,-75,659333,20151016,20345,0.00001151
16,114,-74,659333,20151023,29794,0.00001682
17,121,-73,659333,20151030,21198,0.00001206
18,128,-72,659333,20151106,15195,0.00000861
19,135,-71,659333,20151113,14929,0.00000850
20,142,-70,659333,20151120,14954,0.00000868
21,149,-69,659333,20151127,18571,0.00001055
22,156,-68,659333,20151204,17497,0.00000988
23,163,-67,659333,20151211,16099,0.00000928
24,170,-66,659333,20151218,12853,0.00000816
25,177,-65,659333,20151225,14098,0.00000865
26,184,-64,659333,20160101,15099,0.00000832
27,191,-63,659333,20160108,24140,0.00001294
28,198,-62,659333,20160115,14435,0.00000783
29,205,-61,659333,20160122,16627,0.00000894
30,212,-60,659333,20160129,19102,0.00001031
31,219,-59,659333,20160205,18896,0.00001041
32,226,-58,659333,20160212,19094,0.00001047
33,233,-57,659333,20160219,17901,0.00000977
34,240,-56,659333,20160226,13828,0.00000757
35,247,-55,659333,20160304,14047,0.00000784
36,254,-54,659333,20160311,14645,0.00000849
37,261,-53,659333,20160318,24718,0.00001492
38,268,-52,659333,20160325,20174,0.00001182
39,275,-51,659333,20160401,13774,0.00000797
40,282,-50,659333,20160408,13902,0.00000797
41,289,-49,659333,20160415,19444,0.00001129
42,296,-48,659333,20160422,15766,0.00000899
43,303,-47,659333,20160429,13119,0.00000769
44,310,-46,659333,20160506,13773,0.00000805
45,317,-45,659333,20160513,15395,0.00000893
46,324,-44,659333,20160520,14578,0.00000850
47,331,-43,659333,20160527,12819,0.00000763
48,338,-42,659333,20160603,20243,0.00001197
49,345,-41,659333,20160610,28282,0.00001659
50,352,-40,659333,20160617,20948,0.00001252
51,359,-39,659333,20160624,17233,0.00001024
52,366,-38,659333,20160701,15880,0.00000937
53,373,-37,659333,20160708,14350,0.00000859
54,380,-36,659333,20160715,28236,0.00001669
55,387,-35,659333,20160722,15085,0.00000769
56,394,-34,659333,20160729,14731,0.00000764
57,401,-33,659333,20160805,15247,0.00000786
58,408,-32,659333,20160812,17922,0.00000953
59,415,-31,659333,20160819,22631,0.00001287
60,422,-30,659333,20160826,44881,0.00002542
61,429,-29,659333,20160902,21287,0.00001223
62,436,-28,659333,20160909,21507,0.00001211
63,443,-27,659333,20160916,17573,0.00000989
64,450,-26,659333,20160923,25346,0.00001446
65,457,-25,659333,20160930,21047,0.00001189
66,464,-24,659333,20161007,13826,0.00000781
67,471,-23,659333,20161014,18434,0.00001019
68,478,-22,659333,20161021,18587,0.00001044
69,485,-21,659333,20161028,19971,0.00001127
70,492,-20,659333,20161104,47513,0.00002535
71,499,-19,659333,20161111,62303,0.00003272
72,506,-18,659333,20161118,34060,0.00001873
73,513,-17,659333,20161125,24074,0.00001300
74,520,-16,659333,20161202,21997,0.00001178
75,527,-15,659333,20161209,27036,0.00001498
76,534,-14,659333,20161216,20725,0.00001177
77,541,-13,659333,20161223,25898,0.00001444
78,548,-12,659333,20161230,22745,0.00001203
79,555,-11,659333,20170106,25391,0.00001290
80,562,-10,659333,20170113,34129,0.00001717
81,569,-9,659333,20170120,33654,0.00001691
82,576,-8,659333,20170127,19783,0.00001005
83,583,-7,659333,20170203,18721,0.00000958
84,590,-6,659333,20170210,15779,0.00000821
85,597,-5,659333,20170217,15823,0.00000827
86,604,-4,659333,20170224,16132,0.00000832
87,611,-3,659333,20170303,30338,0.00001603
88,618,-2,659333,20170310,16833,0.00000901
89,625,-1,659333,20170317,974387,0.00051677
90,632,0,659333,20170324,91254,0.00005092
91,639,1,659333,20170331,30897,0.00001747
92,646,2,659333,20170407,22248,0.00001275
93,653,3,659333,20170414,18540,0.00001032
94,660,4,659333,20170421,17029,0.00000948
95,667,5,659333,20170428,14157,0.00000795
96,674,6,659333,20170505,14077,0.00000789
97,681,7,659333,20170512,12473,0.00000709
98,688,8,659333,20170519,12051,0.00000677
99,695,9,659333,20170526,13815,0.00000793
100,702,10,659333,20170602,14362,0.00000840
101,709,11,659333,20170609,13149,0.00000780
102,716,12,659333,20170616,10859,0.00000657
103,723,13,659333,20170623,10789,0.00000670
104,730,14,659333,20170630,10541,0.00000655
105,737,15,659333,20170707,10961,0.00000660
106,744,16,659333,20170714,11969,0.00000725
107,751,17,659333,20170721,11314,0.00000677
108,758,18,659333,20170728,11201,0.00000690
109,765,19,659333,20170804,10897,0.00000672
110,772,20,659333,20170811,10435,0.00000644
111,779,21,659333,20170818,10720,0.00000656
112,786,22,659333,20170825,9081,0.00000562
113,793,23,659333,20170901,10664,0.00000646
114,800,24,659333,20170908,12827,0.00000784
115,807,25,659333,20170915,11432,0.00000678
116,814,26,659333,20170922,11264,0.00000674
117,821,27,659333,20170929,10879,0.00000658
118,828,28,659333,20171006,10166,0.00000593
119,835,29,659333,20171013,9742,0.00000573
120,842,30,659333,20171020,10291,0.00000595
121,849,31,659333,20171027,9866,0.00000574
122,856,32,659333,20171103,10850,0.00000620
123,863,33,659333,20171110,9926,0.00000566
124,870,34,659333,20171117,9665,0.00000558
125,877,35,659333,20171124,10736,0.00000613
126,884,36,659333,20171201,10971,0.00000633
127,891,37,659333,20171208,9929,0.00000571
128,898,38,659333,20171215,10002,0.00000608
129,905,39,659333,20171222,11790,0.00000727
130,912,40,659333,20171229,15108,0.00000844
131,919,41,659333,20180105,11910,0.00000626
132,926,42,659333,20180112,10334,0.00000534
133,933,43,659333,20180119,9704,0.00000519
134,940,44,659333,20180126,12625,0.00000678
135,947,45,659333,20180202,9587,0.00000519
136,954,46,659333,20180209,9947,0.00000547
137,961,47,659333,20180216,11125,0.00000605
138,968,48,659333,20180223,9739,0.00000525
139,975,49,659333,20180302,11191,0.00000605
140,982,50,659333,20180309,13596,0.00000739
141,989,51,659333,20180316,26780,0.00001480
142,996,52,659333,20180323,15655,0.00000884
143,1003,53,659333,20180330,10753,0.00000600
144,1010,54,659333,20180406,11761,0.00000645
145,1017,55,659333,20180413,15620,0.00000869
146,1024,56,659333,20180420,11865,0.00000668
147,1031,57,659333,20180427,11534,0.00000666
148,1038,58,659333,20180504,33166,0.00001917
149,1045,59,659333,20180511,19638,0.00001120
150,1052,60,659333,20180518,9838,0.00000546
151,1059,61,659333,20180525,8637,0.00000499
152,1066,62,659333,20180601,7727,0.00000452
153,1073,63,659333,20180608,9164,0.00000531
154,1080,64,659333,20180615,7208,0.00000428
155,1087,65,659333,20180622,6663,0.00000396
1,5,-91,152195,20150706,13426,0.00000766
2,12,-90,152195,20150713,12749,0.00000738
3,19,-89,152195,20150720,14112,0.00000812
4,26,-88,152195,20150727,12621,0.00000729
5,33,-87,152195,20150803,78127,0.00004595
6,40,-86,152195,20150810,20171,0.00001174
7,47,-85,152195,20150817,14995,0.00000859
8,54,-84,152195,20150824,15094,0.00000868
9,61,-83,152195,20150831,14263,0.00000801
10,68,-82,152195,20150907,14744,0.00000789
11,75,-81,152195,20150914,13649,0.00000775
12,82,-80,152195,20150921,46723,0.00002692
13,89,-79,152195,20150928,24604,0.00001438
14,96,-78,152195,20151005,14007,0.00000800
15,103,-77,152195,20151012,13682,0.00000776
16,110,-76,152195,20151019,12061,0.00000676
17,117,-75,152195,20151026,11693,0.00000666
18,124,-74,152195,20151102,12744,0.00000720
19,131,-73,152195,20151109,13339,0.00000760
20,138,-72,152195,20151116,13140,0.00000746
21,145,-71,152195,20151123,13844,0.00000802
22,152,-70,152195,20151130,13770,0.00000784
23,159,-69,152195,20151207,22684,0.00001275
24,166,-68,152195,20151214,17714,0.00001059
25,173,-67,152195,20151221,16796,0.00001071
26,180,-66,152195,20151228,20267,0.00001174
27,187,-65,152195,20160104,21758,0.00001194
28,194,-64,152195,20160111,19243,0.00001034
29,201,-63,152195,20160118,19181,0.00001032
30,208,-62,152195,20160125,16960,0.00000915
31,215,-61,152195,20160201,14079,0.00000766
32,222,-60,152195,20160208,12978,0.00000719
33,229,-59,152195,20160215,13776,0.00000750
34,236,-58,152195,20160222,13405,0.00000740
35,243,-57,152195,20160229,22185,0.00001205
36,250,-56,152195,20160307,15309,0.00000873
37,257,-55,152195,20160314,12772,0.00000750
38,264,-54,152195,20160321,15155,0.00000910
39,271,-53,152195,20160328,13948,0.00000816
40,278,-52,152195,20160404,12713,0.00000728
41,285,-51,152195,20160411,12460,0.00000722
42,292,-50,152195,20160418,15795,0.00000901
43,299,-49,152195,20160425,11637,0.00000676
44,306,-48,152195,20160502,16794,0.00000983
45,313,-47,152195,20160509,17352,0.00001011
46,320,-46,152195,20160516,14481,0.00000835
47,327,-45,152195,20160523,12825,0.00000762
48,334,-44,152195,20160530,16973,0.00000995
49,341,-43,152195,20160606,12522,0.00000742
50,348,-42,152195,20160613,42813,0.00002533
51,355,-41,152195,20160620,16877,0.00001003
52,362,-40,152195,20160627,18431,0.00001091
53,369,-39,152195,20160704,14363,0.00000851
54,376,-38,152195,20160711,16279,0.00000984
55,383,-37,152195,20160718,15104,0.00000828
56,390,-36,152195,20160725,12722,0.00000647
57,397,-35,152195,20160801,12997,0.00000681
58,404,-34,152195,20160808,11737,0.00000597
59,411,-33,152195,20160815,13830,0.00000775
60,418,-32,152195,20160822,19696,0.00001121
61,425,-31,152195,20160829,16752,0.00000951
62,432,-30,152195,20160905,16532,0.00000941
63,439,-29,152195,20160912,15485,0.00000878
64,446,-28,152195,20160919,13115,0.00000738
65,453,-27,152195,20160926,12397,0.00000710
66,460,-26,152195,20161003,17503,0.00000983
67,467,-25,152195,20161010,47124,0.00002633
68,474,-24,152195,20161017,15447,0.00000860
69,481,-23,152195,20161024,20928,0.00001192
70,488,-22,152195,20161031,17034,0.00000931
71,495,-21,152195,20161107,17300,0.00000911
72,502,-20,152195,20161114,16351,0.00000872
73,509,-19,152195,20161121,18245,0.00001004
74,516,-18,152195,20161128,16962,0.00000913
75,523,-17,152195,20161205,28224,0.00001521
76,530,-16,152195,20161212,20645,0.00001166
77,537,-15,152195,20161219,41844,0.00002403
78,544,-14,152195,20161226,25870,0.00001401
79,551,-13,152195,20170102,20373,0.00001035
80,558,-12,152195,20170109,18185,0.00000924
81,565,-11,152195,20170116,19070,0.00000960
82,572,-10,152195,20170123,17681,0.00000889
83,579,-9,152195,20170130,17807,0.00000915
84,586,-8,152195,20170206,20665,0.00001059
85,593,-7,152195,20170213,16616,0.00000872
86,600,-6,152195,20170220,25641,0.00001330
87,607,-5,152195,20170227,16647,0.00000867
88,614,-4,152195,20170306,19660,0.00001040
89,621,-3,152195,20170313,17058,0.00000908
90,628,-2,152195,20170320,15036,0.00000819
91,635,-1,152195,20170327,15058,0.00000851
92,642,0,152195,20170403,1006650,0.00056835
93,649,1,152195,20170410,196471,0.00011240
94,656,2,152195,20170417,47421,0.00002614
95,663,3,152195,20170424,30828,0.00001736
96,670,4,152195,20170501,27944,0.00001557
97,677,5,152195,20170508,21790,0.00001237
98,684,6,152195,20170515,19193,0.00001086
99,691,7,152195,20170522,18172,0.00001043
100,698,8,152195,20170529,18983,0.00001083
101,705,9,152195,20170605,16543,0.00000966
102,712,10,152195,20170612,15856,0.00000953
103,719,11,152195,20170619,19681,0.00001198
104,726,12,152195,20170626,17247,0.00001076
105,733,13,152195,20170703,16374,0.00001003
106,740,14,152195,20170710,19581,0.00001178
107,747,15,152195,20170717,16769,0.00001008
108,754,16,152195,20170724,16636,0.00001011
109,761,17,152195,20170731,14439,0.00000895
110,768,18,152195,20170807,22847,0.00001402
111,775,19,152195,20170814,18153,0.00001114
112,782,20,152195,20170821,18172,0.00001119
113,789,21,152195,20170828,20454,0.00001268
114,796,22,152195,20170904,15348,0.00000924
115,803,23,152195,20170911,15015,0.00000912
116,810,24,152195,20170918,25651,0.00001522
117,817,25,152195,20170925,22115,0.00001342
118,824,26,152195,20171002,21975,0.00001300
119,831,27,152195,20171009,16721,0.00000973
120,838,28,152195,20171016,14692,0.00000863
121,845,29,152195,20171023,14920,0.00000863
122,852,30,152195,20171030,17063,0.00000984
123,859,31,152195,20171106,15399,0.00000882
124,866,32,152195,20171113,18979,0.00001083
125,873,33,152195,20171120,16638,0.00000964
126,880,34,152195,20171127,16274,0.00000935
127,887,35,152195,20171204,20152,0.00001146
128,894,36,152195,20171211,22718,0.00001335
129,901,37,152195,20171218,45292,0.00002818
130,908,38,152195,20171225,29109,0.00001712
131,915,39,152195,20180101,23824,0.00001275
132,922,40,152195,20180108,61585,0.00003254
133,929,41,152195,20180115,33340,0.00001744
134,936,42,152195,20180122,31494,0.00001677
135,943,43,152195,20180129,26482,0.00001433
136,950,44,152195,20180205,21428,0.00001160
137,957,45,152195,20180212,21146,0.00001166
138,964,46,152195,20180219,20127,0.00001086
139,971,47,152195,20180226,20805,0.00001127
140,978,48,152195,20180305,37652,0.00002046
141,985,49,152195,20180312,21886,0.00001190
142,992,50,152195,20180319,19748,0.00001101
143,999,51,152195,20180326,18985,0.00001074
144,1006,52,152195,20180402,24336,0.00001341
145,1013,53,152195,20180409,18450,0.00001015
146,1020,54,152195,20180416,20918,0.00001178
147,1027,55,152195,20180423,16533,0.00000935
148,1034,56,152195,20180430,19880,0.00001154
149,1041,57,152195,20180507,22354,0.00001283
150,1048,58,152195,20180514,16069,0.00000894
151,1055,59,152195,20180521,18907,0.00001083
152,1062,60,152195,20180528,22594,0.00001310
153,1069,61,152195,20180604,16377,0.00000945
154,1076,62,152195,20180611,17420,0.00001030
155,1083,63,152195,20180618,17982,0.00001060
156,1090,64,152195,20180625,18555,0.00001109
1,4,-92,617139,20150705,7019,0.00000403
2,11,-91,617139,20150712,8036,0.00000463
3,18,-90,617139,20150719,6749,0.00000389
4,25,-89,617139,20150726,6950,0.00000399
5,32,-88,617139,20150802,6892,0.00000408
6,39,-87,617139,20150809,8165,0.00000475
7,46,-86,617139,20150816,7212,0.00000414
8,53,-85,617139,20150823,6701,0.00000384
9,60,-84,617139,20150830,7825,0.00000443
10,67,-83,617139,20150906,7315,0.00000392
11,74,-82,617139,20150913,7658,0.00000432
12,81,-81,617139,20150920,8045,0.00000461
13,88,-80,617139,20150927,9277,0.00000542
14,95,-79,617139,20151004,7841,0.00000448
15,102,-78,617139,20151011,7478,0.00000426
16,109,-77,617139,20151018,9208,0.00000517
17,116,-76,617139,20151025,7618,0.00000432
18,123,-75,617139,20151101,9900,0.00000562
19,130,-74,617139,20151108,9428,0.00000537
20,137,-73,617139,20151115,9035,0.00000513
21,144,-72,617139,20151122,10786,0.00000627
22,151,-71,617139,20151129,9747,0.00000554
23,158,-70,617139,20151206,8820,0.00000496
24,165,-69,617139,20151213,7801,0.00000460
25,172,-68,617139,20151220,8254,0.00000528
26,179,-67,617139,20151227,9016,0.00000532
27,186,-66,617139,20160103,8204,0.00000451
28,193,-65,617139,20160110,8351,0.00000448
29,200,-64,617139,20160117,10064,0.00000543
30,207,-63,617139,20160124,8727,0.00000471
31,214,-62,617139,20160131,7438,0.00000403
32,221,-61,617139,20160207,6838,0.00000378
33,228,-60,617139,20160214,6995,0.00000382
34,235,-59,617139,20160221,6855,0.00000377
35,242,-58,617139,20160228,10006,0.00000544
36,249,-57,617139,20160306,7509,0.00000425
37,256,-56,617139,20160313,6589,0.00000385
38,263,-55,617139,20160320,6822,0.00000410
39,270,-54,617139,20160327,6669,0.00000391
40,277,-53,617139,20160403,7500,0.00000431
41,284,-52,617139,20160410,6369,0.00000367
42,291,-51,617139,20160417,31559,0.00001811
43,298,-50,617139,20160424,30073,0.00001738
44,305,-49,617139,20160501,17572,0.00001029
45,312,-48,617139,20160508,9658,0.00000565
46,319,-47,617139,20160515,9501,0.00000548
47,326,-46,617139,20160522,7864,0.00000465
48,333,-45,617139,20160529,8266,0.00000488
49,340,-44,617139,20160605,7602,0.00000450
50,347,-43,617139,20160612,6949,0.00000410
51,354,-42,617139,20160619,6944,0.00000414
52,361,-41,617139,20160626,7500,0.00000443
53,368,-40,617139,20160703,7514,0.00000448
54,375,-39,617139,20160710,7991,0.00000480
55,382,-38,617139,20160717,7763,0.00000437
56,389,-37,617139,20160724,14682,0.00000747
57,396,-36,617139,20160731,35218,0.00001837
58,403,-35,617139,20160807,11765,0.00000601
59,410,-34,617139,20160814,9506,0.00000526
60,417,-33,617139,20160821,9507,0.00000539
61,424,-32,617139,20160828,8581,0.00000486
62,431,-31,617139,20160904,12696,0.00000726
63,438,-30,617139,20160911,12117,0.00000687
64,445,-29,617139,20160918,8609,0.00000483
65,452,-28,617139,20160925,8007,0.00000459
66,459,-27,617139,20161002,7199,0.00000405
67,466,-26,617139,20161009,8352,0.00000468
68,473,-25,617139,20161016,7866,0.00000436
69,480,-24,617139,20161023,8552,0.00000486
70,487,-23,617139,20161030,16019,0.00000883
71,494,-22,617139,20161106,18913,0.00001002
72,501,-21,617139,20161113,17015,0.00000901
73,508,-20,617139,20161120,11765,0.00000651
74,515,-19,617139,20161127,12136,0.00000652
75,522,-18,617139,20161204,11042,0.00000593
76,529,-17,617139,20161211,8572,0.00000484
77,536,-16,617139,20161218,9364,0.00000531
78,543,-15,617139,20161225,10754,0.00000588
79,550,-14,617139,20170101,9384,0.00000485
80,557,-13,617139,20170108,8785,0.00000446
81,564,-12,617139,20170115,17114,0.00000863
82,571,-11,617139,20170122,9454,0.00000475
83,578,-10,617139,20170129,7741,0.00000396
84,585,-9,617139,20170205,8400,0.00000430
85,592,-8,617139,20170212,8348,0.00000437
86,599,-7,617139,20170219,9171,0.00000478
87,606,-6,617139,20170226,7501,0.00000388
88,613,-5,617139,20170305,7220,0.00000382
89,620,-4,617139,20170312,7603,0.00000404
90,627,-3,617139,20170319,10426,0.00000563
91,634,-2,617139,20170326,13381,0.00000752
92,641,-1,617139,20170402,10622,0.00000599
93,648,0,617139,20170409,1693895,0.00096970
94,655,1,617139,20170416,207319,0.00011489
95,662,2,617139,20170423,82676,0.00004635
96,669,3,617139,20170430,44468,0.00002481
97,676,4,617139,20170507,38335,0.00002167
98,683,5,617139,20170514,28604,0.00001620
99,690,6,617139,20170521,23714,0.00001352
100,697,7,617139,20170528,26892,0.00001537
101,704,8,617139,20170604,21265,0.00001240
102,711,9,617139,20170611,18964,0.00001134
103,718,10,617139,20170618,18308,0.00001112
104,725,11,617139,20170625,71382,0.00004448
105,732,12,617139,20170702,46426,0.00002860
106,739,13,617139,20170709,34859,0.00002101
107,746,14,617139,20170716,34405,0.00002072
108,753,15,617139,20170723,53424,0.00003227
109,760,16,617139,20170730,40988,0.00002536
110,767,17,617139,20170806,33173,0.00002034
111,774,18,617139,20170813,29360,0.00001811
112,781,19,617139,20170820,28896,0.00001773
113,788,20,617139,20170827,23858,0.00001482
114,795,21,617139,20170903,22926,0.00001382
115,802,22,617139,20170910,22128,0.00001347
116,809,23,617139,20170917,35475,0.00002101
117,816,24,617139,20170924,24801,0.00001500
118,823,25,617139,20171001,21070,0.00001256
119,830,26,617139,20171008,29892,0.00001741
120,837,27,617139,20171015,21877,0.00001287
121,844,28,617139,20171022,19846,0.00001149
122,851,29,617139,20171029,20376,0.00001179
123,858,30,617139,20171105,35436,0.00002027
124,865,31,617139,20171112,26344,0.00001502
125,872,32,617139,20171119,24193,0.00001404
126,879,33,617139,20171126,26879,0.00001537
127,886,34,617139,20171203,24866,0.00001419
128,893,35,617139,20171210,32457,0.00001893
129,900,36,617139,20171217,38264,0.00002355
130,907,37,617139,20171224,49513,0.00002947
131,914,38,617139,20171231,70687,0.00003859
132,921,39,617139,20180107,37874,0.00002010
133,928,40,617139,20180114,31241,0.00001622
134,935,41,617139,20180121,32952,0.00001757
135,942,42,617139,20180128,22520,0.00001216
136,949,43,617139,20180204,33851,0.00001831
137,956,44,617139,20180211,21943,0.00001209
138,963,45,617139,20180218,22680,0.00001230
139,970,46,617139,20180225,20592,0.00001111
140,977,47,617139,20180304,22281,0.00001208
141,984,48,617139,20180311,20976,0.00001139
142,991,49,617139,20180318,17698,0.00000982
143,998,50,617139,20180325,18217,0.00001028
144,1005,51,617139,20180401,18495,0.00001028
145,1012,52,617139,20180408,25875,0.00001426
146,1019,53,617139,20180415,18084,0.00001009
147,1026,54,617139,20180422,19065,0.00001075
148,1033,55,617139,20180429,20537,0.00001189
149,1040,56,617139,20180506,18991,0.00001093
150,1047,57,617139,20180513,23477,0.00001320
151,1054,58,617139,20180520,18990,0.00001075
152,1061,59,617139,20180527,19397,0.00001123
153,1068,60,617139,20180603,18815,0.00001088
154,1075,61,617139,20180610,18232,0.00001075
155,1082,62,617139,20180617,16781,0.00000989
156,1089,63,617139,20180624,17663,0.00001056
1,6,-93,1860137,20150707,655,0.00000038
2,13,-92,1860137,20150714,820,0.00000047
3,20,-91,1860137,20150721,634,0.00000037
4,27,-90,1860137,20150728,861,0.00000051
5,34,-89,1860137,20150804,782,0.00000045
6,41,-88,1860137,20150811,1010,0.00000058
7,48,-87,1860137,20150818,706,0.00000040
8,55,-86,1860137,20150825,692,0.00000040
9,62,-85,1860137,20150901,606,0.00000034
10,69,-84,1860137,20150908,1026,0.00000055
11,76,-83,1860137,20150915,821,0.00000047
12,83,-82,1860137,20150922,661,0.00000038
13,90,-81,1860137,20150929,562,0.00000033
14,97,-80,1860137,20151006,561,0.00000032
15,104,-79,1860137,20151013,1143,0.00000065
16,111,-78,1860137,20151020,796,0.00000045
17,118,-77,1860137,20151027,1341,0.00000076
18,125,-76,1860137,20151103,1109,0.00000063
19,132,-75,1860137,20151110,1092,0.00000062
20,139,-74,1860137,20151117,825,0.00000047
21,146,-73,1860137,20151124,722,0.00000042
22,153,-72,1860137,20151201,828,0.00000047
23,160,-71,1860137,20151208,755,0.00000043
24,167,-70,1860137,20151215,583,0.00000035
25,174,-69,1860137,20151222,637,0.00000040
26,181,-68,1860137,20151229,907,0.00000052
27,188,-67,1860137,20160105,1827,0.00000099
28,195,-66,1860137,20160112,1166,0.00000063
29,202,-65,1860137,20160119,856,0.00000046
30,209,-64,1860137,20160126,1279,0.00000069
31,216,-63,1860137,20160202,716,0.00000039
32,223,-62,1860137,20160209,811,0.00000045
33,230,-61,1860137,20160216,807,0.00000044
34,237,-60,1860137,20160223,825,0.00000045
35,244,-59,1860137,20160301,977,0.00000054
36,251,-58,1860137,20160308,1305,0.00000075
37,258,-57,1860137,20160315,764,0.00000045
38,265,-56,1860137,20160322,800,0.00000048
39,272,-55,1860137,20160329,757,0.00000044
40,279,-54,1860137,20160405,858,0.00000049
41,286,-53,1860137,20160412,1155,0.00000067
42,293,-52,1860137,20160419,1009,0.00000057
43,300,-51,1860137,20160426,737,0.00000043
44,307,-50,1860137,20160503,931,0.00000055
45,314,-49,1860137,20160510,917,0.00000053
46,321,-48,1860137,20160517,826,0.00000048
47,328,-47,1860137,20160524,711,0.00000042
48,335,-46,1860137,20160531,769,0.00000045
49,342,-45,1860137,20160607,688,0.00000041
50,349,-44,1860137,20160614,609,0.00000036
51,356,-43,1860137,20160621,515,0.00000031
52,363,-42,1860137,20160628,836,0.00000050
53,370,-41,1860137,20160705,538,0.00000032
54,377,-40,1860137,20160712,592,0.00000036
55,384,-39,1860137,20160719,594,0.00000032
56,391,-38,1860137,20160726,645,0.00000033
57,398,-37,1860137,20160802,565,0.00000030
58,405,-36,1860137,20160809,1245,0.00000063
59,412,-35,1860137,20160816,863,0.00000049
60,419,-34,1860137,20160823,639,0.00000036
61,426,-33,1860137,20160830,969,0.00000055
62,433,-32,1860137,20160906,944,0.00000054
63,440,-31,1860137,20160913,730,0.00000041
64,447,-30,1860137,20160920,758,0.00000043
65,454,-29,1860137,20160927,1152,0.00000066
66,461,-28,1860137,20161004,2016,0.00000113
67,468,-27,1860137,20161011,1461,0.00000081
68,475,-26,1860137,20161018,722,0.00000040
69,482,-25,1860137,20161025,745,0.00000043
70,489,-24,1860137,20161101,1070,0.00000058
71,496,-23,1860137,20161108,1087,0.00000057
72,503,-22,1860137,20161115,1413,0.00000076
73,510,-21,1860137,20161122,903,0.00000050
74,517,-20,1860137,20161129,1329,0.00000072
75,524,-19,1860137,20161206,768,0.00000042
76,531,-18,1860137,20161213,719,0.00000041
77,538,-17,1860137,20161220,712,0.00000041
78,545,-16,1860137,20161227,748,0.00000040
79,552,-15,1860137,20170103,1055,0.00000053
80,559,-14,1860137,20170110,864,0.00000044
81,566,-13,1860137,20170117,692,0.00000035
82,573,-12,1860137,20170124,722,0.00000036
83,580,-11,1860137,20170131,802,0.00000041
84,587,-10,1860137,20170207,868,0.00000045
85,594,-9,1860137,20170214,819,0.00000043
86,601,-8,1860137,20170221,755,0.00000039
87,608,-7,1860137,20170228,993,0.00000052
88,615,-6,1860137,20170307,941,0.00000050
89,622,-5,1860137,20170314,1014,0.00000054
90,629,-4,1860137,20170321,1472,0.00000081
91,636,-3,1860137,20170328,864,0.00000049
92,643,-2,1860137,20170404,721,0.00000041
93,650,-1,1860137,20170411,876,0.00000050
94,657,0,1860137,20170418,490706,0.00027062
95,664,1,1860137,20170425,27948,0.00001571
96,671,2,1860137,20170502,4315,0.00000241
97,678,3,1860137,20170509,7433,0.00000423
98,685,4,1860137,20170516,2607,0.00000145
99,692,5,1860137,20170523,1708,0.00000100
100,699,6,1860137,20170530,1803,0.00000103
101,706,7,1860137,20170606,1628,0.00000095
102,713,8,1860137,20170613,1067,0.00000065
103,720,9,1860137,20170620,789,0.00000048
104,727,10,1860137,20170627,1014,0.00000063
105,734,11,1860137,20170704,972,0.00000059
106,741,12,1860137,20170711,984,0.00000059
107,748,13,1860137,20170718,848,0.00000051
108,755,14,1860137,20170725,854,0.00000052
109,762,15,1860137,20170801,916,0.00000057
110,769,16,1860137,20170808,1032,0.00000063
111,776,17,1860137,20170815,1178,0.00000072
112,783,18,1860137,20170822,926,0.00000057
113,790,19,1860137,20170829,1059,0.00000065
114,797,20,1860137,20170905,868,0.00000052
115,804,21,1860137,20170912,7714,0.00000465
116,811,22,1860137,20170919,3076,0.00000183
117,818,23,1860137,20170926,1008,0.00000061
118,825,24,1860137,20171003,1268,0.00000075
119,832,25,1860137,20171010,947,0.00000055
120,839,26,1860137,20171017,811,0.00000048
121,846,27,1860137,20171024,928,0.00000054
122,853,28,1860137,20171031,2299,0.00000133
123,860,29,1860137,20171107,1767,0.00000101
124,867,30,1860137,20171114,1184,0.00000067
125,874,31,1860137,20171121,838,0.00000049
126,881,32,1860137,20171128,983,0.00000057
127,888,33,1860137,20171205,834,0.00000047
128,895,34,1860137,20171212,4610,0.00000273
129,902,35,1860137,20171219,1537,0.00000097
130,909,36,1860137,20171226,3242,0.00000188
131,916,37,1860137,20180102,1214,0.00000064
132,923,38,1860137,20180109,1374,0.00000072
133,930,39,1860137,20180116,1229,0.00000065
134,937,40,1860137,20180123,871,0.00000046
135,944,41,1860137,20180130,937,0.00000051
136,951,42,1860137,20180206,944,0.00000051
137,958,43,1860137,20180213,882,0.00000049
138,965,44,1860137,20180220,847,0.00000046
139,972,45,1860137,20180227,1039,0.00000056
140,979,46,1860137,20180306,1901,0.00000104
141,986,47,1860137,20180313,919,0.00000050
142,993,48,1860137,20180320,1339,0.00000075
143,1000,49,1860137,20180327,1695,0.00000096
144,1007,50,1860137,20180403,1208,0.00000066
145,1014,51,1860137,20180410,788,0.00000043
146,1021,52,1860137,20180417,3274,0.00000185
147,1028,53,1860137,20180424,765,0.00000043
148,1035,54,1860137,20180501,697,0.00000040
149,1042,55,1860137,20180508,799,0.00000046
150,1049,56,1860137,20180515,2191,0.00000121
151,1056,57,1860137,20180522,955,0.00000055
152,1063,58,1860137,20180529,1039,0.00000060
153,1070,59,1860137,20180605,989,0.00000057
154,1077,60,1860137,20180612,1043,0.00000062
155,1084,61,1860137,20180619,866,0.00000051
156,1091,62,1860137,20180626,939,0.00000056
0,0,-97,6585344,20150701,148,0.00000009
1,7,-96,6585344,20150708,120,0.00000007
2,14,-95,6585344,20150715,101,0.00000006
3,21,-94,6585344,20150722,118,0.00000007
4,28,-93,6585344,20150729,114,0.00000007
5,35,-92,6585344,20150805,107,0.00000006
6,42,-91,6585344,20150812,128,0.00000007
7,49,-90,6585344,20150819,116,0.00000007
8,56,-89,6585344,20150826,125,0.00000007
9,63,-88,6585344,20150902,153,0.00000008
10,70,-87,6585344,20150909,121,0.00000007
11,77,-86,6585344,20150916,130,0.00000007
12,84,-85,6585344,20150923,56,0.00000003
13,91,-84,6585344,20150930,92,0.00000005
14,98,-83,6585344,20151007,118,0.00000007
15,105,-82,6585344,20151014,106,0.00000006
16,112,-81,6585344,20151021,120,0.00000007
17,119,-80,6585344,20151028,128,0.00000007
18,126,-79,6585344,20151104,130,0.00000007
19,133,-78,6585344,20151111,97,0.00000006
20,140,-77,6585344,20151118,94,0.00000005
21,147,-76,6585344,20151125,170,0.00000010
22,154,-75,6585344,20151202,156,0.00000009
23,161,-74,6585344,20151209,158,0.00000009
24,168,-73,6585344,20151216,119,0.00000007
25,175,-72,6585344,20151223,136,0.00000009
26,182,-71,6585344,20151230,104,0.00000006
27,189,-70,6585344,20160106,265,0.00000014
28,196,-69,6585344,20160113,196,0.00000011
29,203,-68,6585344,20160120,162,0.00000009
30,210,-67,6585344,20160127,95,0.00000005
31,217,-66,6585344,20160203,117,0.00000006
32,224,-65,6585344,20160210,164,0.00000009
33,231,-64,6585344,20160217,197,0.00000011
34,238,-63,6585344,20160224,191,0.00000010
35,245,-62,6585344,20160302,108,0.00000006
36,252,-61,6585344,20160309,88,0.00000005
37,259,-60,6585344,20160316,78,0.00000005
38,266,-59,6585344,20160323,66,0.00000004
39,273,-58,6585344,20160330,76,0.00000004
40,280,-57,6585344,20160406,75,0.00000004
41,287,-56,6585344,20160413,90,0.00000005
42,294,-55,6585344,20160420,98,0.00000006
43,301,-54,6585344,20160427,84,0.00000005
44,308,-53,6585344,20160504,84,0.00000005
45,315,-52,6585344,20160511,106,0.00000006
46,322,-51,6585344,20160518,74,0.00000004
47,329,-50,6585344,20160525,76,0.00000005
48,336,-49,6585344,20160601,69,0.00000004
49,343,-48,6585344,20160608,60,0.00000004
50,350,-47,6585344,20160615,75,0.00000004
51,357,-46,6585344,20160622,121,0.00000007
52,364,-45,6585344,20160629,99,0.00000006
53,371,-44,6585344,20160706,110,0.00000007
54,378,-43,6585344,20160713,92,0.00000006
55,385,-42,6585344,20160720,104,0.00000005
56,392,-41,6585344,20160727,93,0.00000005
57,399,-40,6585344,20160803,213,0.00000011
58,406,-39,6585344,20160810,215,0.00000011
59,413,-38,6585344,20160817,223,0.00000013
60,420,-37,6585344,20160824,150,0.00000008
61,427,-36,6585344,20160831,92,0.00000005
62,434,-35,6585344,20160907,61,0.00000003
63,441,-34,6585344,20160914,63,0.00000004
64,448,-33,6585344,20160921,81,0.00000005
65,455,-32,6585344,20160928,49,0.00000003
66,462,-31,6585344,20161005,58,0.00000003
67,469,-30,6585344,20161012,64,0.00000004
68,476,-29,6585344,20161019,59,0.00000003
69,483,-28,6585344,20161026,50,0.00000003
70,490,-27,6585344,20161102,73,0.00000004
71,497,-26,6585344,20161109,90,0.00000005
72,504,-25,6585344,20161116,78,0.00000004
73,511,-24,6585344,20161123,94,0.00000005
74,518,-23,6585344,20161130,126,0.00000007
75,525,-22,6585344,20161207,102,0.00000006
76,532,-21,6585344,20161214,251,0.00000014
77,539,-20,6585344,20161221,113,0.00000006
78,546,-19,6585344,20161228,123,0.00000007
79,553,-18,6585344,20170104,175,0.00000009
80,560,-17,6585344,20170111,187,0.00000009
81,567,-16,6585344,20170118,186,0.00000009
82,574,-15,6585344,20170125,231,0.00000012
83,581,-14,6585344,20170201,177,0.00000009
84,588,-13,6585344,20170208,116,0.00000006
85,595,-12,6585344,20170215,270,0.00000014
86,602,-11,6585344,20170222,267,0.00000014
87,609,-10,6585344,20170301,120,0.00000006
88,616,-9,6585344,20170308,88,0.00000005
89,623,-8,6585344,20170315,194,0.00000010
90,630,-7,6585344,20170322,106,0.00000006
91,637,-6,6585344,20170329,117,0.00000007
92,644,-5,6585344,20170405,89,0.00000005
93,651,-4,6585344,20170412,137,0.00000008
94,658,-3,6585344,20170419,92,0.00000005
95,665,-2,6585344,20170426,133,0.00000007
96,672,-1,6585344,20170503,68822,0.00003847
97,679,0,6585344,20170510,10111,0.00000577
98,686,1,6585344,20170517,3939,0.00000218
99,693,2,6585344,20170524,2351,0.00000138
100,700,3,6585344,20170531,1900,0.00000109
101,707,4,6585344,20170607,1932,0.00000113
102,714,5,6585344,20170614,1773,0.00000108
103,721,6,6585344,20170621,860,0.00000053
104,728,7,6585344,20170628,871,0.00000054
105,735,8,6585344,20170705,1026,0.00000062
106,742,9,6585344,20170712,708,0.00000043
107,749,10,6585344,20170719,693,0.00000041
108,756,11,6585344,20170726,522,0.00000032
109,763,12,6585344,20170802,618,0.00000038
110,770,13,6585344,20170809,509,0.00000031
111,777,14,6585344,20170816,431,0.00000026
112,784,15,6585344,20170823,520,0.00000032
113,791,16,6585344,20170830,427,0.00000026
114,798,17,6585344,20170906,415,0.00000025
115,805,18,6585344,20170913,711,0.00000043
116,812,19,6585344,20170920,433,0.00000026
117,819,20,6585344,20170927,978,0.00000059
118,826,21,6585344,20171004,947,0.00000056
119,833,22,6585344,20171011,513,0.00000030
120,840,23,6585344,20171018,615,0.00000036
121,847,24,6585344,20171025,678,0.00000039
122,854,25,6585344,20171101,1368,0.00000078
123,861,26,6585344,20171108,3437,0.00000196
124,868,27,6585344,20171115,1433,0.00000082
125,875,28,6585344,20171122,3373,0.00000195
126,882,29,6585344,20171129,941,0.00000054
127,889,30,6585344,20171206,1289,0.00000073
128,896,31,6585344,20171213,994,0.00000059
129,903,32,6585344,20171220,2330,0.00000147
130,910,33,6585344,20171227,6066,0.00000345
131,917,34,6585344,20180103,1954,0.00000103
132,924,35,6585344,20180110,2832,0.00000149
133,931,36,6585344,20180117,2484,0.00000131
134,938,37,6585344,20180124,1277,0.00000068
135,945,38,6585344,20180131,2789,0.00000151
136,952,39,6585344,20180207,11313,0.00000616
137,959,40,6585344,20180214,256407,0.00014086
138,966,41,6585344,20180221,473665,0.00025453
139,973,42,6585344,20180228,7915,0.00000428
140,980,43,6585344,20180307,2639,0.00000144
141,987,44,6585344,20180314,1574,0.00000086
142,994,45,6585344,20180321,1091,0.00000061
143,1001,46,6585344,20180328,768,0.00000043
144,1008,47,6585344,20180404,609,0.00000034
145,1015,48,6585344,20180411,804,0.00000044
146,1022,49,6585344,20180418,1239,0.00000070
147,1029,50,6585344,20180425,437,0.00000025
148,1036,51,6585344,20180502,558,0.00000032
149,1043,52,6585344,20180509,714,0.00000041
150,1050,53,6585344,20180516,481,0.00000027
151,1057,54,6585344,20180523,307,0.00000018
152,1064,55,6585344,20180530,464,0.00000027
153,1071,56,6585344,20180606,367,0.00000021
154,1078,57,6585344,20180613,296,0.00000017
155,1085,58,6585344,20180620,349,0.00000021
156,1092,59,6585344,20180627,308,0.00000018
0,1,-98,552891,20150702,6296,0.00000367
1,8,-97,552891,20150709,5653,0.00000323
2,15,-96,552891,20150716,5574,0.00000325
3,22,-95,552891,20150723,6299,0.00000358
4,29,-94,552891,20150730,7564,0.00000451
5,36,-93,552891,20150806,5457,0.00000317
6,43,-92,552891,20150813,6227,0.00000358
7,50,-91,552891,20150820,5555,0.00000318
8,57,-90,552891,20150827,7581,0.00000436
9,64,-89,552891,20150903,5175,0.00000280
10,71,-88,552891,20150910,6356,0.00000350
11,78,-87,552891,20150917,4998,0.00000286
12,85,-86,552891,20150924,5616,0.00000325
13,92,-85,552891,20151001,5603,0.00000325
14,99,-84,552891,20151008,7505,0.00000426
15,106,-83,552891,20151015,10631,0.00000603
16,113,-82,552891,20151022,7561,0.00000426
17,120,-81,552891,20151029,10539,0.00000601
18,127,-80,552891,20151105,10994,0.00000621
19,134,-79,552891,20151112,11597,0.00000660
20,141,-78,552891,20151119,10259,0.00000590
21,148,-77,552891,20151126,8918,0.00000510
22,155,-76,552891,20151203,9069,0.00000513
23,162,-75,552891,20151210,7362,0.00000421
24,169,-74,552891,20151217,6420,0.00000399
25,176,-73,552891,20151224,7863,0.00000488
26,183,-72,552891,20151231,8335,0.00000468
27,190,-71,552891,20160107,7382,0.00000397
28,197,-70,552891,20160114,11030,0.00000598
29,204,-69,552891,20160121,7421,0.00000398
30,211,-68,552891,20160128,9648,0.00000521
31,218,-67,552891,20160204,6740,0.00000370
32,225,-66,552891,20160211,6728,0.00000370
33,232,-65,552891,20160218,8288,0.00000453
34,239,-64,552891,20160225,6929,0.00000380
35,246,-63,552891,20160303,7533,0.00000418
36,253,-62,552891,20160310,8108,0.00000469
37,260,-61,552891,20160317,8010,0.00000480
38,267,-60,552891,20160324,8776,0.00000516
39,274,-59,552891,20160331,8052,0.00000468
40,281,-58,552891,20160407,9516,0.00000545
41,288,-57,552891,20160414,9872,0.00000576
42,295,-56,552891,20160421,9447,0.00000536
43,302,-55,552891,20160428,7664,0.00000447
44,309,-54,552891,20160505,6545,0.00000383
45,316,-53,552891,20160512,6844,0.00000398
46,323,-52,552891,20160519,6336,0.00000368
47,330,-51,552891,20160526,7265,0.00000433
48,337,-50,552891,20160602,6043,0.00000357
49,344,-49,552891,20160609,5322,0.00000313
50,351,-48,552891,20160616,6423,0.00000384
51,358,-47,552891,20160623,9123,0.00000542
52,365,-46,552891,20160630,8474,0.00000500
53,372,-45,552891,20160707,8169,0.00000489
54,379,-44,552891,20160714,6504,0.00000391
55,386,-43,552891,20160721,7201,0.00000370
56,393,-42,552891,20160728,7057,0.00000363
57,400,-41,552891,20160804,7155,0.00000372
58,407,-40,552891,20160811,6474,0.00000337
59,414,-39,552891,20160818,6500,0.00000371
60,421,-38,552891,20160825,6449,0.00000365
61,428,-37,552891,20160901,6681,0.00000384
62,435,-36,552891,20160908,6470,0.00000366
63,442,-35,552891,20160915,6181,0.00000349
64,449,-34,552891,20160922,6592,0.00000374
65,456,-33,552891,20160929,5971,0.00000339
66,463,-32,552891,20161006,5007,0.00000283
67,470,-31,552891,20161013,5435,0.00000300
68,477,-30,552891,20161020,5512,0.00000309
69,484,-29,552891,20161027,7041,0.00000401
70,491,-28,552891,20161103,5300,0.00000283
71,498,-27,552891,20161110,5653,0.00000296
72,505,-26,552891,20161117,5641,0.00000307
73,512,-25,552891,20161124,6880,0.00000374
74,519,-24,552891,20161201,6107,0.00000329
75,526,-23,552891,20161208,6155,0.00000337
76,533,-22,552891,20161215,5834,0.00000331
77,540,-21,552891,20161222,7273,0.00000414
78,547,-20,552891,20161229,7458,0.00000394
79,554,-19,552891,20170105,9060,0.00000460
80,561,-18,552891,20170112,7678,0.00000387
81,568,-17,552891,20170119,7066,0.00000357
82,575,-16,552891,20170126,8926,0.00000450
83,582,-15,552891,20170202,6471,0.00000332
84,589,-14,552891,20170209,6606,0.00000342
85,596,-13,552891,20170216,7385,0.00000385
86,603,-12,552891,20170223,17025,0.00000878
87,610,-11,552891,20170302,10608,0.00000561
88,617,-10,552891,20170309,8734,0.00000466
89,624,-9,552891,20170316,7693,0.00000407
90,631,-8,552891,20170323,6186,0.00000344
91,638,-7,552891,20170330,6194,0.00000350
92,645,-6,552891,20170406,6889,0.00000393
93,652,-5,552891,20170413,8126,0.00000455
94,659,-4,552891,20170420,6731,0.00000374
95,666,-3,552891,20170427,9678,0.00000543
96,673,-2,552891,20170504,7409,0.00000415
97,680,-1,552891,20170511,550530,0.00031416
98,687,0,552891,20170518,106384,0.00005926
99,694,1,552891,20170525,41028,0.00002359
100,701,2,552891,20170601,29153,0.00001706
101,708,3,552891,20170608,21596,0.00001273
102,715,4,552891,20170615,16172,0.00000978
103,722,5,552891,20170622,11989,0.00000743
104,729,6,552891,20170629,16442,0.00001024
105,736,7,552891,20170706,13237,0.00000798
106,743,8,552891,20170713,14375,0.00000872
107,750,9,552891,20170720,14011,0.00000836
108,757,10,552891,20170727,11584,0.00000712
109,764,11,552891,20170803,10959,0.00000677
110,771,12,552891,20170810,14449,0.00000891
111,778,13,552891,20170817,10146,0.00000620
112,785,14,552891,20170824,9825,0.00000607
113,792,15,552891,20170831,12069,0.00000735
114,799,16,552891,20170907,9213,0.00000563
115,806,17,552891,20170914,20462,0.00001218
116,813,18,552891,20170921,10966,0.00000655
117,820,19,552891,20170928,9613,0.00000581
118,827,20,552891,20171005,8154,0.00000477
119,834,21,552891,20171012,7209,0.00000423
120,841,22,552891,20171019,7383,0.00000428
121,848,23,552891,20171026,6457,0.00000378
122,855,24,552891,20171102,6785,0.00000386
123,862,25,552891,20171109,7784,0.00000445
124,869,26,552891,20171116,7847,0.00000448
125,876,27,552891,20171123,9603,0.00000552
126,883,28,552891,20171130,8719,0.00000506
127,890,29,552891,20171207,8980,0.00000511
128,897,30,552891,20171214,9324,0.00000562
129,904,31,552891,20171221,15798,0.00000989
130,911,32,552891,20171228,20458,0.00001149
131,918,33,552891,20180104,10463,0.00000553
132,925,34,552891,20180111,9119,0.00000475
133,932,35,552891,20180118,10610,0.00000560
134,939,36,552891,20180125,8417,0.00000450
135,946,37,552891,20180201,8164,0.00000443
136,953,38,552891,20180208,8899,0.00000487
137,960,39,552891,20180215,9806,0.00000535
138,967,40,552891,20180222,10244,0.00000552
139,974,41,552891,20180301,17077,0.00000923
140,981,42,552891,20180308,9116,0.00000496
141,988,43,552891,20180315,9178,0.00000507
142,995,44,552891,20180322,8647,0.00000485
143,1002,45,552891,20180329,8404,0.00000471
144,1009,46,552891,20180405,10621,0.00000584
145,1016,47,552891,20180412,8121,0.00000449
146,1023,48,552891,20180419,9012,0.00000509
147,1030,49,552891,20180426,9755,0.00000561
148,1037,50,552891,20180503,9892,0.00000573
149,1044,51,552891,20180510,8565,0.00000489
150,1051,52,552891,20180517,7687,0.00000425
151,1058,53,552891,20180524,8340,0.00000482
152,1065,54,552891,20180531,8059,0.00000473
153,1072,55,552891,20180607,10951,0.00000632
154,1079,56,552891,20180614,7236,0.00000429
155,1086,57,552891,20180621,9446,0.00000562
1,5,-97,222165,20150706,15605,0.00000890
2,12,-96,222165,20150713,14940,0.00000864
3,19,-95,222165,20150720,19238,0.00001107
4,26,-94,222165,20150727,15243,0.00000880
5,33,-93,222165,20150803,14911,0.00000877
6,40,-92,222165,20150810,20602,0.00001199
7,47,-91,222165,20150817,20106,0.00001152
8,54,-90,222165,20150824,17274,0.00000994
9,61,-89,222165,20150831,16548,0.00000929
10,68,-88,222165,20150907,20318,0.00001087
11,75,-87,222165,20150914,32786,0.00001862
12,82,-86,222165,20150921,43029,0.00002479
13,89,-85,222165,20150928,27159,0.00001587
14,96,-84,222165,20151005,25861,0.00001478
15,103,-83,222165,20151012,24896,0.00001413
16,110,-82,222165,20151019,29593,0.00001659
17,117,-81,222165,20151026,27121,0.00001544
18,124,-80,222165,20151102,24931,0.00001408
19,131,-79,222165,20151109,23295,0.00001328
20,138,-78,222165,20151116,20117,0.00001143
21,145,-77,222165,20151123,22668,0.00001313
22,152,-76,222165,20151130,30486,0.00001736
23,159,-75,222165,20151207,24679,0.00001387
24,166,-74,222165,20151214,20621,0.00001232
25,173,-73,222165,20151221,18551,0.00001183
26,180,-72,222165,20151228,20748,0.00001202
27,187,-71,222165,20160104,18740,0.00001028
28,194,-70,222165,20160111,17137,0.00000921
29,201,-69,222165,20160118,16781,0.00000903
30,208,-68,222165,20160125,16537,0.00000892
31,215,-67,222165,20160201,16322,0.00000888
32,222,-66,222165,20160208,16331,0.00000904
33,229,-65,222165,20160215,15668,0.00000853
34,236,-64,222165,20160222,15158,0.00000837
35,243,-63,222165,20160229,14707,0.00000799
36,250,-62,222165,20160307,19180,0.00001094
37,257,-61,222165,20160314,15336,0.00000900
38,264,-60,222165,20160321,15705,0.00000943
39,271,-59,222165,20160328,16108,0.00000942
40,278,-58,222165,20160404,18009,0.00001031
41,285,-57,222165,20160411,17495,0.00001014
42,292,-56,222165,20160418,25065,0.00001430
43,299,-55,222165,20160425,20676,0.00001202
44,306,-54,222165,20160502,19891,0.00001165
45,313,-53,222165,20160509,17997,0.00001049
46,320,-52,222165,20160516,16671,0.00000962
47,327,-51,222165,20160523,16330,0.00000971
48,334,-50,222165,20160530,14801,0.00000868
49,341,-49,222165,20160606,14880,0.00000882
50,348,-48,222165,20160613,15015,0.00000888
51,355,-47,222165,20160620,16165,0.00000961
52,362,-46,222165,20160627,16455,0.00000974
53,369,-45,222165,20160704,17333,0.00001027
54,376,-44,222165,20160711,15899,0.00000961
55,383,-43,222165,20160718,25109,0.00001377
56,390,-42,222165,20160725,17246,0.00000877
57,397,-41,222165,20160801,13765,0.00000722
58,404,-40,222165,20160808,12808,0.00000651
59,411,-39,222165,20160815,13077,0.00000732
60,418,-38,222165,20160822,14366,0.00000817
61,425,-37,222165,20160829,15121,0.00000859
62,432,-36,222165,20160905,13408,0.00000763
63,439,-35,222165,20160912,12709,0.00000721
64,446,-34,222165,20160919,12313,0.00000693
65,453,-33,222165,20160926,12217,0.00000700
66,460,-32,222165,20161003,13440,0.00000755
67,467,-31,222165,20161010,19046,0.00001064
68,474,-30,222165,20161017,13142,0.00000731
69,481,-29,222165,20161024,12517,0.00000713
70,488,-28,222165,20161031,15219,0.00000831
71,495,-27,222165,20161107,16210,0.00000854
72,502,-26,222165,20161114,15941,0.00000850
73,509,-25,222165,20161121,14589,0.00000803
74,516,-24,222165,20161128,14431,0.00000777
75,523,-23,222165,20161205,13984,0.00000754
76,530,-22,222165,20161212,13061,0.00000738
77,537,-21,222165,20161219,13032,0.00000748
78,544,-20,222165,20161226,12657,0.00000685
79,551,-19,222165,20170102,13095,0.00000666
80,558,-18,222165,20170109,14722,0.00000748
81,565,-17,222165,20170116,23946,0.00001205
82,572,-16,222165,20170123,14294,0.00000718
83,579,-15,222165,20170130,13245,0.00000680
84,586,-14,222165,20170206,13846,0.00000710
85,593,-13,222165,20170213,13563,0.00000711
86,600,-12,222165,20170220,13868,0.00000720
87,607,-11,222165,20170227,13465,0.00000701
88,614,-10,222165,20170306,15105,0.00000799
89,621,-9,222165,20170313,14187,0.00000755
90,628,-8,222165,20170320,13985,0.00000761
91,635,-7,222165,20170327,13539,0.00000765
92,642,-6,222165,20170403,17459,0.00000986
93,649,-5,222165,20170410,15412,0.00000882
94,656,-4,222165,20170417,23891,0.00001317
95,663,-3,222165,20170424,17510,0.00000986
96,670,-2,222165,20170501,17507,0.00000975
97,677,-1,222165,20170508,15870,0.00000901
98,684,0,222165,20170515,4115020,0.00232861
99,691,1,222165,20170522,799114,0.00045846
100,698,2,222165,20170529,270575,0.00015431
101,705,3,222165,20170605,128057,0.00007477
102,712,4,222165,20170612,86499,0.00005200
103,719,5,222165,20170619,86133,0.00005242
104,726,6,222165,20170626,58731,0.00003665
105,733,7,222165,20170703,55150,0.00003378
106,740,8,222165,20170710,72409,0.00004355
107,747,9,222165,20170717,1697643,0.00102014
108,754,10,222165,20170724,302258,0.00018361
109,761,11,222165,20170731,200427,0.00012420
110,768,12,222165,20170807,91961,0.00005643
111,775,13,222165,20170814,59258,0.00003638
112,782,14,222165,20170821,55410,0.00003411
113,789,15,222165,20170828,72534,0.00004495
114,796,16,222165,20170904,52429,0.00003158
115,803,17,222165,20170911,48173,0.00002926
116,810,18,222165,20170918,73394,0.00004354
117,817,19,222165,20170925,52531,0.00003188
118,824,20,222165,20171002,51796,0.00003065
119,831,21,222165,20171009,62499,0.00003637
120,838,22,222165,20171016,53822,0.00003161
121,845,23,222165,20171023,59644,0.00003449
122,852,24,222165,20171030,54431,0.00003140
123,859,25,222165,20171106,47440,0.00002718
124,866,26,222165,20171113,47207,0.00002693
125,873,27,222165,20171120,50224,0.00002911
126,880,28,222165,20171127,45671,0.00002624
127,887,29,222165,20171204,51056,0.00002903
128,894,30,222165,20171211,45891,0.00002698
129,901,31,222165,20171218,56895,0.00003540
130,908,32,222165,20171225,66710,0.00003925
131,915,33,222165,20180101,53668,0.00002872
132,922,34,222165,20180108,47791,0.00002525
133,929,35,222165,20180115,50786,0.00002657
134,936,36,222165,20180122,49836,0.00002653
135,943,37,222165,20180129,61205,0.00003313
136,950,38,222165,20180205,43817,0.00002372
137,957,39,222165,20180212,43129,0.00002379
138,964,40,222165,20180219,62836,0.00003390
139,971,41,222165,20180226,49374,0.00002674
140,978,42,222165,20180305,46957,0.00002552
141,985,43,222165,20180312,42578,0.00002315
142,992,44,222165,20180319,47243,0.00002634
143,999,45,222165,20180326,44573,0.00002522
144,1006,46,222165,20180402,50890,0.00002804
145,1013,47,222165,20180409,53847,0.00002963
146,1020,48,222165,20180416,48107,0.00002709
147,1027,49,222165,20180423,45072,0.00002548
148,1034,50,222165,20180430,54019,0.00003135
149,1041,51,222165,20180507,53016,0.00003042
150,1048,52,222165,20180514,96485,0.00005366
151,1055,53,222165,20180521,51064,0.00002925
152,1062,54,222165,20180528,44070,0.00002555
153,1069,55,222165,20180604,79689,0.00004599
154,1076,56,222165,20180611,55182,0.00003264
155,1083,57,222165,20180618,57263,0.00003376
156,1090,58,222165,20180625,40375,0.00002413
0,3,-99,174716,20150704,20093,0.00001157
1,10,-98,174716,20150711,20357,0.00001170
2,17,-97,174716,20150718,22441,0.00001299
3,24,-96,174716,20150725,27289,0.00001560
4,31,-95,174716,20150801,36768,0.00002180
5,38,-94,174716,20150808,44536,0.00002592
6,45,-93,174716,20150815,25298,0.00001452
7,52,-92,174716,20150822,28538,0.00001636
8,59,-91,174716,20150829,22731,0.00001293
9,66,-90,174716,20150905,27092,0.00001459
10,73,-89,174716,20150912,21943,0.00001224
11,80,-88,174716,20150919,55998,0.00003204
12,87,-87,174716,20150926,24078,0.00001403
13,94,-86,174716,20151003,24884,0.00001428
14,101,-85,174716,20151010,38547,0.00002191
15,108,-84,174716,20151017,40052,0.00002254
16,115,-83,174716,20151024,50842,0.00002880
17,122,-82,174716,20151031,59794,0.00003396
18,129,-81,174716,20151107,74281,0.00004228
19,136,-80,174716,20151114,55455,0.00003151
20,143,-79,174716,20151121,43892,0.00002561
21,150,-78,174716,20151128,38529,0.00002176
22,157,-77,174716,20151205,29428,0.00001659
23,164,-76,174716,20151212,27503,0.00001605
24,171,-75,174716,20151219,31189,0.00002009
25,178,-74,174716,20151226,34480,0.00002075
26,185,-73,174716,20160102,32316,0.00001763
27,192,-72,174716,20160109,23469,0.00001259
28,199,-71,174716,20160116,24915,0.00001347
29,206,-70,174716,20160123,22565,0.00001216
30,213,-69,174716,20160130,22917,0.00001237
31,220,-68,174716,20160206,21347,0.00001179
32,227,-67,174716,20160213,21167,0.00001158
33,234,-66,174716,20160220,25455,0.00001395
34,241,-65,174716,20160227,28984,0.00001583
35,248,-64,174716,20160305,42944,0.00002414
36,255,-63,174716,20160312,48313,0.00002811
37,262,-62,174716,20160319,36342,0.00002194
38,269,-61,174716,20160326,39314,0.00002304
39,276,-60,174716,20160402,31378,0.00001806
40,283,-59,174716,20160409,20951,0.00001203
41,290,-58,174716,20160416,27022,0.00001558
42,297,-57,174716,20160423,21311,0.00001225
43,304,-56,174716,20160430,26257,0.00001539
44,311,-55,174716,20160507,18950,0.00001109
45,318,-54,174716,20160514,23469,0.00001360
46,325,-53,174716,20160521,22723,0.00001331
47,332,-52,174716,20160528,25585,0.00001518
48,339,-51,174716,20160604,19318,0.00001143
49,346,-50,174716,20160611,19349,0.00001137
50,353,-49,174716,20160618,20579,0.00001228
51,360,-48,174716,20160625,21094,0.00001245
52,367,-47,174716,20160702,27066,0.00001612
53,374,-46,174716,20160709,33758,0.00002020
54,381,-45,174716,20160716,31378,0.00001810
55,388,-44,174716,20160723,64192,0.00003271
56,395,-43,174716,20160730,30209,0.00001575
57,402,-42,174716,20160806,23784,0.00001217
58,409,-41,174716,20160813,24115,0.00001308
59,416,-40,174716,20160820,26666,0.00001514
60,423,-39,174716,20160827,27818,0.00001575
61,430,-38,174716,20160903,29258,0.00001680
62,437,-37,174716,20160910,21503,0.00001213
63,444,-36,174716,20160917,21153,0.00001184
64,451,-35,174716,20160924,19648,0.00001128
65,458,-34,174716,20161001,31885,0.00001798
66,465,-33,174716,20161008,29929,0.00001683
67,472,-32,174716,20161015,22316,0.00001234
68,479,-31,174716,20161022,40860,0.00002310
69,486,-30,174716,20161029,29749,0.00001660
70,493,-29,174716,20161105,19942,0.00001060
71,500,-28,174716,20161112,23939,0.00001260
72,507,-27,174716,20161119,38033,0.00002115
73,514,-26,174716,20161126,28859,0.00001549
74,521,-25,174716,20161203,23532,0.00001258
75,528,-24,174716,20161210,22440,0.00001256
76,535,-23,174716,20161217,26624,0.00001515
77,542,-22,174716,20161224,31077,0.00001706
78,549,-21,174716,20161231,26583,0.00001397
79,556,-20,174716,20170107,21978,0.00001115
80,563,-19,174716,20170114,22726,0.00001143
81,570,-18,174716,20170121,22705,0.00001144
82,577,-17,174716,20170128,22753,0.00001159
83,584,-16,174716,20170204,27285,0.00001398
84,591,-15,174716,20170211,31143,0.00001625
85,598,-14,174716,20170218,31274,0.00001632
86,605,-13,174716,20170225,31006,0.00001599
87,612,-12,174716,20170304,24756,0.00001311
88,619,-11,174716,20170311,21197,0.00001133
89,626,-10,174716,20170318,20815,0.00001110
90,633,-9,174716,20170325,21401,0.00001197
91,640,-8,174716,20170401,37847,0.00002139
92,647,-7,174716,20170408,21014,0.00001205
93,654,-6,174716,20170415,28193,0.00001565
94,661,-5,174716,20170422,19993,0.00001117
95,668,-4,174716,20170429,23564,0.00001319
96,675,-3,174716,20170506,20450,0.00001152
97,682,-2,174716,20170513,33581,0.00001904
98,689,-1,174716,20170520,1640528,0.00092849
99,696,0,174716,20170527,242793,0.00013923
100,703,1,174716,20170603,75007,0.00004368
101,710,2,174716,20170610,60194,0.00003594
102,717,3,174716,20170617,36899,0.00002236
103,724,4,174716,20170624,33840,0.00002107
104,731,5,174716,20170701,37448,0.00002317
105,738,6,174716,20170708,42939,0.00002587
106,745,7,174716,20170715,41507,0.00002505
107,752,8,174716,20170722,47370,0.00002845
108,759,9,174716,20170729,42746,0.00002641
109,766,10,174716,20170805,37081,0.00002281
110,773,11,174716,20170812,52650,0.00003244
111,780,12,174716,20170819,44190,0.00002710
112,787,13,174716,20170826,33965,0.00002109
113,794,14,174716,20170902,33285,0.00002007
114,801,15,174716,20170909,31524,0.00001925
115,808,16,174716,20170916,50087,0.00002968
116,815,17,174716,20170923,25296,0.00001519
117,822,18,174716,20170930,25553,0.00001537
118,829,19,174716,20171007,24078,0.00001402
119,836,20,174716,20171014,31074,0.00001829
120,843,21,174716,20171021,21464,0.00001243
121,850,22,174716,20171028,23793,0.00001380
122,857,23,174716,20171104,28508,0.00001631
123,864,24,174716,20171111,27010,0.00001540
124,871,25,174716,20171118,31863,0.00001852
125,878,26,174716,20171125,31362,0.00001782
126,885,27,174716,20171202,43101,0.00002472
127,892,28,174716,20171209,56004,0.00003247
128,899,29,174716,20171216,61350,0.00003763
129,906,30,174716,20171223,71429,0.00004321
130,913,31,174716,20171230,59406,0.00003295
131,920,32,174716,20180106,28315,0.00001492
132,927,33,174716,20180113,25717,0.00001329
133,934,34,174716,20180120,27767,0.00001482
134,941,35,174716,20180127,23763,0.00001282
135,948,36,174716,20180203,21121,0.00001143
136,955,37,174716,20180210,19934,0.00001097
137,962,38,174716,20180217,37110,0.00002012
138,969,39,174716,20180224,23824,0.00001287
139,976,40,174716,20180303,65857,0.00003560
140,983,41,174716,20180310,24009,0.00001305
141,990,42,174716,20180317,19780,0.00001094
142,997,43,174716,20180324,23174,0.00001310
143,1004,44,174716,20180331,29310,0.00001635
144,1011,45,174716,20180407,32212,0.00001768
145,1018,46,174716,20180414,26280,0.00001465
146,1025,47,174716,20180421,23508,0.00001321
147,1032,48,174716,20180428,90858,0.00005263
148,1039,49,174716,20180505,28706,0.00001656
149,1046,50,174716,20180512,25961,0.00001480
150,1053,51,174716,20180519,29056,0.00001617
151,1060,52,174716,20180526,22664,0.00001311
152,1067,53,174716,20180602,22359,0.00001299
153,1074,54,174716,20180609,25859,0.00001514
154,1081,55,174716,20180616,18559,0.00001100
155,1088,56,174716,20180623,18494,0.00001103
0,0,-100,505104,20150701,9537,0.00000559
1,7,-99,505104,20150708,8046,0.00000460
2,14,-98,505104,20150715,10697,0.00000622
3,21,-97,505104,20150722,10007,0.00000574
4,28,-96,505104,20150729,9466,0.00000559
5,35,-95,505104,20150805,9272,0.00000538
6,42,-94,505104,20150812,9997,0.00000576
7,49,-93,505104,20150819,9489,0.00000543
8,56,-92,505104,20150826,10476,0.00000603
9,63,-91,505104,20150902,9251,0.00000504
10,70,-90,505104,20150909,7630,0.00000415
11,77,-89,505104,20150916,8332,0.00000478
12,84,-88,505104,20150923,7434,0.00000429
13,91,-87,505104,20150930,6650,0.00000388
14,98,-86,505104,20151007,7305,0.00000415
15,105,-85,505104,20151014,7518,0.00000426
16,112,-84,505104,20151021,6976,0.00000393
17,119,-83,505104,20151028,9134,0.00000521
18,126,-82,505104,20151104,17204,0.00000968
19,133,-81,505104,20151111,8276,0.00000473
20,140,-80,505104,20151118,8789,0.00000501
21,147,-79,505104,20151125,9115,0.00000525
22,154,-78,505104,20151202,11155,0.00000632
23,161,-77,505104,20151209,13287,0.00000754
24,168,-76,505104,20151216,9456,0.00000580
25,175,-75,505104,20151223,11433,0.00000720
26,182,-74,505104,20151230,11862,0.00000673
27,189,-73,505104,20160106,12909,0.00000695
28,196,-72,505104,20160113,12340,0.00000669
29,203,-71,505104,20160120,14694,0.00000790
30,210,-70,505104,20160127,9140,0.00000493
31,217,-69,505104,20160203,9415,0.00000514
32,224,-68,505104,20160210,9481,0.00000522
33,231,-67,505104,20160217,8864,0.00000483
34,238,-66,505104,20160224,7452,0.00000409
35,245,-65,505104,20160302,8347,0.00000461
36,252,-64,505104,20160309,12114,0.00000698
37,259,-63,505104,20160316,10239,0.00000608
38,266,-62,505104,20160323,8671,0.00000513
39,273,-61,505104,20160330,14059,0.00000822
40,280,-60,505104,20160406,14650,0.00000838
41,287,-59,505104,20160413,8944,0.00000521
42,294,-58,505104,20160420,9084,0.00000516
43,301,-57,505104,20160427,8765,0.00000510
44,308,-56,505104,20160504,10551,0.00000617
45,315,-55,505104,20160511,17890,0.00001044
46,322,-54,505104,20160518,15489,0.00000894
47,329,-53,505104,20160525,8833,0.00000527
48,336,-52,505104,20160601,8143,0.00000479
49,343,-51,505104,20160608,8094,0.00000477
50,350,-50,505104,20160615,8811,0.00000525
51,357,-49,505104,20160622,10357,0.00000615
52,364,-48,505104,20160629,11604,0.00000688
53,371,-47,505104,20160706,12600,0.00000748
54,378,-46,505104,20160713,13945,0.00000846
55,385,-45,505104,20160720,11459,0.00000598
56,392,-44,505104,20160727,9354,0.00000477
57,399,-43,505104,20160803,18950,0.00000994
58,406,-42,505104,20160810,9372,0.00000478
59,413,-41,505104,20160817,8682,0.00000499
60,420,-40,505104,20160824,12995,0.00000736
61,427,-39,505104,20160831,11026,0.00000632
62,434,-38,505104,20160907,18490,0.00001049
63,441,-37,505104,20160914,9770,0.00000552
64,448,-36,505104,20160921,12905,0.00000731
65,455,-35,505104,20160928,8786,0.00000501
66,462,-34,505104,20161005,7561,0.00000426
67,469,-33,505104,20161012,10399,0.00000574
68,476,-32,505104,20161019,12239,0.00000684
69,483,-31,505104,20161026,14947,0.00000856
70,490,-30,505104,20161102,9300,0.00000500
71,497,-29,505104,20161109,8926,0.00000466
72,504,-28,505104,20161116,10067,0.00000542
73,511,-27,505104,20161123,11271,0.00000618
74,518,-26,505104,20161130,9733,0.00000524
75,525,-25,505104,20161207,13029,0.00000710
76,532,-24,505104,20161214,11316,0.00000639
77,539,-23,505104,20161221,10816,0.00000622
78,546,-22,505104,20161228,16165,0.00000856
79,553,-21,505104,20170104,10449,0.00000530
80,560,-20,505104,20170111,10822,0.00000547
81,567,-19,505104,20170118,10045,0.00000507
82,574,-18,505104,20170125,38347,0.00001929
83,581,-17,505104,20170201,16416,0.00000843
84,588,-16,505104,20170208,13870,0.00000717
85,595,-15,505104,20170215,10807,0.00000564
86,602,-14,505104,20170222,12958,0.00000667
87,609,-13,505104,20170301,12166,0.00000643
88,616,-12,505104,20170308,13001,0.00000691
89,623,-11,505104,20170315,13152,0.00000697
90,630,-10,505104,20170322,11072,0.00000613
91,637,-9,505104,20170329,9938,0.00000560
92,644,-8,505104,20170405,8972,0.00000512
93,651,-7,505104,20170412,11932,0.00000672
94,658,-6,505104,20170419,31915,0.00001764
95,665,-5,505104,20170426,13336,0.00000749
96,672,-4,505104,20170503,9922,0.00000555
97,679,-3,505104,20170510,10488,0.00000599
98,686,-2,505104,20170517,46791,0.00002595
99,693,-1,505104,20170524,1003331,0.00058958
100,700,0,505104,20170531,205803,0.00011794
101,707,1,505104,20170607,58263,0.00003412
102,714,2,505104,20170614,26398,0.00001604
103,721,3,505104,20170621,19442,0.00001197
104,728,4,505104,20170628,16000,0.00000997
105,735,5,505104,20170705,15079,0.00000913
106,742,6,505104,20170712,14918,0.00000902
107,749,7,505104,20170719,15063,0.00000899
108,756,8,505104,20170726,17431,0.00001070
109,763,9,505104,20170802,13337,0.00000826
110,770,10,505104,20170809,14927,0.00000918
111,777,11,505104,20170816,12666,0.00000774
112,784,12,505104,20170823,14260,0.00000881
113,791,13,505104,20170830,16637,0.00001018
114,798,14,505104,20170906,20061,0.00001221
115,805,15,505104,20170913,18403,0.00001101
116,812,16,505104,20170920,20380,0.00001215
117,819,17,505104,20170927,17151,0.00001038
118,826,18,505104,20171004,13304,0.00000781
119,833,19,505104,20171011,13678,0.00000799
120,840,20,505104,20171018,12960,0.00000756
121,847,21,505104,20171025,16353,0.00000953
122,854,22,505104,20171101,13803,0.00000790
123,861,23,505104,20171108,14596,0.00000834
124,868,24,505104,20171115,13475,0.00000768
125,875,25,505104,20171122,14505,0.00000837
126,882,26,505104,20171129,11929,0.00000690
127,889,27,505104,20171206,16747,0.00000954
128,896,28,505104,20171213,13817,0.00000825
129,903,29,505104,20171220,14303,0.00000904
130,910,30,505104,20171227,26838,0.00001527
131,917,31,505104,20180103,18649,0.00000982
132,924,32,505104,20180110,13285,0.00000697
133,931,33,505104,20180117,13303,0.00000700
134,938,34,505104,20180124,22199,0.00001185
135,945,35,505104,20180131,12558,0.00000681
136,952,36,505104,20180207,12041,0.00000656
137,959,37,505104,20180214,14457,0.00000794
138,966,38,505104,20180221,15064,0.00000809
139,973,39,505104,20180228,15288,0.00000827
140,980,40,505104,20180307,13305,0.00000728
141,987,41,505104,20180314,11193,0.00000613
142,994,42,505104,20180321,10416,0.00000582
143,1001,43,505104,20180328,10720,0.00000603
144,1008,44,505104,20180404,12582,0.00000694
145,1015,45,505104,20180411,12040,0.00000663
146,1022,46,505104,20180418,10989,0.00000622
147,1029,47,505104,20180425,10519,0.00000599
148,1036,48,505104,20180502,23925,0.00001386
149,1043,49,505104,20180509,17632,0.00001010
150,1050,50,505104,20180516,14518,0.00000800
151,1057,51,505104,20180523,15632,0.00000902
152,1064,52,505104,20180530,12977,0.00000759
153,1071,53,505104,20180606,10846,0.00000626
154,1078,54,505104,20180613,11109,0.00000657
155,1085,55,505104,20180620,21368,0.00001270
156,1092,56,505104,20180627,16960,0.00001011
0,2,-101,2943775,20150703,1151,0.00000067
1,9,-100,2943775,20150710,1962,0.00000112
2,16,-99,2943775,20150717,1871,0.00000109
3,23,-98,2943775,20150724,1306,0.00000074
4,30,-97,2943775,20150731,1577,0.00000094
5,37,-96,2943775,20150807,2428,0.00000141
6,44,-95,2943775,20150814,1623,0.00000093
7,51,-94,2943775,20150821,2758,0.00000158
8,58,-93,2943775,20150828,2464,0.00000141
9,65,-92,2943775,20150904,975,0.00000053
10,72,-91,2943775,20150911,1684,0.00000093
11,79,-90,2943775,20150918,1585,0.00000091
12,86,-89,2943775,20150925,1901,0.00000110
13,93,-88,2943775,20151002,1468,0.00000085
14,100,-87,2943775,20151009,1160,0.00000066
15,107,-86,2943775,20151016,2131,0.00000121
16,114,-85,2943775,20151023,1750,0.00000099
17,121,-84,2943775,20151030,1008,0.00000057
18,128,-83,2943775,20151106,2645,0.00000150
19,135,-82,2943775,20151113,1161,0.00000066
20,142,-81,2943775,20151120,1138,0.00000066
21,149,-80,2943775,20151127,890,0.00000051
22,156,-79,2943775,20151204,1418,0.00000080
23,163,-78,2943775,20151211,1466,0.00000085
24,170,-77,2943775,20151218,1044,0.00000066
25,177,-76,2943775,20151225,1794,0.00000110
26,184,-75,2943775,20160101,2111,0.00000116
27,191,-74,2943775,20160108,5137,0.00000275
28,198,-73,2943775,20160115,5065,0.00000275
29,205,-72,2943775,20160122,2188,0.00000118
30,212,-71,2943775,20160129,3084,0.00000167
31,219,-70,2943775,20160205,2990,0.00000165
32,226,-69,2943775,20160212,1998,0.00000110
33,233,-68,2943775,20160219,922,0.00000050
34,240,-67,2943775,20160226,855,0.00000047
35,247,-66,2943775,20160304,1164,0.00000065
36,254,-65,2943775,20160311,1934,0.00000112
37,261,-64,2943775,20160318,1418,0.00000086
38,268,-63,2943775,20160325,842,0.00000049
39,275,-62,2943775,20160401,985,0.00000057
40,282,-61,2943775,20160408,1042,0.00000060
41,289,-60,2943775,20160415,2021,0.00000117
42,296,-59,2943775,20160422,1540,0.00000088
43,303,-58,2943775,20160429,1422,0.00000083
44,310,-57,2943775,20160506,1669,0.00000098
45,317,-56,2943775,20160513,1655,0.00000096
46,324,-55,2943775,20160520,1494,0.00000087
47,331,-54,2943775,20160527,908,0.00000054
48,338,-53,2943775,20160603,925,0.00000055
49,345,-52,2943775,20160610,904,0.00000053
50,352,-51,2943775,20160617,787,0.00000047
51,359,-50,2943775,20160624,896,0.00000053
52,366,-49,2943775,20160701,1232,0.00000073
53,373,-48,2943775,20160708,1753,0.00000105
54,380,-47,2943775,20160715,1618,0.00000096
55,387,-46,2943775,20160722,2246,0.00000114
56,394,-45,2943775,20160729,2035,0.00000106
57,401,-44,2943775,20160805,2261,0.00000117
58,408,-43,2943775,20160812,2706,0.00000144
59,415,-42,2943775,20160819,3288,0.00000187
60,422,-41,2943775,20160826,15667,0.00000887
61,429,-40,2943775,20160902,2307,0.00000132
62,436,-39,2943775,20160909,1986,0.00000112
63,443,-38,2943775,20160916,1608,0.00000090
64,450,-37,2943775,20160923,1868,0.00000107
65,457,-36,2943775,20160930,1669,0.00000094
66,464,-35,2943775,20161007,1229,0.00000069
67,471,-34,2943775,20161014,1512,0.00000084
68,478,-33,2943775,20161021,2010,0.00000113
69,485,-32,2943775,20161028,1625,0.00000092
70,492,-31,2943775,20161104,1408,0.00000075
71,499,-30,2943775,20161111,1344,0.00000071
72,506,-29,2943775,20161118,1821,0.00000100
73,513,-28,2943775,20161125,1786,0.00000096
74,520,-27,2943775,20161202,2154,0.00000115
75,527,-26,2943775,20161209,1652,0.00000092
76,534,-25,2943775,20161216,1621,0.00000092
77,541,-24,2943775,20161223,2352,0.00000131
78,548,-23,2943775,20161230,2343,0.00000124
79,555,-22,2943775,20170106,2298,0.00000117
80,562,-21,2943775,20170113,3271,0.00000165
81,569,-20,2943775,20170120,2515,0.00000126
82,576,-19,2943775,20170127,3463,0.00000176
83,583,-18,2943775,20170203,8809,0.00000451
84,590,-17,2943775,20170210,3112,0.00000162
85,597,-16,2943775,20170217,1843,0.00000096
86,604,-15,2943775,20170224,1962,0.00000101
87,611,-14,2943775,20170303,1512,0.00000080
88,618,-13,2943775,20170310,1448,0.00000078
89,625,-12,2943775,20170317,1185,0.00000063
90,632,-11,2943775,20170324,1148,0.00000064
91,639,-10,2943775,20170331,1183,0.00000067
92,646,-9,2943775,20170407,1276,0.00000073
93,653,-8,2943775,20170414,1984,0.00000110
94,660,-7,2943775,20170421,2792,0.00000155
95,667,-6,2943775,20170428,1623,0.00000091
96,674,-5,2943775,20170505,1723,0.00000097
97,681,-4,2943775,20170512,1552,0.00000088
98,688,-3,2943775,20170519,1204,0.00000068
99,695,-2,2943775,20170526,1360,0.00000078
100,702,-1,2943775,20170602,604386,0.00035336
101,709,0,2943775,20170609,61112,0.00003625
102,716,1,2943775,20170616,28131,0.00001703
103,723,2,2943775,20170623,8918,0.00000553
104,730,3,2943775,20170630,8239,0.00000512
105,737,4,2943775,20170707,6835,0.00000412
106,744,5,2943775,20170714,5853,0.00000355
107,751,6,2943775,20170721,4763,0.00000285
108,758,7,2943775,20170728,4425,0.00000273
109,765,8,2943775,20170804,5870,0.00000362
110,772,9,2943775,20170811,7696,0.00000475
111,779,10,2943775,20170818,4607,0.00000282
112,786,11,2943775,20170825,4667,0.00000289
113,793,12,2943775,20170901,4501,0.00000273
114,800,13,2943775,20170908,6334,0.00000387
115,807,14,2943775,20170915,3633,0.00000215
116,814,15,2943775,20170922,4029,0.00000241
117,821,16,2943775,20170929,4624,0.00000280
118,828,17,2943775,20171006,3352,0.00000196
119,835,18,2943775,20171013,3825,0.00000225
120,842,19,2943775,20171020,4814,0.00000278
121,849,20,2943775,20171027,3855,0.00000224
122,856,21,2943775,20171103,4138,0.00000236
123,863,22,2943775,20171110,4068,0.00000232
124,870,23,2943775,20171117,3393,0.00000196
125,877,24,2943775,20171124,4276,0.00000244
126,884,25,2943775,20171201,3587,0.00000207
127,891,26,2943775,20171208,2938,0.00000169
128,898,27,2943775,20171215,19820,0.00001205
129,905,28,2943775,20171222,5688,0.00000351
130,912,29,2943775,20171229,8781,0.00000491
131,919,30,2943775,20180105,3986,0.00000210
132,926,31,2943775,20180112,3816,0.00000197
133,933,32,2943775,20180119,5202,0.00000278
134,940,33,2943775,20180126,4069,0.00000218
135,947,34,2943775,20180202,13729,0.00000743
136,954,35,2943775,20180209,5261,0.00000289
137,961,36,2943775,20180216,4204,0.00000229
138,968,37,2943775,20180223,3451,0.00000186
139,975,38,2943775,20180302,10784,0.00000583
140,982,39,2943775,20180309,4284,0.00000233
141,989,40,2943775,20180316,3569,0.00000197
142,996,41,2943775,20180323,3327,0.00000188
143,1003,42,2943775,20180330,3154,0.00000176
144,1010,43,2943775,20180406,3399,0.00000186
145,1017,44,2943775,20180413,10312,0.00000573
146,1024,45,2943775,20180420,3083,0.00000174
147,1031,46,2943775,20180427,2352,0.00000136
148,1038,47,2943775,20180504,2420,0.00000140
149,1045,48,2943775,20180511,2545,0.00000145
150,1052,49,2943775,20180518,2365,0.00000131
151,1059,50,2943775,20180525,2648,0.00000153
152,1066,51,2943775,20180601,16692,0.00000977
153,1073,52,2943775,20180608,3244,0.00000188
154,1080,53,2943775,20180615,5017,0.00000298
155,1087,54,2943775,20180622,4864,0.00000289
1,6,-100,278513,20150707,17005,0.00000974
2,13,-99,278513,20150714,18890,0.00001094
3,20,-98,278513,20150721,32590,0.00001877
4,27,-97,278513,20150728,26267,0.00001543
5,34,-96,278513,20150804,17353,0.00001009
6,41,-95,278513,20150811,21309,0.00001230
7,48,-94,278513,20150818,49746,0.00002849
8,55,-93,278513,20150825,22667,0.00001301
9,62,-92,278513,20150901,17155,0.00000954
10,69,-91,278513,20150908,16193,0.00000870
11,76,-90,278513,20150915,18161,0.00001035
12,83,-89,278513,20150922,14044,0.00000810
13,90,-88,278513,20150929,16388,0.00000960
14,97,-87,278513,20151006,15489,0.00000882
15,104,-86,278513,20151013,15941,0.00000904
16,111,-85,278513,20151020,16366,0.00000919
17,118,-84,278513,20151027,17383,0.00000989
18,125,-83,278513,20151103,18010,0.00001016
19,132,-82,278513,20151110,15351,0.00000878
20,139,-81,278513,20151117,16136,0.00000918
21,146,-80,278513,20151124,32421,0.00001871
22,153,-79,278513,20151201,15875,0.00000902
23,160,-78,278513,20151208,14553,0.00000820
24,167,-77,278513,20151215,17305,0.00001049
25,174,-76,278513,20151222,15886,0.00001009
26,181,-75,278513,20151229,16715,0.00000957
27,188,-74,278513,20160105,16603,0.00000898
28,195,-73,278513,20160112,16864,0.00000916
29,202,-72,278513,20160119,15393,0.00000826
30,209,-71,278513,20160126,16689,0.00000901
31,216,-70,278513,20160202,25675,0.00001398
32,223,-69,278513,20160209,15449,0.00000859
33,230,-68,278513,20160216,19869,0.00001077
34,237,-67,278513,20160223,87537,0.00004800
35,244,-66,278513,20160301,30656,0.00001686
36,251,-65,278513,20160308,24797,0.00001422
37,258,-64,278513,20160315,20552,0.00001213
38,265,-63,278513,20160322,28827,0.00001722
39,272,-62,278513,20160329,25604,0.00001497
40,279,-61,278513,20160405,20060,0.00001148
41,286,-60,278513,20160412,15328,0.00000892
42,293,-59,278513,20160419,16305,0.00000927
43,300,-58,278513,20160426,27135,0.00001578
44,307,-57,278513,20160503,16771,0.00000982
45,314,-56,278513,20160510,14340,0.00000836
46,321,-55,278513,20160517,15260,0.00000879
47,328,-54,278513,20160524,13095,0.00000783
48,335,-53,278513,20160531,13605,0.00000797
49,342,-52,278513,20160607,12523,0.00000741
50,349,-51,278513,20160614,11935,0.00000707
51,356,-50,278513,20160621,19497,0.00001161
52,363,-49,278513,20160628,13719,0.00000814
53,370,-48,278513,20160705,15015,0.00000887
54,377,-47,278513,20160712,13852,0.00000841
55,384,-46,278513,20160719,15258,0.00000817
56,391,-45,278513,20160726,13921,0.00000708
57,398,-44,278513,20160802,15169,0.00000795
58,405,-43,278513,20160809,14248,0.00000724
59,412,-42,278513,20160816,26187,0.00001487
60,419,-41,278513,20160823,21769,0.00001237
61,426,-40,278513,20160830,15614,0.00000892
62,433,-39,278513,20160906,17958,0.00001022
63,440,-38,278513,20160913,24197,0.00001364
64,447,-37,278513,20160920,23570,0.00001330
65,454,-36,278513,20160927,15017,0.00000861
66,461,-35,278513,20161004,17093,0.00000962
67,468,-34,278513,20161011,20282,0.00001125
68,475,-33,278513,20161018,16312,0.00000909
69,482,-32,278513,20161025,16189,0.00000925
70,489,-31,278513,20161101,16347,0.00000886
71,496,-30,278513,20161108,14641,0.00000766
72,503,-29,278513,20161115,13953,0.00000749
73,510,-28,278513,20161122,14940,0.00000823
74,517,-27,278513,20161129,14516,0.00000781
75,524,-26,278513,20161206,20920,0.00001132
76,531,-25,278513,20161213,15003,0.00000847
77,538,-24,278513,20161220,17919,0.00001037
78,545,-23,278513,20161227,19213,0.00001024
79,552,-22,278513,20170103,19358,0.00000980
80,559,-21,278513,20170110,64522,0.00003276
81,566,-20,278513,20170117,22091,0.00001112
82,573,-19,278513,20170124,19471,0.00000979
83,580,-18,278513,20170131,16674,0.00000857
84,587,-17,278513,20170207,18802,0.00000965
85,594,-16,278513,20170214,17825,0.00000937
86,601,-15,278513,20170221,19917,0.00001025
87,608,-14,278513,20170228,16035,0.00000845
88,615,-13,278513,20170307,16640,0.00000884
89,622,-12,278513,20170314,17660,0.00000940
90,629,-11,278513,20170321,15713,0.00000861
91,636,-10,278513,20170328,16665,0.00000938
92,643,-9,278513,20170404,15419,0.00000874
93,650,-8,278513,20170411,14921,0.00000849
94,657,-7,278513,20170418,15107,0.00000833
95,664,-6,278513,20170425,16535,0.00000930
96,671,-5,278513,20170502,16281,0.00000909
97,678,-4,278513,20170509,13400,0.00000762
98,685,-3,278513,20170516,16821,0.00000938
99,692,-2,278513,20170523,16796,0.00000982
100,699,-1,278513,20170530,15290,0.00000874
101,706,0,278513,20170606,1293893,0.00075530
102,713,1,278513,20170613,363280,0.00021979
103,720,2,278513,20170620,64648,0.00003957
104,727,3,278513,20170627,40757,0.00002545
105,734,4,278513,20170704,31691,0.00001925
106,741,5,278513,20170711,30055,0.00001813
107,748,6,278513,20170718,42869,0.00002569
108,755,7,278513,20170725,35552,0.00002172
109,762,8,278513,20170801,29299,0.00001816
110,769,9,278513,20170808,28457,0.00001749
111,776,10,278513,20170815,29995,0.00001835
112,783,11,278513,20170822,18708,0.00001154
113,790,12,278513,20170829,18541,0.00001143
114,797,13,278513,20170905,20123,0.00001216
115,804,14,278513,20170912,23524,0.00001417
116,811,15,278513,20170919,26913,0.00001603
117,818,16,278513,20170926,18884,0.00001146
118,825,17,278513,20171003,20071,0.00001182
119,832,18,278513,20171010,19572,0.00001140
120,839,19,278513,20171017,18715,0.00001096
121,846,20,278513,20171024,20079,0.00001162
122,853,21,278513,20171031,20666,0.00001191
123,860,22,278513,20171107,31116,0.00001778
124,867,23,278513,20171114,22282,0.00001269
125,874,24,278513,20171121,19094,0.00001105
126,881,25,278513,20171128,16983,0.00000982
127,888,26,278513,20171205,23567,0.00001337
128,895,27,278513,20171212,18286,0.00001083
129,902,28,278513,20171219,24802,0.00001570
130,909,29,278513,20171226,30809,0.00001784
131,916,30,278513,20180102,22599,0.00001189
132,923,31,278513,20180109,30162,0.00001588
133,930,32,278513,20180116,18528,0.00000973
134,937,33,278513,20180123,17271,0.00000920
135,944,34,278513,20180130,15104,0.00000819
136,951,35,278513,20180206,14888,0.00000808
137,958,36,278513,20180213,15834,0.00000872
138,965,37,278513,20180220,18751,0.00001009
139,972,38,278513,20180227,22997,0.00001242
140,979,39,278513,20180306,20053,0.00001097
141,986,40,278513,20180313,15995,0.00000872
142,993,41,278513,20180320,13925,0.00000778
143,1000,42,278513,20180327,13981,0.00000789
144,1007,43,278513,20180403,15435,0.00000849
145,1014,44,278513,20180410,16448,0.00000905
146,1021,45,278513,20180417,14696,0.00000833
147,1028,46,278513,20180424,14961,0.00000848
148,1035,47,278513,20180501,17559,0.00001019
149,1042,48,278513,20180508,15720,0.00000901
150,1049,49,278513,20180515,14858,0.00000822
151,1056,50,278513,20180522,15212,0.00000878
152,1063,51,278513,20180529,15739,0.00000915
153,1070,52,278513,20180605,17205,0.00000992
154,1077,53,278513,20180612,14536,0.00000861
155,1084,54,278513,20180619,16449,0.00000972
156,1091,55,278513,20180626,18312,0.00001093
0,3,-103,2017883,20150704,3781,0.00000218
1,10,-102,2017883,20150711,3875,0.00000223
2,17,-101,2017883,20150718,4007,0.00000232
3,24,-100,2017883,20150725,4512,0.00000258
4,31,-99,2017883,20150801,4498,0.00000267
5,38,-98,2017883,20150808,4739,0.00000276
6,45,-97,2017883,20150815,4566,0.00000262
7,52,-96,2017883,20150822,4688,0.00000269
8,59,-95,2017883,20150829,4396,0.00000250
9,66,-94,2017883,20150905,4463,0.00000240
10,73,-93,2017883,20150912,4203,0.00000234
11,80,-92,2017883,20150919,4115,0.00000235
12,87,-91,2017883,20150926,3983,0.00000232
13,94,-90,2017883,20151003,4076,0.00000234
14,101,-89,2017883,20151010,4527,0.00000257
15,108,-88,2017883,20151017,4435,0.00000250
16,115,-87,2017883,20151024,4388,0.00000249
17,122,-86,2017883,20151031,4818,0.00000274
18,129,-85,2017883,20151107,4424,0.00000252
19,136,-84,2017883,20151114,3817,0.00000217
20,143,-83,2017883,20151121,3931,0.00000229
21,150,-82,2017883,20151128,4331,0.00000245
22,157,-81,2017883,20151205,4476,0.00000252
23,164,-80,2017883,20151212,4051,0.00000236
24,171,-79,2017883,20151219,3798,0.00000245
25,178,-78,2017883,20151226,3566,0.00000215
26,185,-77,2017883,20160102,4092,0.00000223
27,192,-76,2017883,20160109,3894,0.00000209
28,199,-75,2017883,20160116,3858,0.00000209
29,206,-74,2017883,20160123,3962,0.00000213
30,213,-73,2017883,20160130,4325,0.00000233
31,220,-72,2017883,20160206,4034,0.00000223
32,227,-71,2017883,20160213,4922,0.00000269
33,234,-70,2017883,20160220,4297,0.00000235
34,241,-69,2017883,20160227,4065,0.00000222
35,248,-68,2017883,20160305,3881,0.00000218
36,255,-67,2017883,20160312,4135,0.00000241
37,262,-66,2017883,20160319,5066,0.00000306
38,269,-65,2017883,20160326,4302,0.00000252
39,276,-64,2017883,20160402,4537,0.00000261
40,283,-63,2017883,20160409,4312,0.00000248
41,290,-62,2017883,20160416,4263,0.00000246
42,297,-61,2017883,20160423,5488,0.00000315
43,304,-60,2017883,20160430,4538,0.00000266
44,311,-59,2017883,20160507,4006,0.00000234
45,318,-58,2017883,20160514,4405,0.00000255
46,325,-57,2017883,20160521,4238,0.00000248
47,332,-56,2017883,20160528,3761,0.00000223
48,339,-55,2017883,20160604,3461,0.00000205
49,346,-54,2017883,20160611,3595,0.00000211
50,353,-53,2017883,20160618,3149,0.00000188
51,360,-52,2017883,20160625,3322,0.00000196
52,367,-51,2017883,20160702,3552,0.00000212
53,374,-50,2017883,20160709,3256,0.00000195
54,381,-49,2017883,20160716,3755,0.00000217
55,388,-48,2017883,20160723,3765,0.00000192
56,395,-47,2017883,20160730,3801,0.00000198
57,402,-46,2017883,20160806,3912,0.00000200
58,409,-45,2017883,20160813,3988,0.00000216
59,416,-44,2017883,20160820,3825,0.00000217
60,423,-43,2017883,20160827,3832,0.00000217
61,430,-42,2017883,20160903,3606,0.00000207
62,437,-41,2017883,20160910,3684,0.00000208
63,444,-40,2017883,20160917,3672,0.00000206
64,451,-39,2017883,20160924,3912,0.00000225
65,458,-38,2017883,20161001,4437,0.00000250
66,465,-37,2017883,20161008,7819,0.00000440
67,472,-36,2017883,20161015,17368,0.00000961
68,479,-35,2017883,20161022,9448,0.00000534
69,486,-34,2017883,20161029,6315,0.00000352
70,493,-33,2017883,20161105,4695,0.00000250
71,500,-32,2017883,20161112,5445,0.00000286
72,507,-31,2017883,20161119,5195,0.00000289
73,514,-30,2017883,20161126,4848,0.00000260
74,521,-29,2017883,20161203,5209,0.00000279
75,528,-28,2017883,20161210,4762,0.00000267
76,535,-27,2017883,20161217,4823,0.00000274
77,542,-26,2017883,20161224,4224,0.00000232
78,549,-25,2017883,20161231,4504,0.00000237
79,556,-24,2017883,20170107,6043,0.00000307
80,563,-23,2017883,20170114,7222,0.00000363
81,570,-22,2017883,20170121,7608,0.00000383
82,577,-21,2017883,20170128,6253,0.00000318
83,584,-20,2017883,20170204,5796,0.00000297
84,591,-19,2017883,20170211,5186,0.00000271
85,598,-18,2017883,20170218,5160,0.00000269
86,605,-17,2017883,20170225,5522,0.00000285
87,612,-16,2017883,20170304,4821,0.00000255
88,619,-15,2017883,20170311,4759,0.00000254
89,626,-14,2017883,20170318,5516,0.00000294
90,633,-13,2017883,20170325,5367,0.00000300
91,640,-12,2017883,20170401,4991,0.00000282
92,647,-11,2017883,20170408,4905,0.00000281
93,654,-10,2017883,20170415,4921,0.00000273
94,661,-9,2017883,20170422,5088,0.00000284
95,668,-8,2017883,20170429,4930,0.00000276
96,675,-7,2017883,20170506,4900,0.00000276
97,682,-6,2017883,20170513,4469,0.00000253
98,689,-5,2017883,20170520,4055,0.00000230
99,696,-4,2017883,20170527,3920,0.00000225
100,703,-3,2017883,20170603,3775,0.00000220
101,710,-2,2017883,20170610,4083,0.00000244
102,717,-1,2017883,20170617,626884,0.00037995
103,724,0,2017883,20170624,218600,0.00013608
104,731,1,2017883,20170701,80043,0.00004953
105,738,2,2017883,20170708,65028,0.00003918
106,745,3,2017883,20170715,38340,0.00002314
107,752,4,2017883,20170722,27089,0.00001627
108,759,5,2017883,20170729,29935,0.00001849
109,766,6,2017883,20170805,23862,0.00001468
110,773,7,2017883,20170812,18977,0.00001169
111,780,8,2017883,20170819,17334,0.00001063
112,787,9,2017883,20170826,14394,0.00000894
113,794,10,2017883,20170902,13013,0.00000785
114,801,11,2017883,20170909,12515,0.00000764
115,808,12,2017883,20170916,20706,0.00001227
116,815,13,2017883,20170923,12720,0.00000764
117,822,14,2017883,20170930,11300,0.00000680
118,829,15,2017883,20171007,11771,0.00000685
119,836,16,2017883,20171014,11996,0.00000706
120,843,17,2017883,20171021,11333,0.00000656
121,850,18,2017883,20171028,18086,0.00001049
122,857,19,2017883,20171104,12985,0.00000743
123,864,20,2017883,20171111,13559,0.00000773
124,871,21,2017883,20171118,10783,0.00000627
125,878,22,2017883,20171125,10815,0.00000614
126,885,23,2017883,20171202,11979,0.00000687
127,892,24,2017883,20171209,12791,0.00000742
128,899,25,2017883,20171216,12667,0.00000777
129,906,26,2017883,20171223,16520,0.00000999
130,913,27,2017883,20171230,15293,0.00000848
131,920,28,2017883,20180106,11734,0.00000618
132,927,29,2017883,20180113,11911,0.00000615
133,934,30,2017883,20180120,11382,0.00000608
134,941,31,2017883,20180127,22878,0.00001234
135,948,32,2017883,20180203,11794,0.00000638
136,955,33,2017883,20180210,10920,0.00000601
137,962,34,2017883,20180217,11579,0.00000628
138,969,35,2017883,20180224,11604,0.00000627
139,976,36,2017883,20180303,11694,0.00000632
140,983,37,2017883,20180310,12972,0.00000705
141,990,38,2017883,20180317,11275,0.00000624
142,997,39,2017883,20180324,11637,0.00000658
143,1004,40,2017883,20180331,11222,0.00000626
144,1011,41,2017883,20180407,11053,0.00000607
145,1018,42,2017883,20180414,11907,0.00000664
146,1025,43,2017883,20180421,12845,0.00000722
147,1032,44,2017883,20180428,11054,0.00000640
148,1039,45,2017883,20180505,10483,0.00000605
149,1046,46,2017883,20180512,10013,0.00000571
150,1053,47,2017883,20180519,9954,0.00000554
151,1060,48,2017883,20180526,11188,0.00000647
152,1067,49,2017883,20180602,10050,0.00000584
153,1074,50,2017883,20180609,9226,0.00000540
154,1081,51,2017883,20180616,24462,0.00001449
155,1088,52,2017883,20180623,12465,0.00000743
0,0,-106,20128239,20150701,6168,0.00000361
1,7,-105,20128239,20150708,6138,0.00000351
2,14,-104,20128239,20150715,6100,0.00000355
3,21,-103,20128239,20150722,6110,0.00000351
4,28,-102,20128239,20150729,5933,0.00000350
5,35,-101,20128239,20150805,6691,0.00000388
6,42,-100,20128239,20150812,6302,0.00000363
7,49,-99,20128239,20150819,6851,0.00000392
8,56,-98,20128239,20150826,6943,0.00000400
9,63,-97,20128239,20150902,6576,0.00000358
10,70,-96,20128239,20150909,5386,0.00000293
11,77,-95,20128239,20150916,4750,0.00000273
12,84,-94,20128239,20150923,4195,0.00000242
13,91,-93,20128239,20150930,4208,0.00000246
14,98,-92,20128239,20151007,4231,0.00000241
15,105,-91,20128239,20151014,4206,0.00000238
16,112,-90,20128239,20151021,3904,0.00000220
17,119,-89,20128239,20151028,4304,0.00000246
18,126,-88,20128239,20151104,3691,0.00000208
19,133,-87,20128239,20151111,4170,0.00000238
20,140,-86,20128239,20151118,4601,0.00000263
21,147,-85,20128239,20151125,4250,0.00000245
22,154,-84,20128239,20151202,4327,0.00000245
23,161,-83,20128239,20151209,4366,0.00000248
24,168,-82,20128239,20151216,3765,0.00000231
25,175,-81,20128239,20151223,4018,0.00000253
26,182,-80,20128239,20151230,4589,0.00000260
27,189,-79,20128239,20160106,4152,0.00000223
28,196,-78,20128239,20160113,4214,0.00000229
29,203,-77,20128239,20160120,4306,0.00000232
30,210,-76,20128239,20160127,4228,0.00000228
31,217,-75,20128239,20160203,3650,0.00000199
32,224,-74,20128239,20160210,3609,0.00000199
33,231,-73,20128239,20160217,3827,0.00000209
34,238,-72,20128239,20160224,4008,0.00000220
35,245,-71,20128239,20160302,3892,0.00000215
36,252,-70,20128239,20160309,4241,0.00000244
37,259,-69,20128239,20160316,3288,0.00000195
38,266,-68,20128239,20160323,3943,0.00000233
39,273,-67,20128239,20160330,3085,0.00000180
40,280,-66,20128239,20160406,6120,0.00000350
41,287,-65,20128239,20160413,5685,0.00000331
42,294,-64,20128239,20160420,3574,0.00000203
43,301,-63,20128239,20160427,3538,0.00000206
44,308,-62,20128239,20160504,3976,0.00000233
45,315,-61,20128239,20160511,4424,0.00000258
46,322,-60,20128239,20160518,5198,0.00000300
47,329,-59,20128239,20160525,4663,0.00000278
48,336,-58,20128239,20160601,4754,0.00000280
49,343,-57,20128239,20160608,5765,0.00000340
50,350,-56,20128239,20160615,7931,0.00000473
51,357,-55,20128239,20160622,4813,0.00000286
52,364,-54,20128239,20160629,5562,0.00000330
53,371,-53,20128239,20160706,5542,0.00000329
54,378,-52,20128239,20160713,5348,0.00000325
55,385,-51,20128239,20160720,5263,0.00000275
56,392,-50,20128239,20160727,5568,0.00000284
57,399,-49,20128239,20160803,5803,0.00000304
58,406,-48,20128239,20160810,5035,0.00000257
59,413,-47,20128239,20160817,4751,0.00000273
60,420,-46,20128239,20160824,4790,0.00000271
61,427,-45,20128239,20160831,4453,0.00000255
62,434,-44,20128239,20160907,5609,0.00000318
63,441,-43,20128239,20160914,5117,0.00000289
64,448,-42,20128239,20160921,4326,0.00000245
65,455,-41,20128239,20160928,7033,0.00000401
66,462,-40,20128239,20161005,5641,0.00000318
67,469,-39,20128239,20161012,6017,0.00000332
68,476,-38,20128239,20161019,4844,0.00000271
69,483,-37,20128239,20161026,4765,0.00000273
70,490,-36,20128239,20161102,5345,0.00000288
71,497,-35,20128239,20161109,4557,0.00000238
72,504,-34,20128239,20161116,4999,0.00000269
73,511,-33,20128239,20161123,5313,0.00000291
74,518,-32,20128239,20161130,5646,0.00000304
75,525,-31,20128239,20161207,5436,0.00000296
76,532,-30,20128239,20161214,6001,0.00000339
77,539,-29,20128239,20161221,6365,0.00000366
78,546,-28,20128239,20161228,5412,0.00000286
79,553,-27,20128239,20170104,6496,0.00000330
80,560,-26,20128239,20170111,6980,0.00000353
81,567,-25,20128239,20170118,5367,0.00000271
82,574,-24,20128239,20170125,5209,0.00000262
83,581,-23,20128239,20170201,4524,0.00000232
84,588,-22,20128239,20170208,4618,0.00000239
85,595,-21,20128239,20170215,5697,0.00000298
86,602,-20,20128239,20170222,4827,0.00000248
87,609,-19,20128239,20170301,4789,0.00000253
88,616,-18,20128239,20170308,4669,0.00000248
89,623,-17,20128239,20170315,4884,0.00000259
90,630,-16,20128239,20170322,4602,0.00000255
91,637,-15,20128239,20170329,4041,0.00000228
92,644,-14,20128239,20170405,3998,0.00000228
93,651,-13,20128239,20170412,4445,0.00000250
94,658,-12,20128239,20170419,5309,0.00000293
95,665,-11,20128239,20170426,7625,0.00000428
96,672,-10,20128239,20170503,4928,0.00000275
97,679,-9,20128239,20170510,4777,0.00000273
98,686,-8,20128239,20170517,4225,0.00000234
99,693,-7,20128239,20170524,4472,0.00000263
100,700,-6,20128239,20170531,4269,0.00000245
101,707,-5,20128239,20170607,4779,0.00000280
102,714,-4,20128239,20170614,5835,0.00000355
103,721,-3,20128239,20170621,7043,0.00000433
104,728,-2,20128239,20170628,7210,0.00000449
105,735,-1,20128239,20170705,828430,0.00050141
106,742,0,20128239,20170712,93917,0.00005680
107,749,1,20128239,20170719,39380,0.00002352
108,756,2,20128239,20170726,24196,0.00001486
109,763,3,20128239,20170802,23117,0.00001431
110,770,4,20128239,20170809,14333,0.00000882
111,777,5,20128239,20170816,12442,0.00000760
112,784,6,20128239,20170823,12675,0.00000783
113,791,7,20128239,20170830,15647,0.00000957
114,798,8,20128239,20170906,19823,0.00001207
115,805,9,20128239,20170913,42619,0.00002550
116,812,10,20128239,20170920,26046,0.00001553
117,819,11,20128239,20170927,14874,0.00000900
118,826,12,20128239,20171004,16376,0.00000961
119,833,13,20128239,20171011,12260,0.00000716
120,840,14,20128239,20171018,10721,0.00000625
121,847,15,20128239,20171025,10101,0.00000588
122,854,16,20128239,20171101,9618,0.00000551
123,861,17,20128239,20171108,11077,0.00000633
124,868,18,20128239,20171115,10576,0.00000603
125,875,19,20128239,20171122,10335,0.00000596
126,882,20,20128239,20171129,8893,0.00000515
127,889,21,20128239,20171206,9825,0.00000560
128,896,22,20128239,20171213,13175,0.00000786
129,903,23,20128239,20171220,12270,0.00000776
130,910,24,20128239,20171227,23210,0.00001321
131,917,25,20128239,20180103,14357,0.00000756
132,924,26,20128239,20180110,15368,0.00000806
133,931,27,20128239,20180117,22069,0.00001161
134,938,28,20128239,20180124,12550,0.00000670
135,945,29,20128239,20180131,8176,0.00000443
136,952,30,20128239,20180207,9650,0.00000526
137,959,31,20128239,20180214,8572,0.00000471
138,966,32,20128239,20180221,8993,0.00000483
139,973,33,20128239,20180228,32168,0.00001740
140,980,34,20128239,20180307,32604,0.00001783
141,987,35,20128239,20180314,20010,0.00001096
142,994,36,20128239,20180321,30966,0.00001731
143,1001,37,20128239,20180328,24072,0.00001354
144,1008,38,20128239,20180404,22351,0.00001232
145,1015,39,20128239,20180411,16536,0.00000910
146,1022,40,20128239,20180418,14029,0.00000795
147,1029,41,20128239,20180425,47693,0.00002717
148,1036,42,20128239,20180502,50928,0.00002951
149,1043,43,20128239,20180509,21306,0.00001221
150,1050,44,20128239,20180516,26201,0.00001445
151,1057,45,20128239,20180523,25074,0.00001447
152,1064,46,20128239,20180530,18949,0.00001109
153,1071,47,20128239,20180606,16229,0.00000937
154,1078,48,20128239,20180613,14650,0.00000866
155,1085,49,20128239,20180620,18137,0.00001078
156,1092,50,20128239,20180627,13482,0.00000804
0,0,-107,261053,20150701,9884,0.00000579
1,7,-106,261053,20150708,11056,0.00000632
2,14,-105,261053,20150715,9649,0.00000561
3,21,-104,261053,20150722,10668,0.00000612
4,28,-103,261053,20150729,11988,0.00000708
5,35,-102,261053,20150805,10251,0.00000595
6,42,-101,261053,20150812,11527,0.00000664
7,49,-100,261053,20150819,11262,0.00000644
8,56,-99,261053,20150826,9892,0.00000570
9,63,-98,261053,20150902,10084,0.00000549
10,70,-97,261053,20150909,9523,0.00000518
11,77,-96,261053,20150916,8848,0.00000508
12,84,-95,261053,20150923,9334,0.00000539
13,91,-94,261053,20150930,8894,0.00000519
14,98,-93,261053,20151007,9880,0.00000562
15,105,-92,261053,20151014,9152,0.00000518
16,112,-91,261053,20151021,11071,0.00000623
17,119,-90,261053,20151028,10360,0.00000591
18,126,-89,261053,20151104,8489,0.00000478
19,133,-88,261053,20151111,8517,0.00000487
20,140,-87,261053,20151118,8116,0.00000463
21,147,-86,261053,20151125,16991,0.00000979
22,154,-85,261053,20151202,10030,0.00000568
23,161,-84,261053,20151209,8610,0.00000488
24,168,-83,261053,20151216,8464,0.00000519
25,175,-82,261053,20151223,10405,0.00000655
26,182,-81,261053,20151230,14033,0.00000797
27,189,-80,261053,20160106,11201,0.00000603
28,196,-79,261053,20160113,10329,0.00000560
29,203,-78,261053,20160120,12758,0.00000686
30,210,-77,261053,20160127,13244,0.00000715
31,217,-76,261053,20160203,10761,0.00000588
32,224,-75,261053,20160210,9369,0.00000516
33,231,-74,261053,20160217,11165,0.00000609
34,238,-73,261053,20160224,10326,0.00000567
35,245,-72,261053,20160302,10050,0.00000555
36,252,-71,261053,20160309,10590,0.00000610
37,259,-70,261053,20160316,9159,0.00000544
38,266,-69,261053,20160323,10310,0.00000610
39,273,-68,261053,20160330,9211,0.00000539
40,280,-67,261053,20160406,8531,0.00000488
41,287,-66,261053,20160413,8239,0.00000480
42,294,-65,261053,20160420,9102,0.00000517
43,301,-64,261053,20160427,8371,0.00000487
44,308,-63,261053,20160504,11355,0.00000664
45,315,-62,261053,20160511,9852,0.00000575
46,322,-61,261053,20160518,8977,0.00000518
47,329,-60,261053,20160525,8767,0.00000523
48,336,-59,261053,20160601,10029,0.00000590
49,343,-58,261053,20160608,8278,0.00000488
50,350,-57,261053,20160615,13536,0.00000807
51,357,-56,261053,20160622,10394,0.00000617
52,364,-55,261053,20160629,10284,0.00000610
53,371,-54,261053,20160706,9531,0.00000566
54,378,-53,261053,20160713,8938,0.00000542
55,385,-52,261053,20160720,8904,0.00000465
56,392,-51,261053,20160727,8916,0.00000455
57,399,-50,261053,20160803,9247,0.00000485
58,406,-49,261053,20160810,9241,0.00000471
59,413,-48,261053,20160817,10258,0.00000589
60,420,-47,261053,20160824,11809,0.00000669
61,427,-46,261053,20160831,9469,0.00000543
62,434,-45,261053,20160907,17303,0.00000982
63,441,-44,261053,20160914,10195,0.00000576
64,448,-43,261053,20160921,9042,0.00000512
65,455,-42,261053,20160928,11241,0.00000641
66,462,-41,261053,20161005,11088,0.00000625
67,469,-40,261053,20161012,10303,0.00000569
68,476,-39,261053,20161019,12686,0.00000709
69,483,-38,261053,20161026,13281,0.00000761
70,490,-37,261053,20161102,8923,0.00000480
71,497,-36,261053,20161109,7909,0.00000413
72,504,-35,261053,20161116,9283,0.00000500
73,511,-34,261053,20161123,9874,0.00000541
74,518,-33,261053,20161130,9890,0.00000533
75,525,-32,261053,20161207,10375,0.00000566
76,532,-31,261053,20161214,8701,0.00000491
77,539,-30,261053,20161221,11929,0.00000686
78,546,-29,261053,20161228,17328,0.00000917
79,553,-28,261053,20170104,11063,0.00000561
80,560,-27,261053,20170111,19569,0.00000989
81,567,-26,261053,20170118,15575,0.00000786
82,574,-25,261053,20170125,16117,0.00000811
83,581,-24,261053,20170201,12841,0.00000660
84,588,-23,261053,20170208,11234,0.00000581
85,595,-22,261053,20170215,11800,0.00000616
86,602,-21,261053,20170222,11227,0.00000578
87,609,-20,261053,20170301,11697,0.00000618
88,616,-19,261053,20170308,12385,0.00000659
89,623,-18,261053,20170315,9804,0.00000520
90,630,-17,261053,20170322,10560,0.00000585
91,637,-16,261053,20170329,10432,0.00000587
92,644,-15,261053,20170405,9869,0.00000564
93,651,-14,261053,20170412,9741,0.00000549
94,658,-13,261053,20170419,8851,0.00000489
95,665,-12,261053,20170426,10833,0.00000608
96,672,-11,261053,20170503,8829,0.00000494
97,679,-10,261053,20170510,9756,0.00000557
98,686,-9,261053,20170517,13133,0.00000728
99,693,-8,261053,20170524,9141,0.00000537
100,700,-7,261053,20170531,8400,0.00000481
101,707,-6,261053,20170607,9246,0.00000541
102,714,-5,261053,20170614,12574,0.00000764
103,721,-4,261053,20170621,10246,0.00000631
104,728,-3,261053,20170628,9323,0.00000581
105,735,-2,261053,20170705,10207,0.00000618
106,742,-1,261053,20170712,585821,0.00035431
107,749,0,261053,20170719,160868,0.00009606
108,756,1,261053,20170726,26929,0.00001653
109,763,2,261053,20170802,17524,0.00001085
110,770,3,261053,20170809,11952,0.00000735
111,777,4,261053,20170816,10744,0.00000656
112,784,5,261053,20170823,10525,0.00000650
113,791,6,261053,20170830,9441,0.00000578
114,798,7,261053,20170906,8322,0.00000507
115,805,8,261053,20170913,12793,0.00000765
116,812,9,261053,20170920,9311,0.00000555
117,819,10,261053,20170927,9166,0.00000555
118,826,11,261053,20171004,7954,0.00000467
119,833,12,261053,20171011,10408,0.00000608
120,840,13,261053,20171018,11453,0.00000668
121,847,14,261053,20171025,9957,0.00000580
122,854,15,261053,20171101,9342,0.00000535
123,861,16,261053,20171108,8886,0.00000508
124,868,17,261053,20171115,9623,0.00000549
125,875,18,261053,20171122,10860,0.00000626
126,882,19,261053,20171129,9480,0.00000549
127,889,20,261053,20171206,13178,0.00000751
128,896,21,261053,20171213,10807,0.00000645
129,903,22,261053,20171220,13814,0.00000873
130,910,23,261053,20171227,18191,0.00001035
131,917,24,261053,20180103,11396,0.00000600
132,924,25,261053,20180110,10790,0.00000566
133,931,26,261053,20180117,11348,0.00000597
134,938,27,261053,20180124,10049,0.00000536
135,945,28,261053,20180131,9419,0.00000511
136,952,29,261053,20180207,8918,0.00000486
137,959,30,261053,20180214,9535,0.00000524
138,966,31,261053,20180221,8721,0.00000469
139,973,32,261053,20180228,22208,0.00001201
140,980,33,261053,20180307,11109,0.00000608
141,987,34,261053,20180314,8989,0.00000492
142,994,35,261053,20180321,9017,0.00000504
143,1001,36,261053,20180328,9866,0.00000555
144,1008,37,261053,20180404,8972,0.00000495
145,1015,38,261053,20180411,8535,0.00000470
146,1022,39,261053,20180418,7782,0.00000441
147,1029,40,261053,20180425,7611,0.00000434
148,1036,41,261053,20180502,7495,0.00000434
149,1043,42,261053,20180509,8122,0.00000465
150,1050,43,261053,20180516,7062,0.00000389
151,1057,44,261053,20180523,8055,0.00000465
152,1064,45,261053,20180530,8407,0.00000492
153,1071,46,261053,20180606,7715,0.00000446
154,1078,47,261053,20180613,7567,0.00000447
155,1085,48,261053,20180620,8577,0.00000510
156,1092,49,261053,20180627,9003,0.00000537
1,5,-106,142809,20150706,12197,0.00000696
2,12,-105,142809,20150713,12031,0.00000696
3,19,-104,142809,20150720,12352,0.00000711
4,26,-103,142809,20150727,11855,0.00000684
5,33,-102,142809,20150803,11512,0.00000677
6,40,-101,142809,20150810,12116,0.00000705
7,47,-100,142809,20150817,13131,0.00000752
8,54,-99,142809,20150824,11918,0.00000686
9,61,-98,142809,20150831,12646,0.00000710
10,68,-97,142809,20150907,12194,0.00000652
11,75,-96,142809,20150914,12521,0.00000711
12,82,-95,142809,20150921,12294,0.00000708
13,89,-94,142809,20150928,10861,0.00000635
14,96,-93,142809,20151005,12264,0.00000701
15,103,-92,142809,20151012,11097,0.00000630
16,110,-91,142809,20151019,12580,0.00000705
17,117,-90,142809,20151026,12121,0.00000690
18,124,-89,142809,20151102,14293,0.00000807
19,131,-88,142809,20151109,21435,0.00001222
20,138,-87,142809,20151116,11292,0.00000641
21,145,-86,142809,20151123,10543,0.00000611
22,152,-85,142809,20151130,54582,0.00003108
23,159,-84,142809,20151207,22140,0.00001244
24,166,-83,142809,20151214,12560,0.00000751
25,173,-82,142809,20151221,10418,0.00000664
26,180,-81,142809,20151228,10817,0.00000627
27,187,-80,142809,20160104,10962,0.00000602
28,194,-79,142809,20160111,11895,0.00000639
29,201,-78,142809,20160118,13748,0.00000740
30,208,-77,142809,20160125,11009,0.00000594
31,215,-76,142809,20160201,12271,0.00000668
32,222,-75,142809,20160208,12230,0.00000677
33,229,-74,142809,20160215,11253,0.00000612
34,236,-73,142809,20160222,10972,0.00000606
35,243,-72,142809,20160229,10048,0.00000546
36,250,-71,142809,20160307,10758,0.00000614
37,257,-70,142809,20160314,14003,0.00000822
38,264,-69,142809,20160321,12768,0.00000767
39,271,-68,142809,20160328,11277,0.00000660
40,278,-67,142809,20160404,10509,0.00000602
41,285,-66,142809,20160411,13260,0.00000769
42,292,-65,142809,20160418,13454,0.00000768
43,299,-64,142809,20160425,11671,0.00000678
44,306,-63,142809,20160502,11877,0.00000695
45,313,-62,142809,20160509,10424,0.00000608
46,320,-61,142809,20160516,10563,0.00000609
47,327,-60,142809,20160523,9693,0.00000576
48,334,-59,142809,20160530,9978,0.00000585
49,341,-58,142809,20160606,10116,0.00000600
50,348,-57,142809,20160613,9053,0.00000536
51,355,-56,142809,20160620,8849,0.00000526
52,362,-55,142809,20160627,9718,0.00000575
53,369,-54,142809,20160704,8809,0.00000522
54,376,-53,142809,20160711,9347,0.00000565
55,383,-52,142809,20160718,9762,0.00000535
56,390,-51,142809,20160725,10117,0.00000515
57,397,-50,142809,20160801,9435,0.00000495
58,404,-49,142809,20160808,8853,0.00000450
59,411,-48,142809,20160815,9240,0.00000517
60,418,-47,142809,20160822,9285,0.00000528
61,425,-46,142809,20160829,9875,0.00000561
62,432,-45,142809,20160905,9583,0.00000545
63,439,-44,142809,20160912,9794,0.00000556
64,446,-43,142809,20160919,9776,0.00000550
65,453,-42,142809,20160926,9391,0.00000538
66,460,-41,142809,20161003,9683,0.00000544
67,467,-40,142809,20161010,9399,0.00000525
68,474,-39,142809,20161017,9318,0.00000518
69,481,-38,142809,20161024,15928,0.00000907
70,488,-37,142809,20161031,9426,0.00000515
71,495,-36,142809,20161107,8755,0.00000461
72,502,-35,142809,20161114,10329,0.00000551
73,509,-34,142809,20161121,9503,0.00000523
74,516,-33,142809,20161128,10563,0.00000569
75,523,-32,142809,20161205,11034,0.00000595
76,530,-31,142809,20161212,10664,0.00000602
77,537,-30,142809,20161219,9215,0.00000529
78,544,-29,142809,20161226,9107,0.00000493
79,551,-28,142809,20170102,9703,0.00000493
80,558,-27,142809,20170109,10022,0.00000509
81,565,-26,142809,20170116,9923,0.00000499
82,572,-25,142809,20170123,11362,0.00000571
83,579,-24,142809,20170130,9929,0.00000510
84,586,-23,142809,20170206,10508,0.00000538
85,593,-22,142809,20170213,17374,0.00000911
86,600,-21,142809,20170220,18307,0.00000950
87,607,-20,142809,20170227,14511,0.00000756
88,614,-19,142809,20170306,16928,0.00000895
89,621,-18,142809,20170313,23101,0.00001230
90,628,-17,142809,20170320,20028,0.00001091
91,635,-16,142809,20170327,16179,0.00000914
92,642,-15,142809,20170403,14443,0.00000815
93,649,-14,142809,20170410,14968,0.00000856
94,656,-13,142809,20170417,15682,0.00000864
95,663,-12,142809,20170424,13583,0.00000765
96,670,-11,142809,20170501,14323,0.00000798
97,677,-10,142809,20170508,25916,0.00001471
98,684,-9,142809,20170515,39086,0.00002212
99,691,-8,142809,20170522,30102,0.00001727
100,698,-7,142809,20170529,19042,0.00001086
101,705,-6,142809,20170605,16443,0.00000960
102,712,-5,142809,20170612,14608,0.00000878
103,719,-4,142809,20170619,13524,0.00000823
104,726,-3,142809,20170626,12906,0.00000805
105,733,-2,142809,20170703,13670,0.00000837
106,740,-1,142809,20170710,10288,0.00000619
107,747,0,142809,20170717,5911566,0.00355233
108,754,1,142809,20170724,940784,0.00057149
109,761,2,142809,20170731,317226,0.00019658
110,768,3,142809,20170807,168198,0.00010321
111,775,4,142809,20170814,117782,0.00007231
112,782,5,142809,20170821,117482,0.00007232
113,789,6,142809,20170828,133201,0.00008255
114,796,7,142809,20170904,95379,0.00005745
115,803,8,142809,20170911,77810,0.00004727
116,810,9,142809,20170918,175108,0.00010387
117,817,10,142809,20170925,82134,0.00004985
118,824,11,142809,20171002,75449,0.00004464
119,831,12,142809,20171009,125075,0.00007278
120,838,13,142809,20171016,85617,0.00005028
121,845,14,142809,20171023,124533,0.00007202
122,852,15,142809,20171030,102052,0.00005887
123,859,16,142809,20171106,68362,0.00003917
124,866,17,142809,20171113,67279,0.00003838
125,873,18,142809,20171120,107375,0.00006224
126,880,19,142809,20171127,58717,0.00003374
127,887,20,142809,20171204,74535,0.00004238
128,894,21,142809,20171211,56953,0.00003348
129,901,22,142809,20171218,68331,0.00004252
130,908,23,142809,20171225,71472,0.00004205
131,915,24,142809,20180101,58517,0.00003132
132,922,25,142809,20180108,52673,0.00002783
133,929,26,142809,20180115,57719,0.00003020
134,936,27,142809,20180122,54279,0.00002890
135,943,28,142809,20180129,83410,0.00004515
136,950,29,142809,20180205,51103,0.00002766
137,957,30,142809,20180212,49415,0.00002725
138,964,31,142809,20180219,52228,0.00002818
139,971,32,142809,20180226,49553,0.00002684
140,978,33,142809,20180305,52983,0.00002879
141,985,34,142809,20180312,52482,0.00002853
142,992,35,142809,20180319,89172,0.00004972
143,999,36,142809,20180326,53115,0.00003006
144,1006,37,142809,20180402,52354,0.00002885
145,1013,38,142809,20180409,49044,0.00002699
146,1020,39,142809,20180416,55392,0.00003119
147,1027,40,142809,20180423,52153,0.00002949
148,1034,41,142809,20180430,49979,0.00002901
149,1041,42,142809,20180507,49068,0.00002816
150,1048,43,142809,20180514,51228,0.00002849
151,1055,44,142809,20180521,47982,0.00002748
152,1062,45,142809,20180528,53728,0.00003115
153,1069,46,142809,20180604,107930,0.00006230
154,1076,47,142809,20180611,62036,0.00003669
155,1083,48,142809,20180618,68221,0.00004022
156,1090,49,142809,20180625,56295,0.00003364
1,6,-106,2388084,20150707,9266,0.00000531
2,13,-105,2388084,20150714,8637,0.00000500
3,20,-104,2388084,20150721,14966,0.00000862
4,27,-103,2388084,20150728,7374,0.00000433
5,34,-102,2388084,20150804,7923,0.00000461
6,41,-101,2388084,20150811,7419,0.00000428
7,48,-100,2388084,20150818,6261,0.00000359
8,55,-99,2388084,20150825,6918,0.00000397
9,62,-98,2388084,20150901,6339,0.00000353
10,69,-97,2388084,20150908,6268,0.00000337
11,76,-96,2388084,20150915,6547,0.00000373
12,83,-95,2388084,20150922,7045,0.00000407
13,90,-94,2388084,20150929,5448,0.00000319
14,97,-93,2388084,20151006,6857,0.00000391
15,104,-92,2388084,20151013,7020,0.00000398
16,111,-91,2388084,20151020,6876,0.00000386
17,118,-90,2388084,20151027,7110,0.00000405
18,125,-89,2388084,20151103,7315,0.00000413
19,132,-88,2388084,20151110,9621,0.00000550
20,139,-87,2388084,20151117,10888,0.00000619
21,146,-86,2388084,20151124,15702,0.00000906
22,153,-85,2388084,20151201,15233,0.00000866
23,160,-84,2388084,20151208,12995,0.00000732
24,167,-83,2388084,20151215,18210,0.00001104
25,174,-82,2388084,20151222,30757,0.00001954
26,181,-81,2388084,20151229,12477,0.00000714
27,188,-80,2388084,20160105,11174,0.00000604
28,195,-79,2388084,20160112,8569,0.00000466
29,202,-78,2388084,20160119,7347,0.00000394
30,209,-77,2388084,20160126,7641,0.00000412
31,216,-76,2388084,20160202,7086,0.00000386
32,223,-75,2388084,20160209,7193,0.00000400
33,230,-74,2388084,20160216,7325,0.00000397
34,237,-73,2388084,20160223,6568,0.00000360
35,244,-72,2388084,20160301,7143,0.00000393
36,251,-71,2388084,20160308,6650,0.00000381
37,258,-70,2388084,20160315,6417,0.00000379
38,265,-69,2388084,20160322,7034,0.00000420
39,272,-68,2388084,20160329,6472,0.00000379
40,279,-67,2388084,20160405,6656,0.00000381
41,286,-66,2388084,20160412,5931,0.00000345
42,293,-65,2388084,20160419,6696,0.00000381
43,300,-64,2388084,20160426,6507,0.00000378
44,307,-63,2388084,20160503,5695,0.00000333
45,314,-62,2388084,20160510,5759,0.00000336
46,321,-61,2388084,20160517,8538,0.00000492
47,328,-60,2388084,20160524,8474,0.00000506
48,335,-59,2388084,20160531,7405,0.00000434
49,342,-58,2388084,20160607,6750,0.00000399
50,349,-57,2388084,20160614,5752,0.00000341
51,356,-56,2388084,20160621,6361,0.00000379
52,363,-55,2388084,20160628,6588,0.00000391
53,370,-54,2388084,20160705,7076,0.00000418
54,377,-53,2388084,20160712,7107,0.00000432
55,384,-52,2388084,20160719,7305,0.00000391
56,391,-51,2388084,20160726,9751,0.00000496
57,398,-50,2388084,20160802,7787,0.00000408
58,405,-49,2388084,20160809,7040,0.00000358
59,412,-48,2388084,20160816,8131,0.00000462
60,419,-47,2388084,20160823,7457,0.00000424
61,426,-46,2388084,20160830,8307,0.00000475
62,433,-45,2388084,20160906,6719,0.00000382
63,440,-44,2388084,20160913,7084,0.00000399
64,447,-43,2388084,20160920,6185,0.00000349
65,454,-42,2388084,20160927,5902,0.00000338
66,461,-41,2388084,20161004,7624,0.00000429
67,468,-40,2388084,20161011,7178,0.00000398
68,475,-39,2388084,20161018,7345,0.00000409
69,482,-38,2388084,20161025,7363,0.00000421
70,489,-37,2388084,20161101,7570,0.00000410
71,496,-36,2388084,20161108,9770,0.00000511
72,503,-35,2388084,20161115,9313,0.00000500
73,510,-34,2388084,20161122,11884,0.00000655
74,517,-33,2388084,20161129,16922,0.00000910
75,524,-32,2388084,20161206,23433,0.00001268
76,531,-31,2388084,20161213,23182,0.00001309
77,538,-30,2388084,20161220,38271,0.00002215
78,545,-29,2388084,20161227,21329,0.00001137
79,552,-28,2388084,20170103,13204,0.00000668
80,559,-27,2388084,20170110,10935,0.00000555
81,566,-26,2388084,20170117,12410,0.00000625
82,573,-25,2388084,20170124,18052,0.00000907
83,580,-24,2388084,20170131,9236,0.00000474
84,587,-23,2388084,20170207,8317,0.00000427
85,594,-22,2388084,20170214,7302,0.00000384
86,601,-21,2388084,20170221,8351,0.00000430
87,608,-20,2388084,20170228,8115,0.00000428
88,615,-19,2388084,20170307,8991,0.00000477
89,622,-18,2388084,20170314,11370,0.00000605
90,629,-17,2388084,20170321,8578,0.00000470
91,636,-16,2388084,20170328,7793,0.00000439
92,643,-15,2388084,20170404,7476,0.00000424
93,650,-14,2388084,20170411,7437,0.00000423
94,657,-13,2388084,20170418,7765,0.00000428
95,664,-12,2388084,20170425,7583,0.00000426
96,671,-11,2388084,20170502,7580,0.00000423
97,678,-10,2388084,20170509,7157,0.00000407
98,685,-9,2388084,20170516,7778,0.00000434
99,692,-8,2388084,20170523,7302,0.00000427
100,699,-7,2388084,20170530,7185,0.00000411
101,706,-6,2388084,20170606,7270,0.00000424
102,713,-5,2388084,20170613,6890,0.00000417
103,720,-4,2388084,20170620,6752,0.00000413
104,727,-3,2388084,20170627,6917,0.00000432
105,734,-2,2388084,20170704,7536,0.00000458
106,741,-1,2388084,20170711,6876,0.00000415
107,748,0,2388084,20170718,935130,0.00056037
108,755,1,2388084,20170725,105013,0.00006415
109,762,2,2388084,20170801,43487,0.00002695
110,769,3,2388084,20170808,27017,0.00001661
111,776,4,2388084,20170815,40995,0.00002508
112,783,5,2388084,20170822,22938,0.00001415
113,790,6,2388084,20170829,17294,0.00001066
114,797,7,2388084,20170905,16884,0.00001020
115,804,8,2388084,20170912,42315,0.00002549
116,811,9,2388084,20170919,17136,0.00001020
117,818,10,2388084,20170926,13493,0.00000819
118,825,11,2388084,20171003,12590,0.00000741
119,832,12,2388084,20171010,12493,0.00000727
120,839,13,2388084,20171017,11590,0.00000679
121,846,14,2388084,20171024,13612,0.00000788
122,853,15,2388084,20171031,13488,0.00000777
123,860,16,2388084,20171107,17099,0.00000977
124,867,17,2388084,20171114,21974,0.00001251
125,874,18,2388084,20171121,29327,0.00001698
126,881,19,2388084,20171128,31994,0.00001850
127,888,20,2388084,20171205,30920,0.00001754
128,895,21,2388084,20171212,35462,0.00002100
129,902,22,2388084,20171219,76603,0.00004848
130,909,23,2388084,20171226,69463,0.00004022
131,916,24,2388084,20180102,25853,0.00001360
132,923,25,2388084,20180109,19792,0.00001042
133,930,26,2388084,20180116,19361,0.00001016
134,937,27,2388084,20180123,14685,0.00000782
135,944,28,2388084,20180130,12725,0.00000690
136,951,29,2388084,20180206,12608,0.00000685
137,958,30,2388084,20180213,11172,0.00000615
138,965,31,2388084,20180220,10671,0.00000574
139,972,32,2388084,20180227,109292,0.00005902
140,979,33,2388084,20180306,32014,0.00001751
141,986,34,2388084,20180313,13515,0.00000737
142,993,35,2388084,20180320,12863,0.00000719
143,1000,36,2388084,20180327,10545,0.00000595
144,1007,37,2388084,20180403,10233,0.00000563
145,1014,38,2388084,20180410,10774,0.00000593
146,1021,39,2388084,20180417,11559,0.00000655
147,1028,40,2388084,20180424,10547,0.00000598
148,1035,41,2388084,20180501,9886,0.00000574
149,1042,42,2388084,20180508,39818,0.00002283
150,1049,43,2388084,20180515,38158,0.00002110
151,1056,44,2388084,20180522,17371,0.00001003
152,1063,45,2388084,20180529,16401,0.00000954
153,1070,46,2388084,20180605,26883,0.00001549
154,1077,47,2388084,20180612,15003,0.00000889
155,1084,48,2388084,20180619,11805,0.00000697
156,1091,49,2388084,20180626,12366,0.00000738
1,5,-107,171022,20150706,18182,0.00001037
2,12,-106,171022,20150713,17708,0.00001024
3,19,-105,171022,20150720,18348,0.00001056
4,26,-104,171022,20150727,17926,0.00001035
5,33,-103,171022,20150803,17049,0.00001003
6,40,-102,171022,20150810,17656,0.00001027
7,47,-101,171022,20150817,18074,0.00001035
8,54,-100,171022,20150824,18471,0.00001062
9,61,-99,171022,20150831,16188,0.00000909
10,68,-98,171022,20150907,16979,0.00000908
11,75,-97,171022,20150914,14823,0.00000842
12,82,-96,171022,20150921,15574,0.00000897
13,89,-95,171022,20150928,15307,0.00000894
14,96,-94,171022,20151005,21818,0.00001247
15,103,-93,171022,20151012,21207,0.00001203
16,110,-92,171022,20151019,20286,0.00001137
17,117,-91,171022,20151026,17228,0.00000981
18,124,-90,171022,20151102,21463,0.00001212
19,131,-89,171022,20151109,18271,0.00001041
20,138,-88,171022,20151116,17913,0.00001018
21,145,-87,171022,20151123,14865,0.00000861
22,152,-86,171022,20151130,15145,0.00000862
23,159,-85,171022,20151207,16112,0.00000905
24,166,-84,171022,20151214,19193,0.00001147
25,173,-83,171022,20151221,15113,0.00000964
26,180,-82,171022,20151228,20499,0.00001188
27,187,-81,171022,20160104,18193,0.00000998
28,194,-80,171022,20160111,19206,0.00001032
29,201,-79,171022,20160118,18248,0.00000982
30,208,-78,171022,20160125,19887,0.00001073
31,215,-77,171022,20160201,17840,0.00000971
32,222,-76,171022,20160208,20167,0.00001117
33,229,-75,171022,20160215,43974,0.00002393
34,236,-74,171022,20160222,29664,0.00001638
35,243,-73,171022,20160229,26536,0.00001442
36,250,-72,171022,20160307,21789,0.00001243
37,257,-71,171022,20160314,20839,0.00001223
38,264,-70,171022,20160321,19020,0.00001142
39,271,-69,171022,20160328,21126,0.00001236
40,278,-68,171022,20160404,21030,0.00001204
41,285,-67,171022,20160411,18518,0.00001073
42,292,-66,171022,20160418,19500,0.00001113
43,299,-65,171022,20160425,15591,0.00000906
44,306,-64,171022,20160502,15560,0.00000911
45,313,-63,171022,20160509,16864,0.00000983
46,320,-62,171022,20160516,16439,0.00000948
47,327,-61,171022,20160523,23412,0.00001392
48,334,-60,171022,20160530,31892,0.00001870
49,341,-59,171022,20160606,25147,0.00001491
50,348,-58,171022,20160613,35661,0.00002110
51,355,-57,171022,20160620,21623,0.00001285
52,362,-56,171022,20160627,19098,0.00001131
53,369,-55,171022,20160704,19973,0.00001184
54,376,-54,171022,20160711,18280,0.00001105
55,383,-53,171022,20160718,16393,0.00000899
56,390,-52,171022,20160725,16743,0.00000852
57,397,-51,171022,20160801,17453,0.00000915
58,404,-50,171022,20160808,15065,0.00000766
59,411,-49,171022,20160815,15830,0.00000887
60,418,-48,171022,20160822,16736,0.00000952
61,425,-47,171022,20160829,16855,0.00000957
62,432,-46,171022,20160905,17209,0.00000979
63,439,-45,171022,20160912,17814,0.00001010
64,446,-44,171022,20160919,18071,0.00001017
65,453,-43,171022,20160926,15811,0.00000906
66,460,-42,171022,20161003,17832,0.00001001
67,467,-41,171022,20161010,16506,0.00000922
68,474,-40,171022,20161017,16453,0.00000915
69,481,-39,171022,20161024,15064,0.00000858
70,488,-38,171022,20161031,16013,0.00000875
71,495,-37,171022,20161107,12610,0.00000664
72,502,-36,171022,20161114,14422,0.00000769
73,509,-35,171022,20161121,15094,0.00000831
74,516,-34,171022,20161128,15728,0.00000847
75,523,-33,171022,20161205,18001,0.00000970
76,530,-32,171022,20161212,16324,0.00000922
77,537,-31,171022,20161219,17197,0.00000988
78,544,-30,171022,20161226,19135,0.00001036
79,551,-29,171022,20170102,24027,0.00001221
80,558,-28,171022,20170109,21569,0.00001096
81,565,-27,171022,20170116,17112,0.00000861
82,572,-26,171022,20170123,17956,0.00000903
83,579,-25,171022,20170130,20311,0.00001043
84,586,-24,171022,20170206,22984,0.00001178
85,593,-23,171022,20170213,21686,0.00001138
86,600,-22,171022,20170220,24995,0.00001297
87,607,-21,171022,20170227,26104,0.00001359
88,614,-20,171022,20170306,24264,0.00001283
89,621,-19,171022,20170313,30870,0.00001643
90,628,-18,171022,20170320,21392,0.00001165
91,635,-17,171022,20170327,19955,0.00001127
92,642,-16,171022,20170403,20676,0.00001167
93,649,-15,171022,20170410,18845,0.00001078
94,656,-14,171022,20170417,21304,0.00001174
95,663,-13,171022,20170424,20205,0.00001138
96,670,-12,171022,20170501,18027,0.00001004
97,677,-11,171022,20170508,15371,0.00000872
98,684,-10,171022,20170515,16197,0.00000917
99,691,-9,171022,20170522,17958,0.00001030
100,698,-8,171022,20170529,21593,0.00001231
101,705,-7,171022,20170605,17908,0.00001046
102,712,-6,171022,20170612,16642,0.00001000
103,719,-5,171022,20170619,15766,0.00000960
104,726,-4,171022,20170626,17202,0.00001074
105,733,-3,171022,20170703,16637,0.00001019
106,740,-2,171022,20170710,16945,0.00001019
107,747,-1,171022,20170717,17264,0.00001037
108,754,0,171022,20170724,16130,0.00000980
109,761,1,171022,20170731,1916931,0.00118787
110,768,2,171022,20170807,118498,0.00007271
111,775,3,171022,20170814,62869,0.00003860
112,782,4,171022,20170821,45922,0.00002827
113,789,5,171022,20170828,37873,0.00002347
114,796,6,171022,20170904,32530,0.00001959
115,803,7,171022,20170911,36116,0.00002194
116,810,8,171022,20170918,35763,0.00002121
117,817,9,171022,20170925,25064,0.00001521
118,824,10,171022,20171002,25531,0.00001511
119,831,11,171022,20171009,28045,0.00001632
120,838,12,171022,20171016,31843,0.00001870
121,845,13,171022,20171023,26306,0.00001521
122,852,14,171022,20171030,22990,0.00001326
123,859,15,171022,20171106,23183,0.00001328
124,866,16,171022,20171113,22706,0.00001295
125,873,17,171022,20171120,23085,0.00001338
126,880,18,171022,20171127,20269,0.00001165
127,887,19,171022,20171204,38449,0.00002186
128,894,20,171022,20171211,29116,0.00001712
129,901,21,171022,20171218,32564,0.00002026
130,908,22,171022,20171225,70516,0.00004148
131,915,23,171022,20180101,42295,0.00002264
132,922,24,171022,20180108,29582,0.00001563
133,929,25,171022,20180115,27360,0.00001431
134,936,26,171022,20180122,34891,0.00001858
135,943,27,171022,20180129,24129,0.00001306
136,950,28,171022,20180205,21437,0.00001160
137,957,29,171022,20180212,27184,0.00001499
138,964,30,171022,20180219,22418,0.00001209
139,971,31,171022,20180226,22638,0.00001226
140,978,32,171022,20180305,75647,0.00004110
141,985,33,171022,20180312,26079,0.00001418
142,992,34,171022,20180319,24920,0.00001390
143,999,35,171022,20180326,22990,0.00001301
144,1006,36,171022,20180402,22959,0.00001265
145,1013,37,171022,20180409,20560,0.00001131
146,1020,38,171022,20180416,20780,0.00001170
147,1027,39,171022,20180423,19705,0.00001114
148,1034,40,171022,20180430,18271,0.00001061
149,1041,41,171022,20180507,16950,0.00000973
150,1048,42,171022,20180514,22027,0.00001225
151,1055,43,171022,20180521,18143,0.00001039
152,1062,44,171022,20180528,25434,0.00001475
153,1069,45,171022,20180604,52038,0.00003004
154,1076,46,171022,20180611,46991,0.00002779
155,1083,47,171022,20180618,38001,0.00002240
156,1090,48,171022,20180625,32375,0.00001935
0,3,-110,171038,20150704,108431,0.00006241
1,10,-109,171038,20150711,21717,0.00001249
2,17,-108,171038,20150718,19370,0.00001121
3,24,-107,171038,20150725,16804,0.00000961
4,31,-106,171038,20150801,16343,0.00000969
5,38,-105,171038,20150808,22845,0.00001330
6,45,-104,171038,20150815,24308,0.00001395
7,52,-103,171038,20150822,17846,0.00001023
8,59,-102,171038,20150829,16578,0.00000943
9,66,-101,171038,20150905,18971,0.00001022
10,73,-100,171038,20150912,26166,0.00001459
11,80,-99,171038,20150919,18517,0.00001059
12,87,-98,171038,20150926,17206,0.00001003
13,94,-97,171038,20151003,14358,0.00000824
14,101,-96,171038,20151010,46183,0.00002625
15,108,-95,171038,20151017,70635,0.00003975
16,115,-94,171038,20151024,43423,0.00002460
17,122,-93,171038,20151031,37554,0.00002133
18,129,-92,171038,20151107,111089,0.00006323
19,136,-91,171038,20151114,25217,0.00001433
20,143,-90,171038,20151121,41177,0.00002403
21,150,-89,171038,20151128,31852,0.00001799
22,157,-88,171038,20151205,22665,0.00001278
23,164,-87,171038,20151212,26997,0.00001576
24,171,-86,171038,20151219,18839,0.00001214
25,178,-85,171038,20151226,22553,0.00001358
26,185,-84,171038,20160102,26672,0.00001455
27,192,-83,171038,20160109,21033,0.00001128
28,199,-82,171038,20160116,40794,0.00002206
29,206,-81,171038,20160123,25209,0.00001358
30,213,-80,171038,20160130,28730,0.00001551
31,220,-79,171038,20160206,24373,0.00001346
32,227,-78,171038,20160213,24926,0.00001364
33,234,-77,171038,20160220,18156,0.00000995
34,241,-76,171038,20160227,19863,0.00001085
35,248,-75,171038,20160305,39786,0.00002236
36,255,-74,171038,20160312,21156,0.00001231
37,262,-73,171038,20160319,27569,0.00001664
38,269,-72,171038,20160326,20150,0.00001181
39,276,-71,171038,20160402,24294,0.00001398
40,283,-70,171038,20160409,28858,0.00001657
41,290,-69,171038,20160416,30676,0.00001769
42,297,-68,171038,20160423,35366,0.00002032
43,304,-67,171038,20160430,20541,0.00001204
44,311,-66,171038,20160507,29438,0.00001723
45,318,-65,171038,20160514,18299,0.00001060
46,325,-64,171038,20160521,17620,0.00001032
47,332,-63,171038,20160528,18929,0.00001123
48,339,-62,171038,20160604,22177,0.00001312
49,346,-61,171038,20160611,21515,0.00001264
50,353,-60,171038,20160618,18111,0.00001081
51,360,-59,171038,20160625,19352,0.00001142
52,367,-58,171038,20160702,19017,0.00001133
53,374,-57,171038,20160709,36687,0.00002195
54,381,-56,171038,20160716,15968,0.00000921
55,388,-55,171038,20160723,17791,0.00000906
56,395,-54,171038,20160730,34956,0.00001822
57,402,-53,171038,20160806,20894,0.00001069
58,409,-52,171038,20160813,21299,0.00001155
59,416,-51,171038,20160820,22541,0.00001280
60,423,-50,171038,20160827,37529,0.00002125
61,430,-49,171038,20160903,50841,0.00002920
62,437,-48,171038,20160910,83166,0.00004692
63,444,-47,171038,20160917,29238,0.00001637
64,451,-46,171038,20160924,20653,0.00001186
65,458,-45,171038,20161001,19922,0.00001123
66,465,-44,171038,20161008,19933,0.00001121
67,472,-43,171038,20161015,19630,0.00001086
68,479,-42,171038,20161022,20051,0.00001134
69,486,-41,171038,20161029,24356,0.00001359
70,493,-40,171038,20161105,18929,0.00001006
71,500,-39,171038,20161112,27623,0.00001453
72,507,-38,171038,20161119,18624,0.00001036
73,514,-37,171038,20161126,19541,0.00001049
74,521,-36,171038,20161203,19905,0.00001064
75,528,-35,171038,20161210,27708,0.00001551
76,535,-34,171038,20161217,19824,0.00001128
77,542,-33,171038,20161224,24526,0.00001347
78,549,-32,171038,20161231,23719,0.00001246
79,556,-31,171038,20170107,23180,0.00001176
80,563,-30,171038,20170114,20584,0.00001035
81,570,-29,171038,20170121,20325,0.00001024
82,577,-28,171038,20170128,22023,0.00001122
83,584,-27,171038,20170204,22659,0.00001161
84,591,-26,171038,20170211,22197,0.00001158
85,598,-25,171038,20170218,28058,0.00001465
86,605,-24,171038,20170225,22035,0.00001136
87,612,-23,171038,20170304,27585,0.00001461
88,619,-22,171038,20170311,29312,0.00001567
89,626,-21,171038,20170318,51789,0.00002762
90,633,-20,171038,20170325,22703,0.00001270
91,640,-19,171038,20170401,20475,0.00001157
92,647,-18,171038,20170408,31931,0.00001831
93,654,-17,171038,20170415,35956,0.00001995
94,661,-16,171038,20170422,33919,0.00001895
95,668,-15,171038,20170429,30223,0.00001692
96,675,-14,171038,20170506,22858,0.00001288
97,682,-13,171038,20170513,19696,0.00001117
98,689,-12,171038,20170520,30001,0.00001698
99,696,-11,171038,20170527,25438,0.00001459
100,703,-10,171038,20170603,58116,0.00003384
101,710,-9,171038,20170610,51834,0.00003095
102,717,-8,171038,20170617,33979,0.00002059
103,724,-7,171038,20170624,27114,0.00001688
104,731,-6,171038,20170701,26635,0.00001648
105,738,-5,171038,20170708,23087,0.00001391
106,745,-4,171038,20170715,24650,0.00001488
107,752,-3,171038,20170722,25538,0.00001534
108,759,-2,171038,20170729,26458,0.00001635
109,766,-1,171038,20170805,1070980,0.00065891
110,773,0,171038,20170812,183251,0.00011292
111,780,1,171038,20170819,60516,0.00003712
112,787,2,171038,20170826,42171,0.00002618
113,794,3,171038,20170902,28802,0.00001737
114,801,4,171038,20170909,22498,0.00001374
115,808,5,171038,20170916,35426,0.00002099
116,815,6,171038,20170923,19210,0.00001154
117,822,7,171038,20170930,19962,0.00001201
118,829,8,171038,20171007,19301,0.00001124
119,836,9,171038,20171014,21161,0.00001246
120,843,10,171038,20171021,22296,0.00001291
121,850,11,171038,20171028,16938,0.00000982
122,857,12,171038,20171104,36629,0.00002096
123,864,13,171038,20171111,21438,0.00001222
124,871,14,171038,20171118,19380,0.00001126
125,878,15,171038,20171125,23127,0.00001314
126,885,16,171038,20171202,15936,0.00000914
127,892,17,171038,20171209,15385,0.00000892
128,899,18,171038,20171216,31778,0.00001949
129,906,19,171038,20171223,27275,0.00001650
130,913,20,171038,20171230,29710,0.00001648
131,920,21,171038,20180106,17174,0.00000905
132,927,22,171038,20180113,15557,0.00000804
133,934,23,171038,20180120,17617,0.00000940
134,941,24,171038,20180127,17570,0.00000948
135,948,25,171038,20180203,15812,0.00000855
136,955,26,171038,20180210,14371,0.00000791
137,962,27,171038,20180217,17377,0.00000942
138,969,28,171038,20180224,13060,0.00000706
139,976,29,171038,20180303,17763,0.00000960
140,983,30,171038,20180310,18002,0.00000978
141,990,31,171038,20180317,19234,0.00001064
142,997,32,171038,20180324,16349,0.00000924
143,1004,33,171038,20180331,15437,0.00000861
144,1011,34,171038,20180407,14214,0.00000780
145,1018,35,171038,20180414,15955,0.00000889
146,1025,36,171038,20180421,16906,0.00000950
147,1032,37,171038,20180428,14184,0.00000822
148,1039,38,171038,20180505,18632,0.00001075
149,1046,39,171038,20180512,15375,0.00000876
150,1053,40,171038,20180519,13301,0.00000740
151,1060,41,171038,20180526,14922,0.00000863
152,1067,42,171038,20180602,14282,0.00000830
153,1074,43,171038,20180609,13619,0.00000797
154,1081,44,171038,20180616,14418,0.00000854
155,1088,45,171038,20180623,14206,0.00000847
1,6,-110,147505,20150707,5014,0.00000287
2,13,-109,147505,20150714,3981,0.00000231
3,20,-108,147505,20150721,4354,0.00000251
4,27,-107,147505,20150728,26711,0.00001569
5,34,-106,147505,20150804,8390,0.00000488
6,41,-105,147505,20150811,9034,0.00000521
7,48,-104,147505,20150818,5777,0.00000331
8,55,-103,147505,20150825,4704,0.00000270
9,62,-102,147505,20150901,12358,0.00000688
10,69,-101,147505,20150908,5480,0.00000294
11,76,-100,147505,20150915,11606,0.00000661
12,83,-99,147505,20150922,30331,0.00001750
13,90,-98,147505,20150929,19162,0.00001122
14,97,-97,147505,20151006,20053,0.00001142
15,104,-96,147505,20151013,7530,0.00000427
16,111,-95,147505,20151020,6738,0.00000378
17,118,-94,147505,20151027,5433,0.00000309
18,125,-93,147505,20151103,7302,0.00000412
19,132,-92,147505,20151110,39570,0.00002262
20,139,-91,147505,20151117,7380,0.00000420
21,146,-90,147505,20151124,5871,0.00000339
22,153,-89,147505,20151201,11954,0.00000680
23,160,-88,147505,20151208,7251,0.00000408
24,167,-87,147505,20151215,23973,0.00001454
25,174,-86,147505,20151222,34841,0.00002214
26,181,-85,147505,20151229,14766,0.00000845
27,188,-84,147505,20160105,6590,0.00000356
28,195,-83,147505,20160112,6521,0.00000354
29,202,-82,147505,20160119,6373,0.00000342
30,209,-81,147505,20160126,22059,0.00001191
31,216,-80,147505,20160202,10152,0.00000553
32,223,-79,147505,20160209,7017,0.00000390
33,230,-78,147505,20160216,9798,0.00000531
34,237,-77,147505,20160223,7009,0.00000384
35,244,-76,147505,20160301,6244,0.00000343
36,251,-75,147505,20160308,6285,0.00000361
37,258,-74,147505,20160315,8231,0.00000486
38,265,-73,147505,20160322,7635,0.00000456
39,272,-72,147505,20160329,53330,0.00003119
40,279,-71,147505,20160405,9869,0.00000565
41,286,-70,147505,20160412,26322,0.00001531
42,293,-69,147505,20160419,25528,0.00001452
43,300,-68,147505,20160426,10397,0.00000605
44,307,-67,147505,20160503,8149,0.00000477
45,314,-66,147505,20160510,8052,0.00000470
46,321,-65,147505,20160517,6986,0.00000402
47,328,-64,147505,20160524,6454,0.00000386
48,335,-63,147505,20160531,13840,0.00000811
49,342,-62,147505,20160607,10356,0.00000613
50,349,-61,147505,20160614,6298,0.00000373
51,356,-60,147505,20160621,5002,0.00000298
52,363,-59,147505,20160628,5642,0.00000335
53,370,-58,147505,20160705,6011,0.00000355
54,377,-57,147505,20160712,6278,0.00000381
55,384,-56,147505,20160719,5456,0.00000292
56,391,-55,147505,20160726,5032,0.00000256
57,398,-54,147505,20160802,4791,0.00000251
58,405,-53,147505,20160809,4843,0.00000246
59,412,-52,147505,20160816,5581,0.00000317
60,419,-51,147505,20160823,9307,0.00000529
61,426,-50,147505,20160830,14843,0.00000848
62,433,-49,147505,20160906,7809,0.00000444
63,440,-48,147505,20160913,6702,0.00000378
64,447,-47,147505,20160920,13656,0.00000771
65,454,-46,147505,20160927,13802,0.00000791
66,461,-45,147505,20161004,12691,0.00000714
67,468,-44,147505,20161011,13662,0.00000758
68,475,-43,147505,20161018,19917,0.00001110
69,482,-42,147505,20161025,12688,0.00000725
70,489,-41,147505,20161101,35129,0.00001904
71,496,-40,147505,20161108,33439,0.00001750
72,503,-39,147505,20161115,13357,0.00000717
73,510,-38,147505,20161122,11056,0.00000609
74,517,-37,147505,20161129,13004,0.00000700
75,524,-36,147505,20161206,19197,0.00001039
76,531,-35,147505,20161213,20553,0.00001161
77,538,-34,147505,20161220,26482,0.00001533
78,545,-33,147505,20161227,40467,0.00002157
79,552,-32,147505,20170103,12431,0.00000629
80,559,-31,147505,20170110,7635,0.00000388
81,566,-30,147505,20170117,6746,0.00000340
82,573,-29,147505,20170124,8747,0.00000440
83,580,-28,147505,20170131,7246,0.00000372
84,587,-27,147505,20170207,6710,0.00000345
85,594,-26,147505,20170214,7360,0.00000387
86,601,-25,147505,20170221,9774,0.00000503
87,608,-24,147505,20170228,136953,0.00007218
88,615,-23,147505,20170307,15444,0.00000820
89,622,-22,147505,20170314,9346,0.00000497
90,629,-21,147505,20170321,7214,0.00000395
91,636,-20,147505,20170328,7778,0.00000438
92,643,-19,147505,20170404,7097,0.00000402
93,650,-18,147505,20170411,7439,0.00000423
94,657,-17,147505,20170418,6390,0.00000352
95,664,-16,147505,20170425,31200,0.00001754
96,671,-15,147505,20170502,6920,0.00000386
97,678,-14,147505,20170509,8075,0.00000459
98,685,-13,147505,20170516,6509,0.00000363
99,692,-12,147505,20170523,10092,0.00000590
100,699,-11,147505,20170530,7029,0.00000402
101,706,-10,147505,20170606,8231,0.00000480
102,713,-9,147505,20170613,7875,0.00000476
103,720,-8,147505,20170620,7138,0.00000437
104,727,-7,147505,20170627,6725,0.00000420
105,734,-6,147505,20170704,6297,0.00000383
106,741,-5,147505,20170711,6634,0.00000400
107,748,-4,147505,20170718,16004,0.00000959
108,755,-3,147505,20170725,8561,0.00000523
109,762,-2,147505,20170801,10917,0.00000677
110,769,-1,147505,20170808,7505,0.00000461
111,776,0,147505,20170815,866591,0.00053008
112,783,1,147505,20170822,92988,0.00005737
113,790,2,147505,20170829,24751,0.00001526
114,797,3,147505,20170905,52349,0.00003163
115,804,4,147505,20170912,20594,0.00001241
116,811,5,147505,20170919,14540,0.00000866
117,818,6,147505,20170926,11793,0.00000716
118,825,7,147505,20171003,10111,0.00000595
119,832,8,147505,20171010,9036,0.00000526
120,839,9,147505,20171017,9244,0.00000541
121,846,10,147505,20171024,10029,0.00000581
122,853,11,147505,20171031,10671,0.00000615
123,860,12,147505,20171107,8578,0.00000490
124,867,13,147505,20171114,9991,0.00000569
125,874,14,147505,20171121,7746,0.00000448
126,881,15,147505,20171128,7806,0.00000451
127,888,16,147505,20171205,10027,0.00000569
128,895,17,147505,20171212,13356,0.00000791
129,902,18,147505,20171219,22172,0.00001403
130,909,19,147505,20171226,23308,0.00001350
131,916,20,147505,20180102,9174,0.00000483
132,923,21,147505,20180109,7098,0.00000374
133,930,22,147505,20180116,5981,0.00000314
134,937,23,147505,20180123,47407,0.00002524
135,944,24,147505,20180130,8076,0.00000438
136,951,25,147505,20180206,6750,0.00000367
137,958,26,147505,20180213,6062,0.00000334
138,965,27,147505,20180220,7835,0.00000421
139,972,28,147505,20180227,8434,0.00000455
140,979,29,147505,20180306,162851,0.00008905
141,986,30,147505,20180313,24884,0.00001357
142,993,31,147505,20180320,8956,0.00000501
143,1000,32,147505,20180327,10022,0.00000566
144,1007,33,147505,20180403,8472,0.00000466
145,1014,34,147505,20180410,6143,0.00000338
146,1021,35,147505,20180417,6732,0.00000381
147,1028,36,147505,20180424,5514,0.00000312
148,1035,37,147505,20180501,4758,0.00000276
149,1042,38,147505,20180508,7643,0.00000438
150,1049,39,147505,20180515,5641,0.00000312
151,1056,40,147505,20180522,6843,0.00000395
152,1063,41,147505,20180529,5796,0.00000337
153,1070,42,147505,20180605,6112,0.00000352
154,1077,43,147505,20180612,9763,0.00000579
155,1084,44,147505,20180619,5906,0.00000349
156,1091,45,147505,20180626,4856,0.00000290
0,0,-112,207593,20150701,4657,0.00000273
1,7,-111,207593,20150708,4105,0.00000235
2,14,-110,207593,20150715,3741,0.00000218
3,21,-109,207593,20150722,4263,0.00000245
4,28,-108,207593,20150729,5019,0.00000296
5,35,-107,207593,20150805,4723,0.00000274
6,42,-106,207593,20150812,4892,0.00000282
7,49,-105,207593,20150819,3885,0.00000222
8,56,-104,207593,20150826,4161,0.00000240
9,63,-103,207593,20150902,3905,0.00000213
10,70,-102,207593,20150909,3871,0.00000211
11,77,-101,207593,20150916,4094,0.00000235
12,84,-100,207593,20150923,3534,0.00000204
13,91,-99,207593,20150930,3983,0.00000233
14,98,-98,207593,20151007,5551,0.00000316
15,105,-97,207593,20151014,5840,0.00000331
16,112,-96,207593,20151021,4612,0.00000260
17,119,-95,207593,20151028,3943,0.00000225
18,126,-94,207593,20151104,4727,0.00000266
19,133,-93,207593,20151111,4606,0.00000263
20,140,-92,207593,20151118,4827,0.00000275
21,147,-91,207593,20151125,5144,0.00000296
22,154,-90,207593,20151202,7199,0.00000408
23,161,-89,207593,20151209,5476,0.00000311
24,168,-88,207593,20151216,4104,0.00000252
25,175,-87,207593,20151223,3958,0.00000249
26,182,-86,207593,20151230,8181,0.00000464
27,189,-85,207593,20160106,7553,0.00000406
28,196,-84,207593,20160113,5503,0.00000298
29,203,-83,207593,20160120,5229,0.00000281
30,210,-82,207593,20160127,5075,0.00000274
31,217,-81,207593,20160203,5646,0.00000308
32,224,-80,207593,20160210,4720,0.00000260
33,231,-79,207593,20160217,6644,0.00000362
34,238,-78,207593,20160224,5456,0.00000299
35,245,-77,207593,20160302,4415,0.00000244
36,252,-76,207593,20160309,3773,0.00000217
37,259,-75,207593,20160316,3767,0.00000224
38,266,-74,207593,20160323,23369,0.00001384
39,273,-73,207593,20160330,17146,0.00001003
40,280,-72,207593,20160406,8641,0.00000494
41,287,-71,207593,20160413,6529,0.00000381
42,294,-70,207593,20160420,28290,0.00001606
43,301,-69,207593,20160427,13178,0.00000767
44,308,-68,207593,20160504,22527,0.00001318
45,315,-67,207593,20160511,25067,0.00001463
46,322,-66,207593,20160518,20098,0.00001160
47,329,-65,207593,20160525,8925,0.00000533
48,336,-64,207593,20160601,11483,0.00000675
49,343,-63,207593,20160608,7092,0.00000418
50,350,-62,207593,20160615,6193,0.00000369
51,357,-61,207593,20160622,5305,0.00000315
52,364,-60,207593,20160629,6357,0.00000377
53,371,-59,207593,20160706,7932,0.00000471
54,378,-58,207593,20160713,7633,0.00000463
55,385,-57,207593,20160720,6411,0.00000335
56,392,-56,207593,20160727,6185,0.00000315
57,399,-55,207593,20160803,7953,0.00000417
58,406,-54,207593,20160810,6013,0.00000307
59,413,-53,207593,20160817,5832,0.00000335
60,420,-52,207593,20160824,5573,0.00000316
61,427,-51,207593,20160831,5084,0.00000291
62,434,-50,207593,20160907,5262,0.00000299
63,441,-49,207593,20160914,11394,0.00000644
64,448,-48,207593,20160921,13609,0.00000771
65,455,-47,207593,20160928,6004,0.00000342
66,462,-46,207593,20161005,5375,0.00000303
67,469,-45,207593,20161012,7523,0.00000415
68,476,-44,207593,20161019,7148,0.00000400
69,483,-43,207593,20161026,5433,0.00000311
70,490,-42,207593,20161102,5276,0.00000284
71,497,-41,207593,20161109,6123,0.00000320
72,504,-40,207593,20161116,7625,0.00000411
73,511,-39,207593,20161123,6242,0.00000342
74,518,-38,207593,20161130,5102,0.00000275
75,525,-37,207593,20161207,4932,0.00000269
76,532,-36,207593,20161214,4963,0.00000280
77,539,-35,207593,20161221,7282,0.00000419
78,546,-34,207593,20161228,5527,0.00000293
79,553,-33,207593,20170104,8814,0.00000447
80,560,-32,207593,20170111,6601,0.00000334
81,567,-31,207593,20170118,5701,0.00000288
82,574,-30,207593,20170125,5648,0.00000284
83,581,-29,207593,20170201,7329,0.00000377
84,588,-28,207593,20170208,8497,0.00000439
85,595,-27,207593,20170215,5657,0.00000295
86,602,-26,207593,20170222,6680,0.00000344
87,609,-25,207593,20170301,4361,0.00000230
88,616,-24,207593,20170308,4458,0.00000237
89,623,-23,207593,20170315,4489,0.00000238
90,630,-22,207593,20170322,4656,0.00000258
91,637,-21,207593,20170329,4569,0.00000257
92,644,-20,207593,20170405,6233,0.00000356
93,651,-19,207593,20170412,5919,0.00000334
94,658,-18,207593,20170419,5032,0.00000278
95,665,-17,207593,20170426,4346,0.00000244
96,672,-16,207593,20170503,3883,0.00000217
97,679,-15,207593,20170510,4337,0.00000248
98,686,-14,207593,20170517,3960,0.00000220
99,693,-13,207593,20170524,4111,0.00000242
100,700,-12,207593,20170531,4290,0.00000246
101,707,-11,207593,20170607,4339,0.00000254
102,714,-10,207593,20170614,4689,0.00000285
103,721,-9,207593,20170621,14133,0.00000870
104,728,-8,207593,20170628,4570,0.00000285
105,735,-7,207593,20170705,5509,0.00000333
106,742,-6,207593,20170712,9046,0.00000547
107,749,-5,207593,20170719,5457,0.00000326
108,756,-4,207593,20170726,4549,0.00000279
109,763,-3,207593,20170802,4586,0.00000284
110,770,-2,207593,20170809,4102,0.00000252
111,777,-1,207593,20170816,504093,0.00030794
112,784,0,207593,20170823,57689,0.00003563
113,791,1,207593,20170830,20467,0.00001252
114,798,2,207593,20170906,12627,0.00000769
115,805,3,207593,20170913,22800,0.00001364
116,812,4,207593,20170920,16378,0.00000977
117,819,5,207593,20170927,26983,0.00001633
118,826,6,207593,20171004,8234,0.00000483
119,833,7,207593,20171011,8757,0.00000511
120,840,8,207593,20171018,6379,0.00000372
121,847,9,207593,20171025,5169,0.00000301
122,854,10,207593,20171101,4967,0.00000284
123,861,11,207593,20171108,5114,0.00000292
124,868,12,207593,20171115,5009,0.00000286
125,875,13,207593,20171122,5069,0.00000292
126,882,14,207593,20171129,4912,0.00000284
127,889,15,207593,20171206,4927,0.00000281
128,896,16,207593,20171213,5064,0.00000302
129,903,17,207593,20171220,6285,0.00000397
130,910,18,207593,20171227,11817,0.00000673
131,917,19,207593,20180103,6756,0.00000356
132,924,20,207593,20180110,7159,0.00000375
133,931,21,207593,20180117,6021,0.00000317
134,938,22,207593,20180124,5407,0.00000289
135,945,23,207593,20180131,6104,0.00000331
136,952,24,207593,20180207,7199,0.00000392
137,959,25,207593,20180214,6517,0.00000358
138,966,26,207593,20180221,6874,0.00000369
139,973,27,207593,20180228,5411,0.00000293
140,980,28,207593,20180307,5127,0.00000280
141,987,29,207593,20180314,4063,0.00000222
142,994,30,207593,20180321,4268,0.00000239
143,1001,31,207593,20180328,4368,0.00000246
144,1008,32,207593,20180404,5123,0.00000282
145,1015,33,207593,20180411,4310,0.00000237
146,1022,34,207593,20180418,4016,0.00000227
147,1029,35,207593,20180425,4885,0.00000278
148,1036,36,207593,20180502,4759,0.00000276
149,1043,37,207593,20180509,4614,0.00000264
150,1050,38,207593,20180516,4494,0.00000248
151,1057,39,207593,20180523,4695,0.00000271
152,1064,40,207593,20180530,4568,0.00000267
153,1071,41,207593,20180606,4778,0.00000276
154,1078,42,207593,20180613,4335,0.00000256
155,1085,43,207593,20180620,4884,0.00000290
156,1092,44,207593,20180627,7205,0.00000430
0,1,-112,15967,20150702,22192,0.00001294
1,8,-111,15967,20150709,20042,0.00001146
2,15,-110,15967,20150716,22226,0.00001295
3,22,-109,15967,20150723,23169,0.00001318
4,29,-108,15967,20150730,24641,0.00001468
5,36,-107,15967,20150806,40513,0.00002351
6,43,-106,15967,20150813,23620,0.00001358
7,50,-105,15967,20150820,24728,0.00001413
8,57,-104,15967,20150827,23964,0.00001378
9,64,-103,15967,20150903,40209,0.00002176
10,71,-102,15967,20150910,26454,0.00001455
11,78,-101,15967,20150917,21666,0.00001238
12,85,-100,15967,20150924,23343,0.00001349
13,92,-99,15967,20151001,21220,0.00001232
14,99,-98,15967,20151008,28014,0.00001591
15,106,-97,15967,20151015,21051,0.00001194
16,113,-96,15967,20151022,24421,0.00001376
17,120,-95,15967,20151029,21785,0.00001243
18,127,-94,15967,20151105,23695,0.00001338
19,134,-93,15967,20151112,21043,0.00001198
20,141,-92,15967,20151119,24170,0.00001390
21,148,-91,15967,20151126,22766,0.00001302
22,155,-90,15967,20151203,29613,0.00001674
23,162,-89,15967,20151210,31164,0.00001784
24,169,-88,15967,20151217,33776,0.00002101
25,176,-87,15967,20151224,41877,0.00002600
26,183,-86,15967,20151231,36253,0.00002036
27,190,-85,15967,20160107,27468,0.00001477
28,197,-84,15967,20160114,24152,0.00001309
29,204,-83,15967,20160121,40436,0.00002171
30,211,-82,15967,20160128,34689,0.00001873
31,218,-81,15967,20160204,26772,0.00001468
32,225,-80,15967,20160211,20009,0.00001100
33,232,-79,15967,20160218,24016,0.00001312
34,239,-78,15967,20160225,20555,0.00001127
35,246,-77,15967,20160303,27437,0.00001521
36,253,-76,15967,20160310,73569,0.00004256
37,260,-75,15967,20160317,80722,0.00004833
38,267,-74,15967,20160324,33893,0.00001994
39,274,-73,15967,20160331,36006,0.00002094
40,281,-72,15967,20160407,37036,0.00002122
41,288,-71,15967,20160414,25844,0.00001509
42,295,-70,15967,20160421,30280,0.00001719
43,302,-69,15967,20160428,26681,0.00001556
44,309,-68,15967,20160505,22215,0.00001300
45,316,-67,15967,20160512,19806,0.00001151
46,323,-66,15967,20160519,20340,0.00001181
47,330,-65,15967,20160526,29999,0.00001786
48,337,-64,15967,20160602,26313,0.00001553
49,344,-63,15967,20160609,19967,0.00001173
50,351,-62,15967,20160616,33717,0.00002014
51,358,-61,15967,20160623,21281,0.00001263
52,365,-60,15967,20160630,22045,0.00001299
53,372,-59,15967,20160707,20654,0.00001235
54,379,-58,15967,20160714,21258,0.00001278
55,386,-57,15967,20160721,25653,0.00001318
56,393,-56,15967,20160728,23273,0.00001196
57,400,-55,15967,20160804,34926,0.00001817
58,407,-54,15967,20160811,23044,0.00001201
59,414,-53,15967,20160818,21944,0.00001254
60,421,-52,15967,20160825,36771,0.00002079
61,428,-51,15967,20160901,110951,0.00006382
62,435,-50,15967,20160908,36257,0.00002052
63,442,-49,15967,20160915,33091,0.00001868
64,449,-48,15967,20160922,26966,0.00001528
65,456,-47,15967,20160929,26361,0.00001498
66,463,-46,15967,20161006,21782,0.00001230
67,470,-45,15967,20161013,24183,0.00001333
68,477,-44,15967,20161020,23417,0.00001314
69,484,-43,15967,20161027,21626,0.00001231
70,491,-42,15967,20161103,23945,0.00001279
71,498,-41,15967,20161110,20005,0.00001048
72,505,-40,15967,20161117,22073,0.00001199
73,512,-39,15967,20161124,31811,0.00001731
74,519,-38,15967,20161201,24963,0.00001343
75,526,-37,15967,20161208,31239,0.00001712
76,533,-36,15967,20161215,117643,0.00006668
77,540,-35,15967,20161222,59281,0.00003372
78,547,-34,15967,20161229,38720,0.00002045
79,554,-33,15967,20170105,27298,0.00001385
80,561,-32,15967,20170112,28031,0.00001413
81,568,-31,15967,20170119,24766,0.00001250
82,575,-30,15967,20170126,26695,0.00001344
83,582,-29,15967,20170202,25706,0.00001321
84,589,-28,15967,20170209,24767,0.00001282
85,596,-27,15967,20170216,23786,0.00001241
86,603,-26,15967,20170223,23282,0.00001201
87,610,-25,15967,20170302,29823,0.00001577
88,617,-24,15967,20170309,30913,0.00001648
89,624,-23,15967,20170316,46005,0.00002436
90,631,-22,15967,20170323,26420,0.00001469
91,638,-21,15967,20170330,23371,0.00001322
92,645,-20,15967,20170406,51400,0.00002936
93,652,-19,15967,20170413,25536,0.00001430
94,659,-18,15967,20170420,32098,0.00001783
95,666,-17,15967,20170427,28225,0.00001584
96,673,-16,15967,20170504,24856,0.00001391
97,680,-15,15967,20170511,22041,0.00001258
98,687,-14,15967,20170518,20966,0.00001168
99,694,-13,15967,20170525,23249,0.00001337
100,701,-12,15967,20170601,38649,0.00002262
101,708,-11,15967,20170608,29602,0.00001746
102,715,-10,15967,20170615,24191,0.00001463
103,722,-9,15967,20170622,22659,0.00001404
104,729,-8,15967,20170629,21637,0.00001348
105,736,-7,15967,20170706,20703,0.00001248
106,743,-6,15967,20170713,24343,0.00001477
107,750,-5,15967,20170720,21957,0.00001310
108,757,-4,15967,20170727,21420,0.00001317
109,764,-3,15967,20170803,21888,0.00001352
110,771,-2,15967,20170810,25927,0.00001599
111,778,-1,15967,20170817,1548243,0.00094650
112,785,0,15967,20170824,201853,0.00012473
113,792,1,15967,20170831,97378,0.00005933
114,799,2,15967,20170907,37434,0.00002286
115,806,3,15967,20170914,42671,0.00002541
116,813,4,15967,20170921,93317,0.00005575
117,820,5,15967,20170928,31986,0.00001934
118,827,6,15967,20171005,19890,0.00001163
119,834,7,15967,20171012,18368,0.00001078
120,841,8,15967,20171019,21422,0.00001242
121,848,9,15967,20171026,15388,0.00000900
122,855,10,15967,20171102,16016,0.00000912
123,862,11,15967,20171109,19213,0.00001098
124,869,12,15967,20171116,17632,0.00001007
125,876,13,15967,20171123,19010,0.00001094
126,883,14,15967,20171130,18767,0.00001090
127,890,15,15967,20171207,19367,0.00001103
128,897,16,15967,20171214,34023,0.00002051
129,904,17,15967,20171221,28471,0.00001782
130,911,18,15967,20171228,32157,0.00001806
131,918,19,15967,20180104,26076,0.00001377
132,925,20,15967,20180111,21390,0.00001115
133,932,21,15967,20180118,20074,0.00001060
134,939,22,15967,20180125,21926,0.00001173
135,946,23,15967,20180201,17608,0.00000955
136,953,24,15967,20180208,16983,0.00000930
137,960,25,15967,20180215,17577,0.00000959
138,967,26,15967,20180222,17195,0.00000926
139,974,27,15967,20180301,52985,0.00002865
140,981,28,15967,20180308,19872,0.00001080
141,988,29,15967,20180315,20603,0.00001137
142,995,30,15967,20180322,15720,0.00000882
143,1002,31,15967,20180329,15904,0.00000891
144,1009,32,15967,20180405,17463,0.00000960
145,1016,33,15967,20180412,15942,0.00000881
146,1023,34,15967,20180419,15696,0.00000886
147,1030,35,15967,20180426,14328,0.00000825
148,1037,36,15967,20180503,14288,0.00000827
149,1044,37,15967,20180510,16301,0.00000930
150,1051,38,15967,20180517,14684,0.00000811
151,1058,39,15967,20180524,15561,0.00000899
152,1065,40,15967,20180531,15820,0.00000928
153,1072,41,15967,20180607,17707,0.00001022
154,1079,42,15967,20180614,22881,0.00001355
155,1086,43,15967,20180621,18243,0.00001085
1,6,-114,163146,20150707,9282,0.00000532
2,13,-113,163146,20150714,11871,0.00000687
3,20,-112,163146,20150721,9054,0.00000521
4,27,-111,163146,20150728,11343,0.00000666
5,34,-110,163146,20150804,10451,0.00000608
6,41,-109,163146,20150811,9816,0.00000566
7,48,-108,163146,20150818,11113,0.00000637
8,55,-107,163146,20150825,11563,0.00000664
9,62,-106,163146,20150901,18247,0.00001015
10,69,-105,163146,20150908,9541,0.00000513
11,76,-104,163146,20150915,8399,0.00000478
12,83,-103,163146,20150922,8917,0.00000515
13,90,-102,163146,20150929,9954,0.00000583
14,97,-101,163146,20151006,9337,0.00000532
15,104,-100,163146,20151013,11559,0.00000655
16,111,-99,163146,20151020,9181,0.00000515
17,118,-98,163146,20151027,8633,0.00000491
18,125,-97,163146,20151103,10159,0.00000573
19,132,-96,163146,20151110,11295,0.00000646
20,139,-95,163146,20151117,10058,0.00000572
21,146,-94,163146,20151124,10444,0.00000603
22,153,-93,163146,20151201,10361,0.00000589
23,160,-92,163146,20151208,9600,0.00000541
24,167,-91,163146,20151215,9010,0.00000546
25,174,-90,163146,20151222,10475,0.00000666
26,181,-89,163146,20151229,10919,0.00000625
27,188,-88,163146,20160105,10402,0.00000562
28,195,-87,163146,20160112,10426,0.00000566
29,202,-86,163146,20160119,11801,0.00000633
30,209,-85,163146,20160126,11675,0.00000630
31,216,-84,163146,20160202,11853,0.00000645
32,223,-83,163146,20160209,9715,0.00000540
33,230,-82,163146,20160216,10192,0.00000552
34,237,-81,163146,20160223,10005,0.00000549
35,244,-80,163146,20160301,10393,0.00000572
36,251,-79,163146,20160308,9733,0.00000558
37,258,-78,163146,20160315,9837,0.00000581
38,265,-77,163146,20160322,10068,0.00000602
39,272,-76,163146,20160329,9555,0.00000559
40,279,-75,163146,20160405,8818,0.00000504
41,286,-74,163146,20160412,9728,0.00000566
42,293,-73,163146,20160419,9541,0.00000543
43,300,-72,163146,20160426,9777,0.00000569
44,307,-71,163146,20160503,9765,0.00000572
45,314,-70,163146,20160510,9012,0.00000526
46,321,-69,163146,20160517,10449,0.00000602
47,328,-68,163146,20160524,8494,0.00000508
48,335,-67,163146,20160531,9917,0.00000581
49,342,-66,163146,20160607,8882,0.00000525
50,349,-65,163146,20160614,8169,0.00000484
51,356,-64,163146,20160621,9348,0.00000557
52,363,-63,163146,20160628,9122,0.00000541
53,370,-62,163146,20160705,10712,0.00000633
54,377,-61,163146,20160712,19428,0.00001180
55,384,-60,163146,20160719,11582,0.00000620
56,391,-59,163146,20160726,11177,0.00000568
57,398,-58,163146,20160802,8724,0.00000457
58,405,-57,163146,20160809,8090,0.00000411
59,412,-56,163146,20160816,8315,0.00000472
60,419,-55,163146,20160823,11106,0.00000631
61,426,-54,163146,20160830,10100,0.00000577
62,433,-53,163146,20160906,9181,0.00000522
63,440,-52,163146,20160913,9378,0.00000529
64,447,-51,163146,20160920,10873,0.00000614
65,454,-50,163146,20160927,8055,0.00000462
66,461,-49,163146,20161004,9308,0.00000524
67,468,-48,163146,20161011,9742,0.00000540
68,475,-47,163146,20161018,9625,0.00000537
69,482,-46,163146,20161025,9645,0.00000551
70,489,-45,163146,20161101,12007,0.00000651
71,496,-44,163146,20161108,9713,0.00000508
72,503,-43,163146,20161115,9393,0.00000504
73,510,-42,163146,20161122,9640,0.00000531
74,517,-41,163146,20161129,10179,0.00000548
75,524,-40,163146,20161206,9903,0.00000536
76,531,-39,163146,20161213,10774,0.00000608
77,538,-38,163146,20161220,10527,0.00000609
78,545,-37,163146,20161227,16138,0.00000860
79,552,-36,163146,20170103,14249,0.00000721
80,559,-35,163146,20170110,14017,0.00000712
81,566,-34,163146,20170117,11320,0.00000570
82,573,-33,163146,20170124,13315,0.00000669
83,580,-32,163146,20170131,11926,0.00000613
84,587,-31,163146,20170207,13784,0.00000708
85,594,-30,163146,20170214,10685,0.00000561
86,601,-29,163146,20170221,12058,0.00000621
87,608,-28,163146,20170228,13611,0.00000717
88,615,-27,163146,20170307,11922,0.00000633
89,622,-26,163146,20170314,12164,0.00000647
90,629,-25,163146,20170321,11115,0.00000609
91,636,-24,163146,20170328,11347,0.00000639
92,643,-23,163146,20170404,15155,0.00000859
93,650,-22,163146,20170411,12360,0.00000703
94,657,-21,163146,20170418,11402,0.00000629
95,664,-20,163146,20170425,11966,0.00000673
96,671,-19,163146,20170502,15554,0.00000869
97,678,-18,163146,20170509,16475,0.00000937
98,685,-17,163146,20170516,21731,0.00001212
99,692,-16,163146,20170523,20514,0.00001199
100,699,-15,163146,20170530,15102,0.00000864
101,706,-14,163146,20170606,19972,0.00001166
102,713,-13,163146,20170613,19189,0.00001161
103,720,-12,163146,20170620,20523,0.00001256
104,727,-11,163146,20170627,13484,0.00000842
105,734,-10,163146,20170704,16308,0.00000991
106,741,-9,163146,20170711,23279,0.00001404
107,748,-8,163146,20170718,16692,0.00001000
108,755,-7,163146,20170725,16498,0.00001008
109,762,-6,163146,20170801,19779,0.00001226
110,769,-5,163146,20170808,12917,0.00000794
111,776,-4,163146,20170815,12655,0.00000774
112,783,-3,163146,20170822,11699,0.00000722
113,790,-2,163146,20170829,14309,0.00000882
114,797,-1,163146,20170905,14515,0.00000877
115,804,0,163146,20170912,674165,0.00040612
116,811,1,163146,20170919,79010,0.00004705
117,818,2,163146,20170926,39365,0.00002390
118,825,3,163146,20171003,29664,0.00001746
119,832,4,163146,20171010,24522,0.00001428
120,839,5,163146,20171017,22116,0.00001295
121,846,6,163146,20171024,20443,0.00001183
122,853,7,163146,20171031,18824,0.00001085
123,860,8,163146,20171107,14751,0.00000843
124,867,9,163146,20171114,15207,0.00000866
125,874,10,163146,20171121,15031,0.00000870
126,881,11,163146,20171128,13908,0.00000804
127,888,12,163146,20171205,13787,0.00000782
128,895,13,163146,20171212,13793,0.00000817
129,902,14,163146,20171219,15875,0.00001005
130,909,15,163146,20171226,26027,0.00001507
131,916,16,163146,20180102,35034,0.00001843
132,923,17,163146,20180109,27192,0.00001431
133,930,18,163146,20180116,20643,0.00001084
134,937,19,163146,20180123,19824,0.00001056
135,944,20,163146,20180130,17137,0.00000929
136,951,21,163146,20180206,21577,0.00001172
137,958,22,163146,20180213,20584,0.00001134
138,965,23,163146,20180220,18866,0.00001015
139,972,24,163146,20180227,31674,0.00001711
140,979,25,163146,20180306,26105,0.00001428
141,986,26,163146,20180313,16472,0.00000898
142,993,27,163146,20180320,15542,0.00000869
143,1000,28,163146,20180327,19515,0.00001102
144,1007,29,163146,20180403,17186,0.00000945
145,1014,30,163146,20180410,15322,0.00000843
146,1021,31,163146,20180417,15233,0.00000863
147,1028,32,163146,20180424,12888,0.00000730
148,1035,33,163146,20180501,13089,0.00000759
149,1042,34,163146,20180508,13112,0.00000752
150,1049,35,163146,20180515,10847,0.00000600
151,1056,36,163146,20180522,13143,0.00000759
152,1063,37,163146,20180529,13626,0.00000792
153,1070,38,163146,20180605,11868,0.00000684
154,1077,39,163146,20180612,12350,0.00000732
155,1084,40,163146,20180619,13372,0.00000790
156,1091,41,163146,20180626,12757,0.00000762
1,4,-116,14279,20150705,63332,0.00003637
2,11,-115,14279,20150712,48825,0.00002812
3,18,-114,14279,20150719,41716,0.00002405
4,25,-113,14279,20150726,40249,0.00002312
5,32,-112,14279,20150802,70275,0.00004156
6,39,-111,14279,20150809,43170,0.00002513
7,46,-110,14279,20150816,42619,0.00002445
8,53,-109,14279,20150823,35108,0.00002014
9,60,-108,14279,20150830,33871,0.00001916
10,67,-107,14279,20150906,34646,0.00001859
11,74,-106,14279,20150913,31593,0.00001780
12,81,-105,14279,20150920,37548,0.00002153
13,88,-104,14279,20150927,41596,0.00002429
14,95,-103,14279,20151004,36939,0.00002111
15,102,-102,14279,20151011,99529,0.00005663
16,109,-101,14279,20151018,246229,0.00013820
17,116,-100,14279,20151025,39941,0.00002266
18,123,-99,14279,20151101,37952,0.00002153
19,130,-98,14279,20151108,35018,0.00001996
20,137,-97,14279,20151115,31173,0.00001769
21,144,-96,14279,20151122,29147,0.00001693
22,151,-95,14279,20151129,38017,0.00002159
23,158,-94,14279,20151206,36172,0.00002035
24,165,-93,14279,20151213,31633,0.00001864
25,172,-92,14279,20151220,27761,0.00001777
26,179,-91,14279,20151227,33919,0.00002000
27,186,-90,14279,20160103,51936,0.00002854
28,193,-89,14279,20160110,219445,0.00011775
29,200,-88,14279,20160117,51294,0.00002768
30,207,-87,14279,20160124,36734,0.00001983
31,214,-86,14279,20160131,40173,0.00002175
32,221,-85,14279,20160207,37567,0.00002075
33,228,-84,14279,20160214,35101,0.00001918
34,235,-83,14279,20160221,31354,0.00001725
35,242,-82,14279,20160228,34931,0.00001900
36,249,-81,14279,20160306,31128,0.00001763
37,256,-80,14279,20160313,27214,0.00001590
38,263,-79,14279,20160320,45517,0.00002737
39,270,-78,14279,20160327,53388,0.00003130
40,277,-77,14279,20160403,70458,0.00004044
41,284,-76,14279,20160410,68781,0.00003966
42,291,-75,14279,20160417,31829,0.00001826
43,298,-74,14279,20160424,31177,0.00001802
44,305,-73,14279,20160501,28949,0.00001696
45,312,-72,14279,20160508,41698,0.00002438
46,319,-71,14279,20160515,50059,0.00002886
47,326,-70,14279,20160522,32558,0.00001924
48,333,-69,14279,20160529,31114,0.00001836
49,340,-68,14279,20160605,88202,0.00005224
50,347,-67,14279,20160612,29373,0.00001732
51,354,-66,14279,20160619,25412,0.00001513
52,361,-65,14279,20160626,27072,0.00001598
53,368,-64,14279,20160703,25937,0.00001545
54,375,-63,14279,20160710,27922,0.00001678
55,382,-62,14279,20160717,38445,0.00002163
56,389,-61,14279,20160724,29944,0.00001524
57,396,-60,14279,20160731,30963,0.00001615
58,403,-59,14279,20160807,32835,0.00001677
59,410,-58,14279,20160814,65878,0.00003643
60,417,-57,14279,20160821,30853,0.00001749
61,424,-56,14279,20160828,31453,0.00001781
62,431,-55,14279,20160904,32895,0.00001882
63,438,-54,14279,20160911,31227,0.00001770
64,445,-53,14279,20160918,27122,0.00001520
65,452,-52,14279,20160925,46668,0.00002678
66,459,-51,14279,20161002,40629,0.00002286
67,466,-50,14279,20161009,37076,0.00002077
68,473,-49,14279,20161016,37959,0.00002106
69,480,-48,14279,20161023,37731,0.00002143
70,487,-47,14279,20161030,36234,0.00001998
71,494,-46,14279,20161106,41150,0.00002179
72,501,-45,14279,20161113,36691,0.00001943
73,508,-44,14279,20161120,37204,0.00002057
74,515,-43,14279,20161127,49811,0.00002678
75,522,-42,14279,20161204,48486,0.00002602
76,529,-41,14279,20161211,44944,0.00002537
77,536,-40,14279,20161218,38551,0.00002186
78,543,-39,14279,20161225,47446,0.00002596
79,550,-38,14279,20170101,44858,0.00002318
80,557,-37,14279,20170108,41769,0.00002122
81,564,-36,14279,20170115,36304,0.00001831
82,571,-35,14279,20170122,39491,0.00001983
83,578,-34,14279,20170129,41165,0.00002108
84,585,-33,14279,20170205,38838,0.00001990
85,592,-32,14279,20170212,89918,0.00004703
86,599,-31,14279,20170219,45543,0.00002374
87,606,-30,14279,20170226,34472,0.00001784
88,613,-29,14279,20170305,33673,0.00001782
89,620,-28,14279,20170312,35548,0.00001891
90,627,-27,14279,20170319,31822,0.00001717
91,634,-26,14279,20170326,34351,0.00001931
92,641,-25,14279,20170402,68610,0.00003872
93,648,-24,14279,20170409,101870,0.00005832
94,655,-23,14279,20170416,73806,0.00004090
95,662,-22,14279,20170423,77861,0.00004365
96,669,-21,14279,20170430,53645,0.00002993
97,676,-20,14279,20170507,43582,0.00002463
98,683,-19,14279,20170514,41276,0.00002338
99,690,-18,14279,20170521,38956,0.00002221
100,697,-17,14279,20170528,40414,0.00002309
101,704,-16,14279,20170604,44910,0.00002619
102,711,-15,14279,20170611,35129,0.00002101
103,718,-14,14279,20170618,35441,0.00002153
104,725,-13,14279,20170625,38013,0.00002369
105,732,-12,14279,20170702,35978,0.00002216
106,739,-11,14279,20170709,253649,0.00015290
107,746,-10,14279,20170716,156458,0.00009421
108,753,-9,14279,20170723,55291,0.00003340
109,760,-8,14279,20170730,49156,0.00003042
110,767,-7,14279,20170806,43652,0.00002677
111,774,-6,14279,20170813,40829,0.00002519
112,781,-5,14279,20170820,56800,0.00003484
113,788,-4,14279,20170827,40632,0.00002525
114,795,-3,14279,20170903,39676,0.00002391
115,802,-2,14279,20170910,38999,0.00002374
116,809,-1,14279,20170917,34412,0.00002038
117,816,0,14279,20170924,4412623,0.00266796
118,823,1,14279,20171001,568050,0.00033859
119,830,2,14279,20171008,117362,0.00006836
120,837,3,14279,20171015,86430,0.00005083
121,844,4,14279,20171022,67292,0.00003896
122,851,5,14279,20171029,52577,0.00003042
123,858,6,14279,20171105,46786,0.00002676
124,865,7,14279,20171112,40944,0.00002335
125,872,8,14279,20171119,38994,0.00002262
126,879,9,14279,20171126,32995,0.00001887
127,886,10,14279,20171203,30707,0.00001752
128,893,11,14279,20171210,30068,0.00001754
129,900,12,14279,20171217,36020,0.00002217
130,907,13,14279,20171224,45623,0.00002716
131,914,14,14279,20171231,40659,0.00002220
132,921,15,14279,20180107,31804,0.00001688
133,928,16,14279,20180114,31242,0.00001622
134,935,17,14279,20180121,30288,0.00001615
135,942,18,14279,20180128,28105,0.00001518
136,949,19,14279,20180204,26527,0.00001435
137,956,20,14279,20180211,26005,0.00001433
138,963,21,14279,20180218,28172,0.00001528
139,970,22,14279,20180225,27191,0.00001468
140,977,23,14279,20180304,34308,0.00001861
141,984,24,14279,20180311,28181,0.00001530
142,991,25,14279,20180318,29996,0.00001665
143,998,26,14279,20180325,31478,0.00001777
144,1005,27,14279,20180401,32671,0.00001815
145,1012,28,14279,20180408,32150,0.00001772
146,1019,29,14279,20180415,24376,0.00001361
147,1026,30,14279,20180422,26875,0.00001515
148,1033,31,14279,20180429,27636,0.00001601
149,1040,32,14279,20180506,24615,0.00001417
150,1047,33,14279,20180513,26354,0.00001482
151,1054,34,14279,20180520,26042,0.00001474
152,1061,35,14279,20180527,26232,0.00001519
153,1068,36,14279,20180603,27658,0.00001600
154,1075,37,14279,20180610,24369,0.00001437
155,1082,38,14279,20180617,26101,0.00001538
156,1089,39,14279,20180624,23133,0.00001383
0,2,-118,61853,20150703,13651,0.00000793
1,9,-117,61853,20150710,18400,0.00001053
2,16,-116,61853,20150717,13745,0.00000799
3,23,-115,61853,20150724,14186,0.00000808
4,30,-114,61853,20150731,12737,0.00000759
5,37,-113,61853,20150807,12756,0.00000740
6,44,-112,61853,20150814,13594,0.00000781
7,51,-111,61853,20150821,13240,0.00000758
8,58,-110,61853,20150828,13117,0.00000749
9,65,-109,61853,20150904,13476,0.00000730
10,72,-108,61853,20150911,12395,0.00000683
11,79,-107,61853,20150918,12487,0.00000715
12,86,-106,61853,20150925,13009,0.00000756
13,93,-105,61853,20151002,16680,0.00000960
14,100,-104,61853,20151009,18172,0.00001032
15,107,-103,61853,20151016,19176,0.00001085
16,114,-102,61853,20151023,13368,0.00000755
17,121,-101,61853,20151030,12697,0.00000722
18,128,-100,61853,20151106,15340,0.00000869
19,135,-99,61853,20151113,15501,0.00000883
20,142,-98,61853,20151120,24207,0.00001404
21,149,-97,61853,20151127,28719,0.00001632
22,156,-96,61853,20151204,15897,0.00000898
23,163,-95,61853,20151211,17131,0.00000988
24,170,-94,61853,20151218,14145,0.00000898
25,177,-93,61853,20151225,15364,0.00000943
26,184,-92,61853,20160101,14943,0.00000823
27,191,-91,61853,20160108,16640,0.00000892
28,198,-90,61853,20160115,14882,0.00000807
29,205,-89,61853,20160122,14451,0.00000777
30,212,-88,61853,20160129,15679,0.00000847
31,219,-87,61853,20160205,15767,0.00000868
32,226,-86,61853,20160212,14003,0.00000768
33,233,-85,61853,20160219,14422,0.00000787
34,240,-84,61853,20160226,14626,0.00000801
35,247,-83,61853,20160304,13603,0.00000760
36,254,-82,61853,20160311,12991,0.00000753
37,261,-81,61853,20160318,14169,0.00000856
38,268,-80,61853,20160325,14582,0.00000854
39,275,-79,61853,20160401,14358,0.00000831
40,282,-78,61853,20160408,14475,0.00000829
41,289,-77,61853,20160415,17627,0.00001023
42,296,-76,61853,20160422,25326,0.00001444
43,303,-75,61853,20160429,26404,0.00001548
44,310,-74,61853,20160506,44879,0.00002624
45,317,-73,61853,20160513,39582,0.00002296
46,324,-72,61853,20160520,35376,0.00002063
47,331,-71,61853,20160527,30603,0.00001822
48,338,-70,61853,20160603,27722,0.00001639
49,345,-69,61853,20160610,25980,0.00001524
50,352,-68,61853,20160617,21090,0.00001260
51,359,-67,61853,20160624,23471,0.00001394
52,366,-66,61853,20160701,22469,0.00001326
53,373,-65,61853,20160708,18122,0.00001085
54,380,-64,61853,20160715,18440,0.00001090
55,387,-63,61853,20160722,19026,0.00000970
56,394,-62,61853,20160729,18602,0.00000965
57,401,-61,61853,20160805,16808,0.00000866
58,408,-60,61853,20160812,16116,0.00000857
59,415,-59,61853,20160819,17941,0.00001020
60,422,-58,61853,20160826,20768,0.00001176
61,429,-57,61853,20160902,24774,0.00001423
62,436,-56,61853,20160909,17011,0.00000958
63,443,-55,61853,20160916,17660,0.00000994
64,450,-54,61853,20160923,17590,0.00001004
65,457,-53,61853,20160930,15289,0.00000864
66,464,-52,61853,20161007,16715,0.00000944
67,471,-51,61853,20161014,21604,0.00001194
68,478,-50,61853,20161021,20775,0.00001167
69,485,-49,61853,20161028,16145,0.00000911
70,492,-48,61853,20161104,17103,0.00000913
71,499,-47,61853,20161111,19142,0.00001005
72,506,-46,61853,20161118,18705,0.00001029
73,513,-45,61853,20161125,18911,0.00001021
74,520,-44,61853,20161202,16448,0.00000881
75,527,-43,61853,20161209,29198,0.00001618
76,534,-42,61853,20161216,25000,0.00001419
77,541,-41,61853,20161223,22529,0.00001256
78,548,-40,61853,20161230,22078,0.00001168
79,555,-39,61853,20170106,23621,0.00001200
80,562,-38,61853,20170113,25163,0.00001266
81,569,-37,61853,20170120,21082,0.00001059
82,576,-36,61853,20170127,20302,0.00001032
83,583,-35,61853,20170203,23847,0.00001221
84,590,-34,61853,20170210,29818,0.00001551
85,597,-33,61853,20170217,21762,0.00001137
86,604,-32,61853,20170224,20294,0.00001046
87,611,-31,61853,20170303,22011,0.00001163
88,618,-30,61853,20170310,19633,0.00001051
89,625,-29,61853,20170317,18574,0.00000985
90,632,-28,61853,20170324,18874,0.00001053
91,639,-27,61853,20170331,18295,0.00001035
92,646,-26,61853,20170407,19978,0.00001145
93,653,-25,61853,20170414,20813,0.00001159
94,660,-24,61853,20170421,33191,0.00001847
95,667,-23,61853,20170428,31620,0.00001775
96,674,-22,61853,20170505,28836,0.00001616
97,681,-21,61853,20170512,26737,0.00001520
98,688,-20,61853,20170519,20222,0.00001136
99,695,-19,61853,20170526,26662,0.00001531
100,702,-18,61853,20170602,29445,0.00001722
101,709,-17,61853,20170609,30861,0.00001830
102,716,-16,61853,20170616,25119,0.00001521
103,723,-15,61853,20170623,25848,0.00001604
104,730,-14,61853,20170630,35870,0.00002230
105,737,-13,61853,20170707,47406,0.00002855
106,744,-12,61853,20170714,41847,0.00002536
107,751,-11,61853,20170721,33817,0.00002022
108,758,-10,61853,20170728,27198,0.00001675
109,765,-9,61853,20170804,21965,0.00001354
110,772,-8,61853,20170811,20295,0.00001252
111,779,-7,61853,20170818,28215,0.00001727
112,786,-6,61853,20170825,20451,0.00001265
113,793,-5,61853,20170901,20728,0.00001256
114,800,-4,61853,20170908,16639,0.00001018
115,807,-3,61853,20170915,20618,0.00001223
116,814,-2,61853,20170922,26564,0.00001589
117,821,-1,61853,20170929,5263188,0.00318152
118,828,0,61853,20171006,636524,0.00037131
119,835,1,61853,20171013,168929,0.00009938
120,842,2,61853,20171020,124679,0.00007211
121,849,3,61853,20171027,75118,0.00004371
122,856,4,61853,20171103,63400,0.00003622
123,863,5,61853,20171110,54557,0.00003113
124,870,6,61853,20171117,58104,0.00003354
125,877,7,61853,20171124,52630,0.00003007
126,884,8,61853,20171201,41303,0.00002382
127,891,9,61853,20171208,43575,0.00002504
128,898,10,61853,20171215,55379,0.00003366
129,905,11,61853,20171222,53803,0.00003319
130,912,12,61853,20171229,68670,0.00003837
131,919,13,61853,20180105,38631,0.00002031
132,926,14,61853,20180112,37520,0.00001939
133,933,15,61853,20180119,216896,0.00011595
134,940,16,61853,20180126,53743,0.00002885
135,947,17,61853,20180202,38674,0.00002094
136,954,18,61853,20180209,30334,0.00001668
137,961,19,61853,20180216,29492,0.00001603
138,968,20,61853,20180223,32026,0.00001726
139,975,21,61853,20180302,41386,0.00002237
140,982,22,61853,20180309,38791,0.00002109
141,989,23,61853,20180316,32996,0.00001824
142,996,24,61853,20180323,41185,0.00002325
143,1003,25,61853,20180330,38403,0.00002144
144,1010,26,61853,20180406,39041,0.00002141
145,1017,27,61853,20180413,39598,0.00002202
146,1024,28,61853,20180420,37953,0.00002137
147,1031,29,61853,20180427,34066,0.00001966
148,1038,30,61853,20180504,34186,0.00001976
149,1045,31,61853,20180511,32173,0.00001835
150,1052,32,61853,20180518,30598,0.00001697
151,1059,33,61853,20180525,34108,0.00001970
152,1066,34,61853,20180601,33826,0.00001980
153,1073,35,61853,20180608,34849,0.00002021
154,1080,36,61853,20180615,34574,0.00002051
155,1087,37,61853,20180622,38732,0.00002304
0,3,-120,623768,20150704,95,0.00000005
1,10,-119,623768,20150711,74,0.00000004
2,17,-118,623768,20150718,70,0.00000004
3,24,-117,623768,20150725,61,0.00000003
4,31,-116,623768,20150801,78,0.00000005
5,38,-115,623768,20150808,60,0.00000003
6,45,-114,623768,20150815,68,0.00000004
7,52,-113,623768,20150822,67,0.00000004
8,59,-112,623768,20150829,60,0.00000003
9,66,-111,623768,20150905,61,0.00000003
10,73,-110,623768,20150912,74,0.00000004
11,80,-109,623768,20150919,92,0.00000005
12,87,-108,623768,20150926,75,0.00000004
13,94,-107,623768,20151003,64,0.00000004
14,101,-106,623768,20151010,52,0.00000003
15,108,-105,623768,20151017,57,0.00000003
16,115,-104,623768,20151024,78,0.00000004
17,122,-103,623768,20151031,55,0.00000003
18,129,-102,623768,20151107,85,0.00000005
19,136,-101,623768,20151114,60,0.00000003
20,143,-100,623768,20151121,63,0.00000004
21,150,-99,623768,20151128,68,0.00000004
22,157,-98,623768,20151205,56,0.00000003
23,164,-97,623768,20151212,51,0.00000003
24,171,-96,623768,20151219,36,0.00000002
25,178,-95,623768,20151226,70,0.00000004
26,185,-94,623768,20160102,55,0.00000003
27,192,-93,623768,20160109,57,0.00000003
28,199,-92,623768,20160116,52,0.00000003
29,206,-91,623768,20160123,63,0.00000003
30,213,-90,623768,20160130,72,0.00000004
31,220,-89,623768,20160206,53,0.00000003
32,227,-88,623768,20160213,58,0.00000003
33,234,-87,623768,20160220,50,0.00000003
34,241,-86,623768,20160227,59,0.00000003
35,248,-85,623768,20160305,50,0.00000003
36,255,-84,623768,20160312,54,0.00000003
37,262,-83,623768,20160319,48,0.00000003
38,269,-82,623768,20160326,56,0.00000003
39,276,-81,623768,20160402,71,0.00000004
40,283,-80,623768,20160409,65,0.00000004
41,290,-79,623768,20160416,54,0.00000003
42,297,-78,623768,20160423,46,0.00000003
43,304,-77,623768,20160430,54,0.00000003
44,311,-76,623768,20160507,48,0.00000003
45,318,-75,623768,20160514,52,0.00000003
46,325,-74,623768,20160521,1729,0.00000101
47,332,-73,623768,20160528,501,0.00000030
48,339,-72,623768,20160604,250,0.00000015
49,346,-71,623768,20160611,264,0.00000016
50,353,-70,623768,20160618,219,0.00000013
51,360,-69,623768,20160625,161,0.00000010
52,367,-68,623768,20160702,248,0.00000015
53,374,-67,623768,20160709,2301,0.00000138
54,381,-66,623768,20160716,8320,0.00000480
55,388,-65,623768,20160723,17294,0.00000881
56,395,-64,623768,20160730,15714,0.00000819
57,402,-63,623768,20160806,24855,0.00001272
58,409,-62,623768,20160813,38434,0.00002085
59,416,-61,623768,20160820,566939,0.00032193
60,423,-60,623768,20160827,22206,0.00001257
61,430,-59,623768,20160903,11786,0.00000677
62,437,-58,623768,20160910,9178,0.00000518
63,444,-57,623768,20160917,7462,0.00000418
64,451,-56,623768,20160924,4662,0.00000268
65,458,-55,623768,20161001,4081,0.00000230
66,465,-54,623768,20161008,14910,0.00000838
67,472,-53,623768,20161015,11416,0.00000631
68,479,-52,623768,20161022,10634,0.00000601
69,486,-51,623768,20161029,6103,0.00000341
70,493,-50,623768,20161105,4297,0.00000228
71,500,-49,623768,20161112,4476,0.00000236
72,507,-48,623768,20161119,5277,0.00000293
73,514,-47,623768,20161126,5550,0.00000298
74,521,-46,623768,20161203,17867,0.00000955
75,528,-45,623768,20161210,5664,0.00000317
76,535,-44,623768,20161217,6591,0.00000375
77,542,-43,623768,20161224,9594,0.00000527
78,549,-42,623768,20161231,9212,0.00000484
79,556,-41,623768,20170107,5848,0.00000297
80,563,-40,623768,20170114,5180,0.00000261
81,570,-39,623768,20170121,4695,0.00000237
82,577,-38,623768,20170128,6055,0.00000308
83,584,-37,623768,20170204,9564,0.00000490
84,591,-36,623768,20170211,4664,0.00000243
85,598,-35,623768,20170218,4155,0.00000217
86,605,-34,623768,20170225,4449,0.00000229
87,612,-33,623768,20170304,4177,0.00000221
88,619,-32,623768,20170311,5470,0.00000292
89,626,-31,623768,20170318,4535,0.00000242
90,633,-30,623768,20170325,4533,0.00000253
91,640,-29,623768,20170401,10414,0.00000589
92,647,-28,623768,20170408,4437,0.00000254
93,654,-27,623768,20170415,5913,0.00000328
94,661,-26,623768,20170422,4513,0.00000252
95,668,-25,623768,20170429,5468,0.00000306
96,675,-24,623768,20170506,11012,0.00000620
97,682,-23,623768,20170513,5417,0.00000307
98,689,-22,623768,20170520,5680,0.00000321
99,696,-21,623768,20170527,5258,0.00000302
100,703,-20,623768,20170603,5351,0.00000312
101,710,-19,623768,20170610,5655,0.00000338
102,717,-18,623768,20170617,8612,0.00000522
103,724,-17,623768,20170624,17012,0.00001059
104,731,-16,623768,20170701,14683,0.00000909
105,738,-15,623768,20170708,4473,0.00000270
106,745,-14,623768,20170715,5390,0.00000325
107,752,-13,623768,20170722,4226,0.00000254
108,759,-12,623768,20170729,3696,0.00000228
109,766,-11,623768,20170805,5197,0.00000320
110,773,-10,623768,20170812,3993,0.00000246
111,780,-9,623768,20170819,6568,0.00000403
112,787,-8,623768,20170826,3800,0.00000236
113,794,-7,623768,20170902,3893,0.00000235
114,801,-6,623768,20170909,6906,0.00000422
115,808,-5,623768,20170916,6023,0.00000357
116,815,-4,623768,20170923,5962,0.00000358
117,822,-3,623768,20170930,5013,0.00000302
118,829,-2,623768,20171007,4531,0.00000264
119,836,-1,623768,20171014,565503,0.00033285
120,843,0,623768,20171021,199271,0.00011536
121,850,1,623768,20171028,26768,0.00001553
122,857,2,623768,20171104,15933,0.00000912
123,864,3,623768,20171111,26634,0.00001518
124,871,4,623768,20171118,16930,0.00000984
125,878,5,623768,20171125,11675,0.00000663
126,885,6,623768,20171202,9304,0.00000534
127,892,7,623768,20171209,8233,0.00000477
128,899,8,623768,20171216,7204,0.00000442
129,906,9,623768,20171223,8358,0.00000506
130,913,10,623768,20171230,9553,0.00000530
131,920,11,623768,20180106,6801,0.00000358
132,927,12,623768,20180113,6225,0.00000322
133,934,13,623768,20180120,5607,0.00000299
134,941,14,623768,20180127,6213,0.00000335
135,948,15,623768,20180203,7757,0.00000420
136,955,16,623768,20180210,4827,0.00000266
137,962,17,623768,20180217,5616,0.00000305
138,969,18,623768,20180224,13674,0.00000739
139,976,19,623768,20180303,5452,0.00000295
140,983,20,623768,20180310,4821,0.00000262
141,990,21,623768,20180317,4630,0.00000256
142,997,22,623768,20180324,16250,0.00000918
143,1004,23,623768,20180331,5083,0.00000283
144,1011,24,623768,20180407,4775,0.00000262
145,1018,25,623768,20180414,4582,0.00000255
146,1025,26,623768,20180421,3887,0.00000218
147,1032,27,623768,20180428,3825,0.00000222
148,1039,28,623768,20180505,4428,0.00000255
149,1046,29,623768,20180512,3863,0.00000220
150,1053,30,623768,20180519,3802,0.00000212
151,1060,31,623768,20180526,3694,0.00000214
152,1067,32,623768,20180602,4565,0.00000265
153,1074,33,623768,20180609,4268,0.00000250
154,1081,34,623768,20180616,4841,0.00000287
155,1088,35,623768,20180623,3872,0.00000231
0,3,-121,147321,20150704,8307,0.00000478
1,10,-120,147321,20150711,7436,0.00000428
2,17,-119,147321,20150718,6614,0.00000383
3,24,-118,147321,20150725,6734,0.00000385
4,31,-117,147321,20150801,6535,0.00000387
5,38,-116,147321,20150808,7440,0.00000433
6,45,-115,147321,20150815,7781,0.00000446
7,52,-114,147321,20150822,9359,0.00000537
8,59,-113,147321,20150829,9434,0.00000537
9,66,-112,147321,20150905,8165,0.00000440
10,73,-111,147321,20150912,7930,0.00000442
11,80,-110,147321,20150919,8098,0.00000463
12,87,-109,147321,20150926,8013,0.00000467
13,94,-108,147321,20151003,8897,0.00000510
14,101,-107,147321,20151010,7535,0.00000428
15,108,-106,147321,20151017,7556,0.00000425
16,115,-105,147321,20151024,7294,0.00000413
17,122,-104,147321,20151031,7905,0.00000449
18,129,-103,147321,20151107,9684,0.00000551
19,136,-102,147321,20151114,8072,0.00000459
20,143,-101,147321,20151121,7631,0.00000445
21,150,-100,147321,20151128,8398,0.00000474
22,157,-99,147321,20151205,8600,0.00000485
23,164,-98,147321,20151212,7274,0.00000425
24,171,-97,147321,20151219,7257,0.00000468
25,178,-96,147321,20151226,8772,0.00000528
26,185,-95,147321,20160102,7356,0.00000401
27,192,-94,147321,20160109,8507,0.00000456
28,199,-93,147321,20160116,8136,0.00000440
29,206,-92,147321,20160123,9899,0.00000533
30,213,-91,147321,20160130,8607,0.00000465
31,220,-90,147321,20160206,9279,0.00000513
32,227,-89,147321,20160213,13451,0.00000736
33,234,-88,147321,20160220,17191,0.00000942
34,241,-87,147321,20160227,54609,0.00002982
35,248,-86,147321,20160305,10284,0.00000578
36,255,-85,147321,20160312,9632,0.00000561
37,262,-84,147321,20160319,8782,0.00000530
38,269,-83,147321,20160326,8306,0.00000487
39,276,-82,147321,20160402,7691,0.00000443
40,283,-81,147321,20160409,8710,0.00000500
41,290,-80,147321,20160416,12011,0.00000693
42,297,-79,147321,20160423,16611,0.00000954
43,304,-78,147321,20160430,9790,0.00000574
44,311,-77,147321,20160507,7194,0.00000421
45,318,-76,147321,20160514,8442,0.00000489
46,325,-75,147321,20160521,7687,0.00000450
47,332,-74,147321,20160528,6632,0.00000393
48,339,-73,147321,20160604,6321,0.00000374
49,346,-72,147321,20160611,6229,0.00000366
50,353,-71,147321,20160618,9555,0.00000570
51,360,-70,147321,20160625,6635,0.00000392
52,367,-69,147321,20160702,5601,0.00000334
53,374,-68,147321,20160709,5604,0.00000335
54,381,-67,147321,20160716,6515,0.00000376
55,388,-66,147321,20160723,5784,0.00000295
56,395,-65,147321,20160730,6397,0.00000334
57,402,-64,147321,20160806,6242,0.00000319
58,409,-63,147321,20160813,6123,0.00000332
59,416,-62,147321,20160820,6295,0.00000357
60,423,-61,147321,20160827,7954,0.00000450
61,430,-60,147321,20160903,7943,0.00000456
62,437,-59,147321,20160910,6920,0.00000390
63,444,-58,147321,20160917,6888,0.00000386
64,451,-57,147321,20160924,7468,0.00000429
65,458,-56,147321,20161001,7383,0.00000416
66,465,-55,147321,20161008,6765,0.00000380
67,472,-54,147321,20161015,8407,0.00000465
68,479,-53,147321,20161022,7291,0.00000412
69,486,-52,147321,20161029,7048,0.00000393
70,493,-51,147321,20161105,6362,0.00000338
71,500,-50,147321,20161112,6994,0.00000368
72,507,-49,147321,20161119,7336,0.00000408
73,514,-48,147321,20161126,6896,0.00000370
74,521,-47,147321,20161203,7701,0.00000412
75,528,-46,147321,20161210,7843,0.00000439
76,535,-45,147321,20161217,7987,0.00000454
77,542,-44,147321,20161224,9315,0.00000511
78,549,-43,147321,20161231,8358,0.00000439
79,556,-42,147321,20170107,8085,0.00000410
80,563,-41,147321,20170114,7929,0.00000399
81,570,-40,147321,20170121,7798,0.00000393
82,577,-39,147321,20170128,7709,0.00000393
83,584,-38,147321,20170204,8540,0.00000437
84,591,-37,147321,20170211,8669,0.00000452
85,598,-36,147321,20170218,10091,0.00000527
86,605,-35,147321,20170225,15883,0.00000819
87,612,-34,147321,20170304,7423,0.00000393
88,619,-33,147321,20170311,7651,0.00000409
89,626,-32,147321,20170318,30309,0.00001617
90,633,-31,147321,20170325,9740,0.00000545
91,640,-30,147321,20170401,7876,0.00000445
92,647,-29,147321,20170408,7583,0.00000435
93,654,-28,147321,20170415,7505,0.00000417
94,661,-27,147321,20170422,8038,0.00000449
95,668,-26,147321,20170429,8297,0.00000465
96,675,-25,147321,20170506,7071,0.00000398
97,682,-24,147321,20170513,7054,0.00000400
98,689,-23,147321,20170520,10969,0.00000621
99,696,-22,147321,20170527,7413,0.00000425
100,703,-21,147321,20170603,6690,0.00000390
101,710,-20,147321,20170610,6952,0.00000415
102,717,-19,147321,20170617,13061,0.00000792
103,724,-18,147321,20170624,6919,0.00000431
104,731,-17,147321,20170701,8864,0.00000549
105,738,-16,147321,20170708,6943,0.00000418
106,745,-15,147321,20170715,6943,0.00000419
107,752,-14,147321,20170722,10383,0.00000624
108,759,-13,147321,20170729,7162,0.00000442
109,766,-12,147321,20170805,7675,0.00000472
110,773,-11,147321,20170812,13824,0.00000852
111,780,-10,147321,20170819,9233,0.00000566
112,787,-9,147321,20170826,8124,0.00000504
113,794,-8,147321,20170902,8166,0.00000492
114,801,-7,147321,20170909,7832,0.00000478
115,808,-6,147321,20170916,7512,0.00000445
116,815,-5,147321,20170923,7327,0.00000440
117,822,-4,147321,20170930,8669,0.00000521
118,829,-3,147321,20171007,7684,0.00000447
119,836,-2,147321,20171014,7058,0.00000415
120,843,-1,147321,20171021,612898,0.00035481
121,850,0,147321,20171028,136890,0.00007940
122,857,1,147321,20171104,28085,0.00001607
123,864,2,147321,20171111,16204,0.00000924
124,871,3,147321,20171118,12129,0.00000705
125,878,4,147321,20171125,9564,0.00000543
126,885,5,147321,20171202,8776,0.00000503
127,892,6,147321,20171209,9949,0.00000577
128,899,7,147321,20171216,9578,0.00000588
129,906,8,147321,20171223,11996,0.00000726
130,913,9,147321,20171230,14534,0.00000806
131,920,10,147321,20180106,9839,0.00000518
132,927,11,147321,20180113,7424,0.00000384
133,934,12,147321,20180120,7721,0.00000412
134,941,13,147321,20180127,18772,0.00001012
135,948,14,147321,20180203,9171,0.00000496
136,955,15,147321,20180210,9488,0.00000522
137,962,16,147321,20180217,7649,0.00000415
138,969,17,147321,20180224,11516,0.00000622
139,976,18,147321,20180303,6612,0.00000357
140,983,19,147321,20180310,6738,0.00000366
141,990,20,147321,20180317,6440,0.00000356
142,997,21,147321,20180324,6121,0.00000346
143,1004,22,147321,20180331,6498,0.00000362
144,1011,23,147321,20180407,5751,0.00000316
145,1018,24,147321,20180414,6121,0.00000341
146,1025,25,147321,20180421,7221,0.00000406
147,1032,26,147321,20180428,7044,0.00000408
148,1039,27,147321,20180505,6414,0.00000370
149,1046,28,147321,20180512,6081,0.00000347
150,1053,29,147321,20180519,5406,0.00000301
151,1060,30,147321,20180526,5291,0.00000306
152,1067,31,147321,20180602,127379,0.00007401
153,1074,32,147321,20180609,31945,0.00001870
154,1081,33,147321,20180616,5331,0.00000316
155,1088,34,147321,20180623,5258,0.00000314
0,3,-123,313339,20150704,7647,0.00000440
1,10,-122,313339,20150711,4884,0.00000281
2,17,-121,313339,20150718,4886,0.00000283
3,24,-120,313339,20150725,16992,0.00000971
4,31,-119,313339,20150801,8952,0.00000531
5,38,-118,313339,20150808,7780,0.00000453
6,45,-117,313339,20150815,6009,0.00000345
7,52,-116,313339,20150822,6028,0.00000346
8,59,-115,313339,20150829,5846,0.00000332
9,66,-114,313339,20150905,4027,0.00000217
10,73,-113,313339,20150912,3552,0.00000198
11,80,-112,313339,20150919,4348,0.00000249
12,87,-111,313339,20150926,8493,0.00000495
13,94,-110,313339,20151003,9285,0.00000533
14,101,-109,313339,20151010,11881,0.00000675
15,108,-108,313339,20151017,6107,0.00000344
16,115,-107,313339,20151024,4011,0.00000227
17,122,-106,313339,20151031,2742,0.00000156
18,129,-105,313339,20151107,1599,0.00000091
19,136,-104,313339,20151114,1636,0.00000093
20,143,-103,313339,20151121,1265,0.00000074
21,150,-102,313339,20151128,1802,0.00000102
22,157,-101,313339,20151205,1653,0.00000093
23,164,-100,313339,20151212,1545,0.00000090
24,171,-99,313339,20151219,1115,0.00000072
25,178,-98,313339,20151226,1203,0.00000072
26,185,-97,313339,20160102,10023,0.00000547
27,192,-96,313339,20160109,1812,0.00000097
28,199,-95,313339,20160116,1374,0.00000074
29,206,-94,313339,20160123,1155,0.00000062
30,213,-93,313339,20160130,1149,0.00000062
31,220,-92,313339,20160206,1331,0.00000074
32,227,-91,313339,20160213,1627,0.00000089
33,234,-90,313339,20160220,1984,0.00000109
34,241,-89,313339,20160227,1583,0.00000086
35,248,-88,313339,20160305,1592,0.00000089
36,255,-87,313339,20160312,1497,0.00000087
37,262,-86,313339,20160319,1769,0.00000107
38,269,-85,313339,20160326,1930,0.00000113
39,276,-84,313339,20160402,4034,0.00000232
40,283,-83,313339,20160409,4128,0.00000237
41,290,-82,313339,20160416,4733,0.00000273
42,297,-81,313339,20160423,3967,0.00000228
43,304,-80,313339,20160430,4394,0.00000257
44,311,-79,313339,20160507,4494,0.00000263
45,318,-78,313339,20160514,4644,0.00000269
46,325,-77,313339,20160521,3619,0.00000212
47,332,-76,313339,20160528,6420,0.00000381
48,339,-75,313339,20160604,3716,0.00000220
49,346,-74,313339,20160611,4324,0.00000254
50,353,-73,313339,20160618,3048,0.00000182
51,360,-72,313339,20160625,2990,0.00000176
52,367,-71,313339,20160702,3808,0.00000227
53,374,-70,313339,20160709,4383,0.00000262
54,381,-69,313339,20160716,4612,0.00000266
55,388,-68,313339,20160723,4214,0.00000215
56,395,-67,313339,20160730,4896,0.00000255
57,402,-66,313339,20160806,3489,0.00000179
58,409,-65,313339,20160813,7104,0.00000385
59,416,-64,313339,20160820,3625,0.00000206
60,423,-63,313339,20160827,3406,0.00000193
61,430,-62,313339,20160903,2243,0.00000129
62,437,-61,313339,20160910,2338,0.00000132
63,444,-60,313339,20160917,2477,0.00000139
64,451,-59,313339,20160924,2912,0.00000167
65,458,-58,313339,20161001,6593,0.00000372
66,465,-57,313339,20161008,5793,0.00000326
67,472,-56,313339,20161015,4668,0.00000258
68,479,-55,313339,20161022,4787,0.00000271
69,486,-54,313339,20161029,3981,0.00000222
70,493,-53,313339,20161105,1724,0.00000092
71,500,-52,313339,20161112,2540,0.00000134
72,507,-51,313339,20161119,1268,0.00000071
73,514,-50,313339,20161126,1238,0.00000066
74,521,-49,313339,20161203,1917,0.00000102
75,528,-48,313339,20161210,1448,0.00000081
76,535,-47,313339,20161217,1421,0.00000081
77,542,-46,313339,20161224,1110,0.00000061
78,549,-45,313339,20161231,1310,0.00000069
79,556,-44,313339,20170107,1356,0.00000069
80,563,-43,313339,20170114,2265,0.00000114
81,570,-42,313339,20170121,1455,0.00000073
82,577,-41,313339,20170128,3157,0.00000161
83,584,-40,313339,20170204,1702,0.00000087
84,591,-39,313339,20170211,1572,0.00000082
85,598,-38,313339,20170218,2029,0.00000106
86,605,-37,313339,20170225,2229,0.00000115
87,612,-36,313339,20170304,2551,0.00000135
88,619,-35,313339,20170311,1738,0.00000093
89,626,-34,313339,20170318,1948,0.00000104
90,633,-33,313339,20170325,2010,0.00000112
91,640,-32,313339,20170401,3444,0.00000195
92,647,-31,313339,20170408,4079,0.00000234
93,654,-30,313339,20170415,3835,0.00000213
94,661,-29,313339,20170422,3372,0.00000188
95,668,-28,313339,20170429,3687,0.00000206
96,675,-27,313339,20170506,4242,0.00000239
97,682,-26,313339,20170513,3815,0.00000216
98,689,-25,313339,20170520,3140,0.00000178
99,696,-24,313339,20170527,5650,0.00000324
100,703,-23,313339,20170603,4156,0.00000242
101,710,-22,313339,20170610,3717,0.00000222
102,717,-21,313339,20170617,3344,0.00000203
103,724,-20,313339,20170624,5356,0.00000333
104,731,-19,313339,20170701,3337,0.00000207
105,738,-18,313339,20170708,3794,0.00000229
106,745,-17,313339,20170715,3986,0.00000241
107,752,-16,313339,20170722,3983,0.00000239
108,759,-15,313339,20170729,5857,0.00000362
109,766,-14,313339,20170805,3409,0.00000210
110,773,-13,313339,20170812,3265,0.00000201
111,780,-12,313339,20170819,2783,0.00000171
112,787,-11,313339,20170826,2817,0.00000175
113,794,-10,313339,20170902,2162,0.00000130
114,801,-9,313339,20170909,1788,0.00000109
115,808,-8,313339,20170916,2186,0.00000130
116,815,-7,313339,20170923,2381,0.00000143
117,822,-6,313339,20170930,3378,0.00000203
118,829,-5,313339,20171007,4920,0.00000286
119,836,-4,313339,20171014,3834,0.00000226
120,843,-3,313339,20171021,5648,0.00000327
121,850,-2,313339,20171028,6861,0.00000398
122,857,-1,313339,20171104,1342363,0.00076799
123,864,0,313339,20171111,98878,0.00005636
124,871,1,313339,20171118,18420,0.00001071
125,878,2,313339,20171125,8479,0.00000482
126,885,3,313339,20171202,7830,0.00000449
127,892,4,313339,20171209,8417,0.00000488
128,899,5,313339,20171216,7884,0.00000484
129,906,6,313339,20171223,14851,0.00000898
130,913,7,313339,20171230,15913,0.00000883
131,920,8,313339,20180106,4564,0.00000240
132,927,9,313339,20180113,6337,0.00000327
133,934,10,313339,20180120,26043,0.00001390
134,941,11,313339,20180127,5787,0.00000312
135,948,12,313339,20180203,4390,0.00000238
136,955,13,313339,20180210,13393,0.00000737
137,962,14,313339,20180217,5090,0.00000276
138,969,15,313339,20180224,7827,0.00000423
139,976,16,313339,20180303,5802,0.00000314
140,983,17,313339,20180310,5812,0.00000316
141,990,18,313339,20180317,39109,0.00002163
142,997,19,313339,20180324,65314,0.00003691
143,1004,20,313339,20180331,22680,0.00001265
144,1011,21,313339,20180407,10016,0.00000550
145,1018,22,313339,20180414,7923,0.00000442
146,1025,23,313339,20180421,8257,0.00000464
147,1032,24,313339,20180428,6891,0.00000399
148,1039,25,313339,20180505,8155,0.00000471
149,1046,26,313339,20180512,11271,0.00000643
150,1053,27,313339,20180519,6400,0.00000356
151,1060,28,313339,20180526,12905,0.00000746
152,1067,29,313339,20180602,7034,0.00000409
153,1074,30,313339,20180609,5220,0.00000306
154,1081,31,313339,20180616,6318,0.00000374
155,1088,32,313339,20180623,5680,0.00000339
1,4,-123,52953841,20150705,0,0.00000000
2,11,-122,52953841,20150712,0,0.00000000
3,18,-121,52953841,20150719,0,0.00000000
4,25,-120,52953841,20150726,0,0.00000000
5,32,-119,52953841,20150802,0,0.00000000
6,39,-118,52953841,20150809,0,0.00000000
7,46,-117,52953841,20150816,0,0.00000000
8,53,-116,52953841,20150823,0,0.00000000
9,60,-115,52953841,20150830,0,0.00000000
10,67,-114,52953841,20150906,0,0.00000000
11,74,-113,52953841,20150913,0,0.00000000
12,81,-112,52953841,20150920,0,0.00000000
13,88,-111,52953841,20150927,0,0.00000000
14,95,-110,52953841,20151004,0,0.00000000
15,102,-109,52953841,20151011,0,0.00000000
16,109,-108,52953841,20151018,0,0.00000000
17,116,-107,52953841,20151025,0,0.00000000
18,123,-106,52953841,20151101,0,0.00000000
19,130,-105,52953841,20151108,0,0.00000000
20,137,-104,52953841,20151115,0,0.00000000
21,144,-103,52953841,20151122,0,0.00000000
22,151,-102,52953841,20151129,0,0.00000000
23,158,-101,52953841,20151206,0,0.00000000
24,165,-100,52953841,20151213,0,0.00000000
25,172,-99,52953841,20151220,0,0.00000000
26,179,-98,52953841,20151227,0,0.00000000
27,186,-97,52953841,20160103,0,0.00000000
28,193,-96,52953841,20160110,0,0.00000000
29,200,-95,52953841,20160117,0,0.00000000
30,207,-94,52953841,20160124,0,0.00000000
31,214,-93,52953841,20160131,0,0.00000000
32,221,-92,52953841,20160207,0,0.00000000
33,228,-91,52953841,20160214,0,0.00000000
34,235,-90,52953841,20160221,0,0.00000000
35,242,-89,52953841,20160228,0,0.00000000
36,249,-88,52953841,20160306,0,0.00000000
37,256,-87,52953841,20160313,0,0.00000000
38,263,-86,52953841,20160320,0,0.00000000
39,270,-85,52953841,20160327,0,0.00000000
40,277,-84,52953841,20160403,0,0.00000000
41,284,-83,52953841,20160410,0,0.00000000
42,291,-82,52953841,20160417,0,0.00000000
43,298,-81,52953841,20160424,0,0.00000000
44,305,-80,52953841,20160501,0,0.00000000
45,312,-79,52953841,20160508,0,0.00000000
46,319,-78,52953841,20160515,0,0.00000000
47,326,-77,52953841,20160522,0,0.00000000
48,333,-76,52953841,20160529,0,0.00000000
49,340,-75,52953841,20160605,0,0.00000000
50,347,-74,52953841,20160612,0,0.00000000
51,354,-73,52953841,20160619,0,0.00000000
52,361,-72,52953841,20160626,0,0.00000000
53,368,-71,52953841,20160703,0,0.00000000
54,375,-70,52953841,20160710,0,0.00000000
55,382,-69,52953841,20160717,0,0.00000000
56,389,-68,52953841,20160724,0,0.00000000
57,396,-67,52953841,20160731,0,0.00000000
58,403,-66,52953841,20160807,0,0.00000000
59,410,-65,52953841,20160814,0,0.00000000
60,417,-64,52953841,20160821,0,0.00000000
61,424,-63,52953841,20160828,0,0.00000000
62,431,-62,52953841,20160904,0,0.00000000
63,438,-61,52953841,20160911,0,0.00000000
64,445,-60,52953841,20160918,0,0.00000000
65,452,-59,52953841,20160925,0,0.00000000
66,459,-58,52953841,20161002,0,0.00000000
67,466,-57,52953841,20161009,0,0.00000000
68,473,-56,52953841,20161016,0,0.00000000
69,480,-55,52953841,20161023,0,0.00000000
70,487,-54,52953841,20161030,0,0.00000000
71,494,-53,52953841,20161106,0,0.00000000
72,501,-52,52953841,20161113,0,0.00000000
73,508,-51,52953841,20161120,0,0.00000000
74,515,-50,52953841,20161127,0,0.00000000
75,522,-49,52953841,20161204,0,0.00000000
76,529,-48,52953841,20161211,0,0.00000000
77,536,-47,52953841,20161218,0,0.00000000
78,543,-46,52953841,20161225,0,0.00000000
79,550,-45,52953841,20170101,0,0.00000000
80,557,-44,52953841,20170108,0,0.00000000
81,564,-43,52953841,20170115,0,0.00000000
82,571,-42,52953841,20170122,1166,0.00000059
83,578,-41,52953841,20170129,2307,0.00000118
84,585,-40,52953841,20170205,3213,0.00000165
85,592,-39,52953841,20170212,3115,0.00000163
86,599,-38,52953841,20170219,3602,0.00000188
87,606,-37,52953841,20170226,4256,0.00000220
88,613,-36,52953841,20170305,4609,0.00000244
89,620,-35,52953841,20170312,4290,0.00000228
90,627,-34,52953841,20170319,4950,0.00000267
91,634,-33,52953841,20170326,7064,0.00000397
92,641,-32,52953841,20170402,7414,0.00000418
93,648,-31,52953841,20170409,11526,0.00000660
94,655,-30,52953841,20170416,10564,0.00000585
95,662,-29,52953841,20170423,6472,0.00000363
96,669,-28,52953841,20170430,7411,0.00000414
97,676,-27,52953841,20170507,7076,0.00000400
98,683,-26,52953841,20170514,6115,0.00000346
99,690,-25,52953841,20170521,5806,0.00000331
100,697,-24,52953841,20170528,5695,0.00000325
101,704,-23,52953841,20170604,12183,0.00000711
102,711,-22,52953841,20170611,16145,0.00000966
103,718,-21,52953841,20170618,13163,0.00000800
104,725,-20,52953841,20170625,10452,0.00000651
105,732,-19,52953841,20170702,10464,0.00000645
106,739,-18,52953841,20170709,9309,0.00000561
107,746,-17,52953841,20170716,8978,0.00000541
108,753,-16,52953841,20170723,10569,0.00000638
109,760,-15,52953841,20170730,12748,0.00000789
110,767,-14,52953841,20170806,19101,0.00001171
111,774,-13,52953841,20170813,38630,0.00002383
112,781,-12,52953841,20170820,33316,0.00002044
113,788,-11,52953841,20170827,20118,0.00001250
114,795,-10,52953841,20170903,21169,0.00001276
115,802,-9,52953841,20170910,20455,0.00001245
116,809,-8,52953841,20170917,25310,0.00001499
117,816,-7,52953841,20170924,17891,0.00001082
118,823,-6,52953841,20171001,13865,0.00000826
119,830,-5,52953841,20171008,16462,0.00000959
120,837,-4,52953841,20171015,15212,0.00000895
121,844,-3,52953841,20171022,14193,0.00000822
122,851,-2,52953841,20171029,14994,0.00000868
123,858,-1,52953841,20171105,14345,0.00000820
124,865,0,52953841,20171112,2090062,0.00119197
125,872,1,52953841,20171119,621736,0.00036070
126,879,2,52953841,20171126,252754,0.00014454
127,886,3,52953841,20171203,274831,0.00015684
128,893,4,52953841,20171210,167807,0.00009788
129,900,5,52953841,20171217,173210,0.00010662
130,907,6,52953841,20171224,144621,0.00008608
131,914,7,52953841,20171231,150374,0.00008210
132,921,8,52953841,20180107,165532,0.00008783
133,928,9,52953841,20180114,159693,0.00008293
134,935,10,52953841,20180121,117425,0.00006262
135,942,11,52953841,20180128,117971,0.00006371
136,949,12,52953841,20180204,90311,0.00004885
137,956,13,52953841,20180211,103354,0.00005694
138,963,14,52953841,20180218,83859,0.00004548
139,970,15,52953841,20180225,83091,0.00004485
140,977,16,52953841,20180304,88453,0.00004797
141,984,17,52953841,20180311,93778,0.00005092
142,991,18,52953841,20180318,110664,0.00006142
143,998,19,52953841,20180325,77162,0.00004356
144,1005,20,52953841,20180401,75396,0.00004189
145,1012,21,52953841,20180408,75785,0.00004177
146,1019,22,52953841,20180415,78682,0.00004392
147,1026,23,52953841,20180422,66317,0.00003738
148,1033,24,52953841,20180429,61464,0.00003560
149,1040,25,52953841,20180506,60297,0.00003470
150,1047,26,52953841,20180513,77710,0.00004370
151,1054,27,52953841,20180520,62244,0.00003523
152,1061,28,52953841,20180527,58178,0.00003368
153,1068,29,52953841,20180603,69427,0.00004016
154,1075,30,52953841,20180610,58112,0.00003427
155,1082,31,52953841,20180617,219416,0.00012928
156,1089,32,52953841,20180624,75955,0.00004541
0,0,-125,558139,20150701,23794,0.00001394
1,7,-124,558139,20150708,16820,0.00000962
2,14,-123,558139,20150715,17225,0.00001002
3,21,-122,558139,20150722,13062,0.00000750
4,28,-121,558139,20150729,9326,0.00000551
5,35,-120,558139,20150805,9523,0.00000553
6,42,-119,558139,20150812,9686,0.00000558
7,49,-118,558139,20150819,12999,0.00000744
8,56,-117,558139,20150826,13937,0.00000803
9,63,-116,558139,20150902,13228,0.00000720
10,70,-115,558139,20150909,12923,0.00000703
11,77,-114,558139,20150916,15058,0.00000864
12,84,-113,558139,20150923,14273,0.00000824
13,91,-112,558139,20150930,9889,0.00000577
14,98,-111,558139,20151007,8952,0.00000509
15,105,-110,558139,20151014,8807,0.00000499
16,112,-109,558139,20151021,8475,0.00000477
17,119,-108,558139,20151028,14447,0.00000825
18,126,-107,558139,20151104,14517,0.00000817
19,133,-106,558139,20151111,12539,0.00000716
20,140,-105,558139,20151118,10869,0.00000620
21,147,-104,558139,20151125,15462,0.00000891
22,154,-103,558139,20151202,13344,0.00000756
23,161,-102,558139,20151209,15087,0.00000856
24,168,-101,558139,20151216,14278,0.00000876
25,175,-100,558139,20151223,13382,0.00000842
26,182,-99,558139,20151230,19051,0.00001081
27,189,-98,558139,20160106,16682,0.00000898
28,196,-97,558139,20160113,13730,0.00000745
29,203,-96,558139,20160120,13193,0.00000710
30,210,-95,558139,20160127,12601,0.00000680
31,217,-94,558139,20160203,14661,0.00000801
32,224,-93,558139,20160210,21443,0.00001182
33,231,-92,558139,20160217,17362,0.00000947
34,238,-91,558139,20160224,16932,0.00000929
35,245,-90,558139,20160302,28336,0.00001566
36,252,-89,558139,20160309,22130,0.00001276
37,259,-88,558139,20160316,15488,0.00000919
38,266,-87,558139,20160323,22075,0.00001307
39,273,-86,558139,20160330,15168,0.00000887
40,280,-85,558139,20160406,13058,0.00000747
41,287,-84,558139,20160413,38735,0.00002258
42,294,-83,558139,20160420,20467,0.00001162
43,301,-82,558139,20160427,13825,0.00000804
44,308,-81,558139,20160504,26574,0.00001555
45,315,-80,558139,20160511,15767,0.00000920
46,322,-79,558139,20160518,14906,0.00000860
47,329,-78,558139,20160525,12620,0.00000753
48,336,-77,558139,20160601,14483,0.00000852
49,343,-76,558139,20160608,11608,0.00000684
50,350,-75,558139,20160615,9379,0.00000559
51,357,-74,558139,20160622,7555,0.00000449
52,364,-73,558139,20160629,8445,0.00000501
53,371,-72,558139,20160706,14333,0.00000850
54,378,-71,558139,20160713,9989,0.00000606
55,385,-70,558139,20160720,8342,0.00000435
56,392,-69,558139,20160727,9051,0.00000462
57,399,-68,558139,20160803,8643,0.00000453
58,406,-67,558139,20160810,7743,0.00000395
59,413,-66,558139,20160817,7507,0.00000431
60,420,-65,558139,20160824,8287,0.00000469
61,427,-64,558139,20160831,9745,0.00000558
62,434,-63,558139,20160907,9304,0.00000528
63,441,-62,558139,20160914,13693,0.00000774
64,448,-61,558139,20160921,17205,0.00000974
65,455,-60,558139,20160928,8936,0.00000510
66,462,-59,558139,20161005,9189,0.00000518
67,469,-58,558139,20161012,8531,0.00000471
68,476,-57,558139,20161019,8908,0.00000498
69,483,-56,558139,20161026,8149,0.00000467
70,490,-55,558139,20161102,7797,0.00000419
71,497,-54,558139,20161109,8287,0.00000433
72,504,-53,558139,20161116,9499,0.00000512
73,511,-52,558139,20161123,8517,0.00000467
74,518,-51,558139,20161130,9171,0.00000494
75,525,-50,558139,20161207,8802,0.00000480
76,532,-49,558139,20161214,8407,0.00000475
77,539,-48,558139,20161221,9154,0.00000526
78,546,-47,558139,20161228,10316,0.00000546
79,553,-46,558139,20170104,15463,0.00000784
80,560,-45,558139,20170111,9811,0.00000496
81,567,-44,558139,20170118,9743,0.00000492
82,574,-43,558139,20170125,9386,0.00000472
83,581,-42,558139,20170201,10959,0.00000563
84,588,-41,558139,20170208,11558,0.00000597
85,595,-40,558139,20170215,11697,0.00000611
86,602,-39,558139,20170222,10706,0.00000551
87,609,-38,558139,20170301,9799,0.00000518
88,616,-37,558139,20170308,11144,0.00000593
89,623,-36,558139,20170315,11301,0.00000599
90,630,-35,558139,20170322,11794,0.00000653
91,637,-34,558139,20170329,12218,0.00000688
92,644,-33,558139,20170405,10751,0.00000614
93,651,-32,558139,20170412,11476,0.00000647
94,658,-31,558139,20170419,16465,0.00000910
95,665,-30,558139,20170426,11796,0.00000662
96,672,-29,558139,20170503,10195,0.00000570
97,679,-28,558139,20170510,10124,0.00000578
98,686,-27,558139,20170517,10146,0.00000563
99,693,-26,558139,20170524,9643,0.00000567
100,700,-25,558139,20170531,10854,0.00000622
101,707,-24,558139,20170607,9776,0.00000572
102,714,-23,558139,20170614,10273,0.00000624
103,721,-22,558139,20170621,10014,0.00000616
104,728,-21,558139,20170628,11154,0.00000695
105,735,-20,558139,20170705,10442,0.00000632
106,742,-19,558139,20170712,10795,0.00000653
107,749,-18,558139,20170719,11497,0.00000687
108,756,-17,558139,20170726,12344,0.00000758
109,763,-16,558139,20170802,10432,0.00000646
110,770,-15,558139,20170809,10090,0.00000621
111,777,-14,558139,20170816,10121,0.00000618
112,784,-13,558139,20170823,11731,0.00000725
113,791,-12,558139,20170830,9879,0.00000604
114,798,-11,558139,20170906,9305,0.00000566
115,805,-10,558139,20170913,10575,0.00000633
116,812,-9,558139,20170920,9656,0.00000576
117,819,-8,558139,20170927,9933,0.00000601
118,826,-7,558139,20171004,9865,0.00000579
119,833,-6,558139,20171011,10221,0.00000597
120,840,-5,558139,20171018,27510,0.00001605
121,847,-4,558139,20171025,14921,0.00000869
122,854,-3,558139,20171101,10394,0.00000595
123,861,-2,558139,20171108,10043,0.00000574
124,868,-1,558139,20171115,987238,0.00056300
125,875,0,558139,20171122,128040,0.00007385
126,882,1,558139,20171129,61519,0.00003561
127,889,2,558139,20171206,28320,0.00001614
128,896,3,558139,20171213,22161,0.00001323
129,903,4,558139,20171220,20683,0.00001307
130,910,5,558139,20171227,27565,0.00001569
131,917,6,558139,20180103,21058,0.00001109
132,924,7,558139,20180110,17434,0.00000914
133,931,8,558139,20180117,16125,0.00000848
134,938,9,558139,20180124,21935,0.00001171
135,945,10,558139,20180131,15885,0.00000861
136,952,11,558139,20180207,14897,0.00000811
137,959,12,558139,20180214,14659,0.00000805
138,966,13,558139,20180221,15007,0.00000806
139,973,14,558139,20180228,14511,0.00000785
140,980,15,558139,20180307,14190,0.00000776
141,987,16,558139,20180314,13517,0.00000740
142,994,17,558139,20180321,15898,0.00000889
143,1001,18,558139,20180328,15675,0.00000882
144,1008,19,558139,20180404,13945,0.00000769
145,1015,20,558139,20180411,13752,0.00000757
146,1022,21,558139,20180418,13374,0.00000758
147,1029,22,558139,20180425,13122,0.00000748
148,1036,23,558139,20180502,14822,0.00000859
149,1043,24,558139,20180509,13054,0.00000748
150,1050,25,558139,20180516,12894,0.00000711
151,1057,26,558139,20180523,12817,0.00000740
152,1064,27,558139,20180530,12885,0.00000754
153,1071,28,558139,20180606,12687,0.00000733
154,1078,29,558139,20180613,54862,0.00003243
155,1085,30,558139,20180620,15589,0.00000926
156,1092,31,558139,20180627,13253,0.00000790
0,1,-125,42635,20150702,133437,0.00007780
1,8,-124,42635,20150709,127824,0.00007312
2,15,-123,42635,20150716,97606,0.00005686
3,22,-122,42635,20150723,92888,0.00005285
4,29,-121,42635,20150730,97527,0.00005810
5,36,-120,42635,20150806,157150,0.00009121
6,43,-119,42635,20150813,203812,0.00011722
7,50,-118,42635,20150820,171897,0.00009825
8,57,-117,42635,20150827,165337,0.00009509
9,64,-116,42635,20150903,114358,0.00006188
10,71,-115,42635,20150910,134881,0.00007418
11,78,-114,42635,20150917,143872,0.00008223
12,85,-113,42635,20150924,104913,0.00006063
13,92,-112,42635,20151001,106826,0.00006203
14,99,-111,42635,20151008,125946,0.00007155
15,106,-110,42635,20151015,102390,0.00005807
16,113,-109,42635,20151022,111515,0.00006284
17,120,-108,42635,20151029,137338,0.00007835
18,127,-107,42635,20151105,112008,0.00006325
19,134,-106,42635,20151112,124820,0.00007109
20,141,-105,42635,20151119,111644,0.00006421
21,148,-104,42635,20151126,127067,0.00007267
22,155,-103,42635,20151203,123938,0.00007007
23,162,-102,42635,20151210,101524,0.00005812
24,169,-101,42635,20151217,94025,0.00005850
25,176,-100,42635,20151224,100274,0.00006225
26,183,-99,42635,20151231,98414,0.00005528
27,190,-98,42635,20160107,119385,0.00006418
28,197,-97,42635,20160114,119563,0.00006481
29,204,-96,42635,20160121,158890,0.00008532
30,211,-95,42635,20160128,120398,0.00006500
31,218,-94,42635,20160204,237952,0.00013045
32,225,-93,42635,20160211,103712,0.00005704
33,232,-92,42635,20160218,172778,0.00009440
34,239,-91,42635,20160225,127806,0.00007009
35,246,-90,42635,20160303,120650,0.00006687
36,253,-89,42635,20160310,104464,0.00006044
37,260,-88,42635,20160317,89969,0.00005387
38,267,-87,42635,20160324,90182,0.00005306
39,274,-86,42635,20160331,184198,0.00010713
40,281,-85,42635,20160407,105980,0.00006073
41,288,-84,42635,20160414,325855,0.00019025
42,295,-83,42635,20160421,135624,0.00007697
43,302,-82,42635,20160428,162412,0.00009470
44,309,-81,42635,20160505,91722,0.00005368
45,316,-80,42635,20160512,93371,0.00005427
46,323,-79,42635,20160519,85406,0.00004959
47,330,-78,42635,20160526,94171,0.00005606
48,337,-77,42635,20160602,148206,0.00008749
49,344,-76,42635,20160609,137714,0.00008089
50,351,-75,42635,20160616,242170,0.00014465
51,358,-74,42635,20160623,134371,0.00007978
52,365,-73,42635,20160630,121231,0.00007146
53,372,-72,42635,20160707,111899,0.00006692
54,379,-71,42635,20160714,94877,0.00005706
55,386,-70,42635,20160721,252768,0.00012983
56,393,-69,42635,20160728,118131,0.00006069
57,400,-68,42635,20160804,108263,0.00005632
58,407,-67,42635,20160811,106724,0.00005561
59,414,-66,42635,20160818,95544,0.00005458
60,421,-65,42635,20160825,127741,0.00007222
61,428,-64,42635,20160901,117733,0.00006772
62,435,-63,42635,20160908,113569,0.00006426
63,442,-62,42635,20160915,108262,0.00006112
64,449,-61,42635,20160922,87763,0.00004974
65,456,-60,42635,20160929,104506,0.00005940
66,463,-59,42635,20161006,86039,0.00004857
67,470,-58,42635,20161013,90429,0.00004986
68,477,-57,42635,20161020,90179,0.00005061
69,484,-56,42635,20161027,118240,0.00006732
70,491,-55,42635,20161103,83491,0.00004459
71,498,-54,42635,20161110,79307,0.00004156
72,505,-53,42635,20161117,76277,0.00004145
73,512,-52,42635,20161124,84644,0.00004606
74,519,-51,42635,20161201,80868,0.00004351
75,526,-50,42635,20161208,75652,0.00004147
76,533,-49,42635,20161215,85252,0.00004832
77,540,-48,42635,20161222,78077,0.00004441
78,547,-47,42635,20161229,477699,0.00025230
79,554,-46,42635,20170105,419649,0.00021293
80,561,-45,42635,20170112,150498,0.00007588
81,568,-44,42635,20170119,113435,0.00005725
82,575,-43,42635,20170126,139333,0.00007017
83,582,-42,42635,20170202,136013,0.00006988
84,589,-41,42635,20170209,106592,0.00005520
85,596,-40,42635,20170216,100030,0.00005219
86,603,-39,42635,20170223,89365,0.00004611
87,610,-38,42635,20170302,82853,0.00004381
88,617,-37,42635,20170309,165379,0.00008816
89,624,-36,42635,20170316,370725,0.00019633
90,631,-35,42635,20170323,94916,0.00005277
91,638,-34,42635,20170330,84552,0.00004782
92,645,-33,42635,20170406,93775,0.00005356
93,652,-32,42635,20170413,99229,0.00005557
94,659,-31,42635,20170420,90669,0.00005036
95,666,-30,42635,20170427,131061,0.00007354
96,673,-29,42635,20170504,110004,0.00006155
97,680,-28,42635,20170511,98871,0.00005642
98,687,-27,42635,20170518,73786,0.00004110
99,694,-26,42635,20170525,74076,0.00004259
100,701,-25,42635,20170601,75914,0.00004443
101,708,-24,42635,20170608,93679,0.00005524
102,715,-23,42635,20170615,102625,0.00006206
103,722,-22,42635,20170622,108835,0.00006746
104,729,-21,42635,20170629,69810,0.00004350
105,736,-20,42635,20170706,124372,0.00007496
106,743,-19,42635,20170713,366977,0.00022259
107,750,-18,42635,20170720,149678,0.00008929
108,757,-17,42635,20170727,95102,0.00005848
109,764,-16,42635,20170803,156901,0.00009691
110,771,-15,42635,20170810,98919,0.00006099
111,778,-14,42635,20170817,95693,0.00005850
112,785,-13,42635,20170824,71178,0.00004398
113,792,-12,42635,20170831,86744,0.00005285
114,799,-11,42635,20170907,156764,0.00009572
115,806,-10,42635,20170914,78739,0.00004688
116,813,-9,42635,20170921,74787,0.00004468
117,820,-8,42635,20170928,92716,0.00005605
118,827,-7,42635,20171005,110764,0.00006476
119,834,-6,42635,20171012,198490,0.00011648
120,841,-5,42635,20171019,236389,0.00013707
121,848,-4,42635,20171026,168257,0.00009840
122,855,-3,42635,20171102,198056,0.00011281
123,862,-2,42635,20171109,237300,0.00013563
124,869,-1,42635,20171116,3468450,0.00198104
125,876,0,42635,20171123,574512,0.00033053
126,883,1,42635,20171130,221057,0.00012838
127,890,2,42635,20171207,132597,0.00007551
128,897,3,42635,20171214,100471,0.00006057
129,904,4,42635,20171221,91399,0.00005722
130,911,5,42635,20171228,90417,0.00005078
131,918,6,42635,20180104,106566,0.00005627
132,925,7,42635,20180111,117105,0.00006106
133,932,8,42635,20180118,100140,0.00005290
134,939,9,42635,20180125,126332,0.00006760
135,946,10,42635,20180201,94362,0.00005119
136,953,11,42635,20180208,94500,0.00005172
137,960,12,42635,20180215,86877,0.00004741
138,967,13,42635,20180222,81357,0.00004380
139,974,14,42635,20180301,114590,0.00006195
140,981,15,42635,20180308,126023,0.00006852
141,988,16,42635,20180315,106733,0.00005892
142,995,17,42635,20180322,73647,0.00004130
143,1002,18,42635,20180329,76608,0.00004293
144,1009,19,42635,20180405,75473,0.00004151
145,1016,20,42635,20180412,76135,0.00004207
146,1023,21,42635,20180419,67146,0.00003790
147,1030,22,42635,20180426,72224,0.00004156
148,1037,23,42635,20180503,76693,0.00004440
149,1044,24,42635,20180510,79943,0.00004561
150,1051,25,42635,20180517,66411,0.00003669
151,1058,26,42635,20180524,64243,0.00003713
152,1065,27,42635,20180531,66692,0.00003911
153,1072,28,42635,20180607,80053,0.00004622
154,1079,29,42635,20180614,85944,0.00005090
155,1086,30,42635,20180621,94121,0.00005600
0,3,-125,88604,20150704,10873,0.00000626
1,10,-124,88604,20150711,13035,0.00000749
2,17,-123,88604,20150718,14919,0.00000864
3,24,-122,88604,20150725,13587,0.00000777
4,31,-121,88604,20150801,11040,0.00000654
5,38,-120,88604,20150808,18061,0.00001051
6,45,-119,88604,20150815,22786,0.00001307
7,52,-118,88604,20150822,11471,0.00000658
8,59,-117,88604,20150829,10052,0.00000572
9,66,-116,88604,20150905,41623,0.00002242
10,73,-115,88604,20150912,30349,0.00001692
11,80,-114,88604,20150919,13083,0.00000748
12,87,-113,88604,20150926,12928,0.00000754
13,94,-112,88604,20151003,21438,0.00001230
14,101,-111,88604,20151010,11898,0.00000676
15,108,-110,88604,20151017,19885,0.00001119
16,115,-109,88604,20151024,13571,0.00000769
17,122,-108,88604,20151031,11646,0.00000661
18,129,-107,88604,20151107,11714,0.00000667
19,136,-106,88604,20151114,9995,0.00000568
20,143,-105,88604,20151121,10935,0.00000638
21,150,-104,88604,20151128,12557,0.00000709
22,157,-103,88604,20151205,13512,0.00000762
23,164,-102,88604,20151212,11613,0.00000678
24,171,-101,88604,20151219,14544,0.00000937
25,178,-100,88604,20151226,16479,0.00000992
26,185,-99,88604,20160102,13865,0.00000756
27,192,-98,88604,20160109,13034,0.00000699
28,199,-97,88604,20160116,12736,0.00000689
29,206,-96,88604,20160123,12362,0.00000666
30,213,-95,88604,20160130,14021,0.00000757
31,220,-94,88604,20160206,12545,0.00000693
32,227,-93,88604,20160213,12526,0.00000685
33,234,-92,88604,20160220,10618,0.00000582
34,241,-91,88604,20160227,11263,0.00000615
35,248,-90,88604,20160305,12333,0.00000693
36,255,-89,88604,20160312,11277,0.00000656
37,262,-88,88604,20160319,11287,0.00000681
38,269,-87,88604,20160326,14586,0.00000855
39,276,-86,88604,20160402,14813,0.00000853
40,283,-85,88604,20160409,24523,0.00001408
41,290,-84,88604,20160416,11660,0.00000672
42,297,-83,88604,20160423,12335,0.00000709
43,304,-82,88604,20160430,11112,0.00000651
44,311,-81,88604,20160507,10558,0.00000618
45,318,-80,88604,20160514,12161,0.00000705
46,325,-79,88604,20160521,13406,0.00000785
47,332,-78,88604,20160528,11901,0.00000706
48,339,-77,88604,20160604,12916,0.00000764
49,346,-76,88604,20160611,12385,0.00000728
50,353,-75,88604,20160618,11886,0.00000709
51,360,-74,88604,20160625,11298,0.00000667
52,367,-73,88604,20160702,13923,0.00000829
53,374,-72,88604,20160709,22069,0.00001320
54,381,-71,88604,20160716,13855,0.00000799
55,388,-70,88604,20160723,15389,0.00000784
56,395,-69,88604,20160730,13206,0.00000688
57,402,-68,88604,20160806,12241,0.00000626
58,409,-67,88604,20160813,12728,0.00000690
59,416,-66,88604,20160820,12396,0.00000704
60,423,-65,88604,20160827,15349,0.00000869
61,430,-64,88604,20160903,12139,0.00000697
62,437,-63,88604,20160910,10644,0.00000601
63,444,-62,88604,20160917,12752,0.00000714
64,451,-61,88604,20160924,11354,0.00000652
65,458,-60,88604,20161001,13245,0.00000747
66,465,-59,88604,20161008,14062,0.00000791
67,472,-58,88604,20161015,13515,0.00000748
68,479,-57,88604,20161022,13812,0.00000781
69,486,-56,88604,20161029,18520,0.00001033
70,493,-55,88604,20161105,19331,0.00001027
71,500,-54,88604,20161112,13117,0.00000690
72,507,-53,88604,20161119,18429,0.00001025
73,514,-52,88604,20161126,22693,0.00001218
74,521,-51,88604,20161203,15502,0.00000829
75,528,-50,88604,20161210,22098,0.00001237
76,535,-49,88604,20161217,14061,0.00000800
77,542,-48,88604,20161224,17709,0.00000972
78,549,-47,88604,20161231,14001,0.00000736
79,556,-46,88604,20170107,17142,0.00000870
80,563,-45,88604,20170114,14986,0.00000754
81,570,-44,88604,20170121,15732,0.00000793
82,577,-43,88604,20170128,17279,0.00000880
83,584,-42,88604,20170204,13723,0.00000703
84,591,-41,88604,20170211,13148,0.00000686
85,598,-40,88604,20170218,284979,0.00014875
86,605,-39,88604,20170225,148440,0.00007654
87,612,-38,88604,20170304,71058,0.00003763
88,619,-37,88604,20170311,25345,0.00001355
89,626,-36,88604,20170318,17954,0.00000958
90,633,-35,88604,20170325,29060,0.00001625
91,640,-34,88604,20170401,14859,0.00000840
92,647,-33,88604,20170408,26041,0.00001493
93,654,-32,88604,20170415,24247,0.00001346
94,661,-31,88604,20170422,14720,0.00000822
95,668,-30,88604,20170429,12836,0.00000719
96,675,-29,88604,20170506,12217,0.00000688
97,682,-28,88604,20170513,11083,0.00000628
98,689,-27,88604,20170520,11653,0.00000660
99,696,-26,88604,20170527,11067,0.00000635
100,703,-25,88604,20170603,12851,0.00000748
101,710,-24,88604,20170610,12633,0.00000754
102,717,-23,88604,20170617,11468,0.00000695
103,724,-22,88604,20170624,11827,0.00000736
104,731,-21,88604,20170701,12391,0.00000767
105,738,-20,88604,20170708,11148,0.00000672
106,745,-19,88604,20170715,13557,0.00000818
107,752,-18,88604,20170722,13343,0.00000801
108,759,-17,88604,20170729,12852,0.00000794
109,766,-16,88604,20170805,15605,0.00000960
110,773,-15,88604,20170812,14127,0.00000871
111,780,-14,88604,20170819,14395,0.00000883
112,787,-13,88604,20170826,12650,0.00000785
113,794,-12,88604,20170902,13076,0.00000789
114,801,-11,88604,20170909,13149,0.00000803
115,808,-10,88604,20170916,17847,0.00001057
116,815,-9,88604,20170923,17975,0.00001080
117,822,-8,88604,20170930,12900,0.00000776
118,829,-7,88604,20171007,14352,0.00000836
119,836,-6,88604,20171014,13637,0.00000803
120,843,-5,88604,20171021,14976,0.00000867
121,850,-4,88604,20171028,13521,0.00000784
122,857,-3,88604,20171104,13560,0.00000776
123,864,-2,88604,20171111,14490,0.00000826
124,871,-1,88604,20171118,2351641,0.00136676
125,878,0,88604,20171125,286749,0.00016289
126,885,1,88604,20171202,76540,0.00004390
127,892,2,88604,20171209,46688,0.00002707
128,899,3,88604,20171216,42811,0.00002626
129,906,4,88604,20171223,44138,0.00002670
130,913,5,88604,20171230,39534,0.00002193
131,920,6,88604,20180106,22947,0.00001209
132,927,7,88604,20180113,21909,0.00001132
133,934,8,88604,20180120,24051,0.00001284
134,941,9,88604,20180127,24766,0.00001336
135,948,10,88604,20180203,20213,0.00001094
136,955,11,88604,20180210,19537,0.00001075
137,962,12,88604,20180217,16341,0.00000886
138,969,13,88604,20180224,17064,0.00000922
139,976,14,88604,20180303,19279,0.00001042
140,983,15,88604,20180310,15164,0.00000824
141,990,16,88604,20180317,15352,0.00000849
142,997,17,88604,20180324,15910,0.00000899
143,1004,18,88604,20180331,17317,0.00000966
144,1011,19,88604,20180407,24788,0.00001360
145,1018,20,88604,20180414,19066,0.00001063
146,1025,21,88604,20180421,15932,0.00000895
147,1032,22,88604,20180428,18061,0.00001046
148,1039,23,88604,20180505,27381,0.00001580
149,1046,24,88604,20180512,35738,0.00002037
150,1053,25,88604,20180519,32160,0.00001790
151,1060,26,88604,20180526,39102,0.00002261
152,1067,27,88604,20180602,79214,0.00004602
153,1074,28,88604,20180609,153353,0.00008977
154,1081,29,88604,20180616,28711,0.00001701
155,1088,30,88604,20180623,20836,0.00001243
1,4,-125,5714927,20150705,109,0.00000006
2,11,-124,5714927,20150712,141,0.00000008
3,18,-123,5714927,20150719,141,0.00000008
4,25,-122,5714927,20150726,111,0.00000006
5,32,-121,5714927,20150802,119,0.00000007
6,39,-120,5714927,20150809,100,0.00000006
7,46,-119,5714927,20150816,116,0.00000007
8,53,-118,5714927,20150823,138,0.00000008
9,60,-117,5714927,20150830,75,0.00000004
10,67,-116,5714927,20150906,108,0.00000006
11,74,-115,5714927,20150913,97,0.00000005
12,81,-114,5714927,20150920,91,0.00000005
13,88,-113,5714927,20150927,66,0.00000004
14,95,-112,5714927,20151004,71,0.00000004
15,102,-111,5714927,20151011,96,0.00000005
16,109,-110,5714927,20151018,123,0.00000007
17,116,-109,5714927,20151025,85,0.00000005
18,123,-108,5714927,20151101,89,0.00000005
19,130,-107,5714927,20151108,157,0.00000009
20,137,-106,5714927,20151115,109,0.00000006
21,144,-105,5714927,20151122,106,0.00000006
22,151,-104,5714927,20151129,98,0.00000006
23,158,-103,5714927,20151206,64,0.00000004
24,165,-102,5714927,20151213,68,0.00000004
25,172,-101,5714927,20151220,72,0.00000005
26,179,-100,5714927,20151227,72,0.00000004
27,186,-99,5714927,20160103,108,0.00000006
28,193,-98,5714927,20160110,62,0.00000003
29,200,-97,5714927,20160117,61,0.00000003
30,207,-96,5714927,20160124,89,0.00000005
31,214,-95,5714927,20160131,80,0.00000004
32,221,-94,5714927,20160207,130,0.00000007
33,228,-93,5714927,20160214,87,0.00000005
34,235,-92,5714927,20160221,77,0.00000004
35,242,-91,5714927,20160228,95,0.00000005
36,249,-90,5714927,20160306,81,0.00000005
37,256,-89,5714927,20160313,84,0.00000005
38,263,-88,5714927,20160320,211,0.00000013
39,270,-87,5714927,20160327,201,0.00000012
40,277,-86,5714927,20160403,122,0.00000007
41,284,-85,5714927,20160410,79,0.00000005
42,291,-84,5714927,20160417,190,0.00000011
43,298,-83,5714927,20160424,99,0.00000006
44,305,-82,5714927,20160501,79,0.00000005
45,312,-81,5714927,20160508,73,0.00000004
46,319,-80,5714927,20160515,68,0.00000004
47,326,-79,5714927,20160522,70,0.00000004
48,333,-78,5714927,20160529,88,0.00000005
49,340,-77,5714927,20160605,77,0.00000005
50,347,-76,5714927,20160612,70,0.00000004
51,354,-75,5714927,20160619,82,0.00000005
52,361,-74,5714927,20160626,83,0.00000005
53,368,-73,5714927,20160703,60,0.00000004
54,375,-72,5714927,20160710,87,0.00000005
55,382,-71,5714927,20160717,74,0.00000004
56,389,-70,5714927,20160724,77,0.00000004
57,396,-69,5714927,20160731,107,0.00000006
58,403,-68,5714927,20160807,107,0.00000005
59,410,-67,5714927,20160814,73,0.00000004
60,417,-66,5714927,20160821,100,0.00000006
61,424,-65,5714927,20160828,108,0.00000006
62,431,-64,5714927,20160904,69,0.00000004
63,438,-63,5714927,20160911,79,0.00000004
64,445,-62,5714927,20160918,102,0.00000006
65,452,-61,5714927,20160925,67,0.00000004
66,459,-60,5714927,20161002,77,0.00000004
67,466,-59,5714927,20161009,81,0.00000005
68,473,-58,5714927,20161016,88,0.00000005
69,480,-57,5714927,20161023,133,0.00000008
70,487,-56,5714927,20161030,107,0.00000006
71,494,-55,5714927,20161106,130,0.00000007
72,501,-54,5714927,20161113,95,0.00000005
73,508,-53,5714927,20161120,82,0.00000005
74,515,-52,5714927,20161127,78,0.00000004
75,522,-51,5714927,20161204,84,0.00000005
76,529,-50,5714927,20161211,75,0.00000004
77,536,-49,5714927,20161218,99,0.00000006
78,543,-48,5714927,20161225,69,0.00000004
79,550,-47,5714927,20170101,80,0.00000004
80,557,-46,5714927,20170108,88,0.00000004
81,564,-45,5714927,20170115,85,0.00000004
82,571,-44,5714927,20170122,77,0.00000004
83,578,-43,5714927,20170129,87,0.00000004
84,585,-42,5714927,20170205,61,0.00000003
85,592,-41,5714927,20170212,125,0.00000007
86,599,-40,5714927,20170219,70,0.00000004
87,606,-39,5714927,20170226,88,0.00000005
88,613,-38,5714927,20170305,102,0.00000005
89,620,-37,5714927,20170312,98,0.00000005
90,627,-36,5714927,20170319,319,0.00000017
91,634,-35,5714927,20170326,285,0.00000016
92,641,-34,5714927,20170402,115,0.00000006
93,648,-33,5714927,20170409,100,0.00000006
94,655,-32,5714927,20170416,81,0.00000004
95,662,-31,5714927,20170423,86,0.00000005
96,669,-30,5714927,20170430,83,0.00000005
97,676,-29,5714927,20170507,73,0.00000004
98,683,-28,5714927,20170514,96,0.00000005
99,690,-27,5714927,20170521,89,0.00000005
100,697,-26,5714927,20170528,109,0.00000006
101,704,-25,5714927,20170604,85,0.00000005
102,711,-24,5714927,20170611,73,0.00000004
103,718,-23,5714927,20170618,71,0.00000004
104,725,-22,5714927,20170625,89,0.00000006
105,732,-21,5714927,20170702,98,0.00000006
106,739,-20,5714927,20170709,81,0.00000005
107,746,-19,5714927,20170716,71,0.00000004
108,753,-18,5714927,20170723,80,0.00000005
109,760,-17,5714927,20170730,92,0.00000006
110,767,-16,5714927,20170806,72,0.00000004
111,774,-15,5714927,20170813,78,0.00000005
112,781,-14,5714927,20170820,72,0.00000004
113,788,-13,5714927,20170827,94,0.00000006
114,795,-12,5714927,20170903,76,0.00000005
115,802,-11,5714927,20170910,64,0.00000004
116,809,-10,5714927,20170917,61,0.00000004
117,816,-9,5714927,20170924,73,0.00000004
118,823,-8,5714927,20171001,82,0.00000005
119,830,-7,5714927,20171008,80,0.00000005
120,837,-6,5714927,20171015,62,0.00000004
121,844,-5,5714927,20171022,61,0.00000004
122,851,-4,5714927,20171029,87,0.00000005
123,858,-3,5714927,20171105,124,0.00000007
124,865,-2,5714927,20171112,109,0.00000006
125,872,-1,5714927,20171119,504,0.00000029
126,879,0,5714927,20171126,752334,0.00043022
127,886,1,5714927,20171203,176989,0.00010100
128,893,2,5714927,20171210,22808,0.00001330
129,900,3,5714927,20171217,10379,0.00000639
130,907,4,5714927,20171224,9324,0.00000555
131,914,5,5714927,20171231,17357,0.00000948
132,921,6,5714927,20180107,5804,0.00000308
133,928,7,5714927,20180114,4509,0.00000234
134,935,8,5714927,20180121,4357,0.00000232
135,942,9,5714927,20180128,7008,0.00000378
136,949,10,5714927,20180204,3997,0.00000216
137,956,11,5714927,20180211,3838,0.00000211
138,963,12,5714927,20180218,3505,0.00000190
139,970,13,5714927,20180225,3792,0.00000205
140,977,14,5714927,20180304,4685,0.00000254
141,984,15,5714927,20180311,4979,0.00000270
142,991,16,5714927,20180318,7401,0.00000411
143,998,17,5714927,20180325,3671,0.00000207
144,1005,18,5714927,20180401,2868,0.00000159
145,1012,19,5714927,20180408,4983,0.00000275
146,1019,20,5714927,20180415,5131,0.00000286
147,1026,21,5714927,20180422,4376,0.00000247
148,1033,22,5714927,20180429,4043,0.00000234
149,1040,23,5714927,20180506,3316,0.00000191
150,1047,24,5714927,20180513,3414,0.00000192
151,1054,25,5714927,20180520,3914,0.00000222
152,1061,26,5714927,20180527,6510,0.00000377
153,1068,27,5714927,20180603,3241,0.00000187
154,1075,28,5714927,20180610,2907,0.00000171
155,1082,29,5714927,20180617,3643,0.00000215
156,1089,30,5714927,20180624,5448,0.00000326
1,5,-125,555824,20150706,11995,0.00000684
2,12,-124,555824,20150713,9132,0.00000528
3,19,-123,555824,20150720,11500,0.00000662
4,26,-122,555824,20150727,10972,0.00000633
5,33,-121,555824,20150803,10893,0.00000641
6,40,-120,555824,20150810,12244,0.00000712
7,47,-119,555824,20150817,11612,0.00000665
8,54,-118,555824,20150824,12105,0.00000696
9,61,-117,555824,20150831,10341,0.00000580
10,68,-116,555824,20150907,11224,0.00000600
11,75,-115,555824,20150914,11725,0.00000666
12,82,-114,555824,20150921,10263,0.00000591
13,89,-113,555824,20150928,11426,0.00000668
14,96,-112,555824,20151005,10410,0.00000595
15,103,-111,555824,20151012,10787,0.00000612
16,110,-110,555824,20151019,9984,0.00000560
17,117,-109,555824,20151026,12466,0.00000710
18,124,-108,555824,20151102,17616,0.00000995
19,131,-107,555824,20151109,14691,0.00000837
20,138,-106,555824,20151116,14846,0.00000843
21,145,-105,555824,20151123,12703,0.00000736
22,152,-104,555824,20151130,11650,0.00000663
23,159,-103,555824,20151207,12096,0.00000680
24,166,-102,555824,20151214,15363,0.00000918
25,173,-101,555824,20151221,17053,0.00001087
26,180,-100,555824,20151228,15991,0.00000926
27,187,-99,555824,20160104,11408,0.00000626
28,194,-98,555824,20160111,19097,0.00001026
29,201,-97,555824,20160118,18765,0.00001010
30,208,-96,555824,20160125,15268,0.00000824
31,215,-95,555824,20160201,13353,0.00000727
32,222,-94,555824,20160208,13603,0.00000753
33,229,-93,555824,20160215,17393,0.00000946
34,236,-92,555824,20160222,13711,0.00000757
35,243,-91,555824,20160229,11100,0.00000603
36,250,-90,555824,20160307,16218,0.00000925
37,257,-89,555824,20160314,12906,0.00000758
38,264,-88,555824,20160321,14143,0.00000849
39,271,-87,555824,20160328,15632,0.00000914
40,278,-86,555824,20160404,11592,0.00000664
41,285,-85,555824,20160411,34445,0.00001997
42,292,-84,555824,20160418,14990,0.00000855
43,299,-83,555824,20160425,12165,0.00000707
44,306,-82,555824,20160502,15820,0.00000926
45,313,-81,555824,20160509,14567,0.00000849
46,320,-80,555824,20160516,19910,0.00001148
47,327,-79,555824,20160523,42234,0.00002510
48,334,-78,555824,20160530,23244,0.00001363
49,341,-77,555824,20160606,14834,0.00000880
50,348,-76,555824,20160613,11934,0.00000706
51,355,-75,555824,20160620,10785,0.00000641
52,362,-74,555824,20160627,14487,0.00000858
53,369,-73,555824,20160704,19270,0.00001142
54,376,-72,555824,20160711,13707,0.00000829
55,383,-71,555824,20160718,11728,0.00000643
56,390,-70,555824,20160725,11669,0.00000594
57,397,-69,555824,20160801,13179,0.00000691
58,404,-68,555824,20160808,16318,0.00000830
59,411,-67,555824,20160815,16808,0.00000941
60,418,-66,555824,20160822,11774,0.00000670
61,425,-65,555824,20160829,11784,0.00000669
62,432,-64,555824,20160905,13176,0.00000750
63,439,-63,555824,20160912,16446,0.00000933
64,446,-62,555824,20160919,13605,0.00000765
65,453,-61,555824,20160926,12768,0.00000732
66,460,-60,555824,20161003,11409,0.00000640
67,467,-59,555824,20161010,9250,0.00000517
68,474,-58,555824,20161017,9504,0.00000529
69,481,-57,555824,20161024,10432,0.00000594
70,488,-56,555824,20161031,11920,0.00000651
71,495,-55,555824,20161107,14067,0.00000741
72,502,-54,555824,20161114,17742,0.00000946
73,509,-53,555824,20161121,14829,0.00000816
74,516,-52,555824,20161128,11975,0.00000645
75,523,-51,555824,20161205,14235,0.00000767
76,530,-50,555824,20161212,14896,0.00000842
77,537,-49,555824,20161219,18810,0.00001080
78,544,-48,555824,20161226,28706,0.00001554
79,551,-47,555824,20170102,19324,0.00000982
80,558,-46,555824,20170109,13196,0.00000671
81,565,-45,555824,20170116,12463,0.00000627
82,572,-44,555824,20170123,14772,0.00000743
83,579,-43,555824,20170130,15543,0.00000798
84,586,-42,555824,20170206,27254,0.00001397
85,593,-41,555824,20170213,17904,0.00000939
86,600,-40,555824,20170220,14495,0.00000752
87,607,-39,555824,20170227,10968,0.00000571
88,614,-38,555824,20170306,11061,0.00000585
89,621,-37,555824,20170313,13239,0.00000705
90,628,-36,555824,20170320,14174,0.00000772
91,635,-35,555824,20170327,12124,0.00000685
92,642,-34,555824,20170403,14655,0.00000827
93,649,-33,555824,20170410,12004,0.00000687
94,656,-32,555824,20170417,11251,0.00000620
95,663,-31,555824,20170424,11361,0.00000640
96,670,-30,555824,20170501,16168,0.00000901
97,677,-29,555824,20170508,15115,0.00000858
98,684,-28,555824,20170515,15283,0.00000865
99,691,-27,555824,20170522,36660,0.00002103
100,698,-26,555824,20170529,17453,0.00000995
101,705,-25,555824,20170605,11874,0.00000693
102,712,-24,555824,20170612,34623,0.00002081
103,719,-23,555824,20170619,16236,0.00000988
104,726,-22,555824,20170626,9894,0.00000617
105,733,-21,555824,20170703,12522,0.00000767
106,740,-20,555824,20170710,13142,0.00000790
107,747,-19,555824,20170717,12573,0.00000756
108,754,-18,555824,20170724,12063,0.00000733
109,761,-17,555824,20170731,10606,0.00000657
110,768,-16,555824,20170807,14065,0.00000863
111,775,-15,555824,20170814,12933,0.00000794
112,782,-14,555824,20170821,17773,0.00001094
113,789,-13,555824,20170828,14170,0.00000878
114,796,-12,555824,20170904,14735,0.00000887
115,803,-11,555824,20170911,15246,0.00000926
116,810,-10,555824,20170918,12824,0.00000761
117,817,-9,555824,20170925,11812,0.00000717
118,824,-8,555824,20171002,12424,0.00000735
119,831,-7,555824,20171009,13162,0.00000766
120,838,-6,555824,20171016,11547,0.00000678
121,845,-5,555824,20171023,11922,0.00000690
122,852,-4,555824,20171030,13446,0.00000776
123,859,-3,555824,20171106,18355,0.00001052
124,866,-2,555824,20171113,16811,0.00000959
125,873,-1,555824,20171120,21603,0.00001252
126,880,0,555824,20171127,815794,0.00046877
127,887,1,555824,20171204,133082,0.00007567
128,894,2,555824,20171211,26886,0.00001580
129,901,3,555824,20171218,20292,0.00001263
130,908,4,555824,20171225,29179,0.00001717
131,915,5,555824,20180101,21250,0.00001137
132,922,6,555824,20180108,17436,0.00000921
133,929,7,555824,20180115,16353,0.00000856
134,936,8,555824,20180122,15868,0.00000845
135,943,9,555824,20180129,14695,0.00000795
136,950,10,555824,20180205,12181,0.00000659
137,957,11,555824,20180212,11178,0.00000617
138,964,12,555824,20180219,13446,0.00000725
139,971,13,555824,20180226,14115,0.00000764
140,978,14,555824,20180305,14415,0.00000783
141,985,15,555824,20180312,13830,0.00000752
142,992,16,555824,20180319,13585,0.00000758
143,999,17,555824,20180326,14636,0.00000828
144,1006,18,555824,20180402,12134,0.00000669
145,1013,19,555824,20180409,11535,0.00000635
146,1020,20,555824,20180416,12151,0.00000684
147,1027,21,555824,20180423,12045,0.00000681
148,1034,22,555824,20180430,12637,0.00000733
149,1041,23,555824,20180507,13755,0.00000789
150,1048,24,555824,20180514,14855,0.00000826
151,1055,25,555824,20180521,17589,0.00001007
152,1062,26,555824,20180528,18717,0.00001085
153,1069,27,555824,20180604,13723,0.00000792
154,1076,28,555824,20180611,13976,0.00000827
155,1083,29,555824,20180618,13844,0.00000816
156,1090,30,555824,20180625,12152,0.00000726
0,2,-127,265130,20150703,16167,0.00000939
1,9,-126,265130,20150710,15005,0.00000859
2,16,-125,265130,20150717,15262,0.00000888
3,23,-124,265130,20150724,15650,0.00000892
4,30,-123,265130,20150731,14907,0.00000888
5,37,-122,265130,20150807,16462,0.00000955
6,44,-121,265130,20150814,22963,0.00001319
7,51,-120,265130,20150821,17535,0.00001004
8,58,-119,265130,20150828,16859,0.00000962
9,65,-118,265130,20150904,16164,0.00000876
10,72,-117,265130,20150911,15066,0.00000831
11,79,-116,265130,20150918,16027,0.00000917
12,86,-115,265130,20150925,15610,0.00000907
13,93,-114,265130,20151002,18378,0.00001058
14,100,-113,265130,20151009,16759,0.00000952
15,107,-112,265130,20151016,17103,0.00000968
16,114,-111,265130,20151023,16870,0.00000952
17,121,-110,265130,20151030,16654,0.00000947
18,128,-109,265130,20151106,16755,0.00000949
19,135,-108,265130,20151113,16576,0.00000944
20,142,-107,265130,20151120,17842,0.00001035
21,149,-106,265130,20151127,14548,0.00000827
22,156,-105,265130,20151204,15065,0.00000851
23,163,-104,265130,20151211,16672,0.00000961
24,170,-103,265130,20151218,17337,0.00001101
25,177,-102,265130,20151225,21006,0.00001289
26,184,-101,265130,20160101,17517,0.00000965
27,191,-100,265130,20160108,18022,0.00000966
28,198,-99,265130,20160115,19314,0.00001048
29,205,-98,265130,20160122,17395,0.00000935
30,212,-97,265130,20160129,16469,0.00000889
31,219,-96,265130,20160205,18711,0.00001030
32,226,-95,265130,20160212,17639,0.00000968
33,233,-94,265130,20160219,17940,0.00000979
34,240,-93,265130,20160226,16492,0.00000903
35,247,-92,265130,20160304,16497,0.00000921
36,254,-91,265130,20160311,18731,0.00001085
37,261,-90,265130,20160318,67211,0.00004058
38,268,-89,265130,20160325,38265,0.00002242
39,275,-88,265130,20160401,23433,0.00001356
40,282,-87,265130,20160408,17223,0.00000987
41,289,-86,265130,20160415,19716,0.00001145
42,296,-85,265130,20160422,15697,0.00000895
43,303,-84,265130,20160429,15775,0.00000925
44,310,-83,265130,20160506,15402,0.00000900
45,317,-82,265130,20160513,18993,0.00001102
46,324,-81,265130,20160520,16204,0.00000945
47,331,-80,265130,20160527,16753,0.00000997
48,338,-79,265130,20160603,16304,0.00000964
49,345,-78,265130,20160610,15899,0.00000932
50,352,-77,265130,20160617,16791,0.00001003
51,359,-76,265130,20160624,18914,0.00001123
52,366,-75,265130,20160701,15895,0.00000938
53,373,-74,265130,20160708,18177,0.00001089
54,380,-73,265130,20160715,17587,0.00001039
55,387,-72,265130,20160722,17828,0.00000909
56,394,-71,265130,20160729,17712,0.00000919
57,401,-70,265130,20160805,17400,0.00000897
58,408,-69,265130,20160812,17096,0.00000909
59,415,-68,265130,20160819,15971,0.00000908
60,422,-67,265130,20160826,19049,0.00001079
61,429,-66,265130,20160902,18344,0.00001054
62,436,-65,265130,20160909,20254,0.00001141
63,443,-64,265130,20160916,20709,0.00001165
64,450,-63,265130,20160923,19924,0.00001137
65,457,-62,265130,20160930,15556,0.00000879
66,464,-61,265130,20161007,17286,0.00000976
67,471,-60,265130,20161014,15632,0.00000864
68,478,-59,265130,20161021,20258,0.00001138
69,485,-58,265130,20161028,17922,0.00001011
70,492,-57,265130,20161104,17931,0.00000957
71,499,-56,265130,20161111,15996,0.00000840
72,506,-55,265130,20161118,16386,0.00000901
73,513,-54,265130,20161125,17307,0.00000934
74,520,-53,265130,20161202,19436,0.00001041
75,527,-52,265130,20161209,19980,0.00001107
76,534,-51,265130,20161216,21588,0.00001226
77,541,-50,265130,20161223,28092,0.00001566
78,548,-49,265130,20161230,33753,0.00001785
79,555,-48,265130,20170106,37900,0.00001926
80,562,-47,265130,20170113,23634,0.00001189
81,569,-46,265130,20170120,22068,0.00001109
82,576,-45,265130,20170127,16147,0.00000820
83,583,-44,265130,20170203,15998,0.00000819
84,590,-43,265130,20170210,29690,0.00001545
85,597,-42,265130,20170217,24115,0.00001260
86,604,-41,265130,20170224,19446,0.00001003
87,611,-40,265130,20170303,18165,0.00000960
88,618,-39,265130,20170310,20822,0.00001115
89,625,-38,265130,20170317,32742,0.00001736
90,632,-37,265130,20170324,18036,0.00001006
91,639,-36,265130,20170331,19290,0.00001091
92,646,-35,265130,20170407,22527,0.00001291
93,653,-34,265130,20170414,17290,0.00000963
94,660,-33,265130,20170421,23410,0.00001303
95,667,-32,265130,20170428,29794,0.00001673
96,674,-31,265130,20170505,21068,0.00001181
97,681,-30,265130,20170512,18217,0.00001036
98,688,-29,265130,20170519,18984,0.00001067
99,695,-28,265130,20170526,17719,0.00001018
100,702,-27,265130,20170602,15474,0.00000905
101,709,-26,265130,20170609,15605,0.00000926
102,716,-25,265130,20170616,17275,0.00001046
103,723,-24,265130,20170623,16159,0.00001003
104,730,-23,265130,20170630,16601,0.00001032
105,737,-22,265130,20170707,18912,0.00001139
106,744,-21,265130,20170714,18106,0.00001097
107,751,-20,265130,20170721,19569,0.00001170
108,758,-19,265130,20170728,18347,0.00001130
109,765,-18,265130,20170804,17489,0.00001078
110,772,-17,265130,20170811,17752,0.00001095
111,779,-16,265130,20170818,17739,0.00001086
112,786,-15,265130,20170825,16156,0.00000999
113,793,-14,265130,20170901,16434,0.00000996
114,800,-13,265130,20170908,17018,0.00001041
115,807,-12,265130,20170915,17766,0.00001054
116,814,-11,265130,20170922,17509,0.00001047
117,821,-10,265130,20170929,15166,0.00000917
118,828,-9,265130,20171006,19194,0.00001120
119,835,-8,265130,20171013,17303,0.00001018
120,842,-7,265130,20171020,17061,0.00000987
121,849,-6,265130,20171027,14444,0.00000840
122,856,-5,265130,20171103,17593,0.00001005
123,863,-4,265130,20171110,18491,0.00001055
124,870,-3,265130,20171117,18684,0.00001078
125,877,-2,265130,20171124,17068,0.00000975
126,884,-1,265130,20171201,1489571,0.00085899
127,891,0,265130,20171208,177669,0.00010209
128,898,1,265130,20171215,42164,0.00002563
129,905,2,265130,20171222,29326,0.00001809
130,912,3,265130,20171229,23464,0.00001311
131,919,4,265130,20180105,18202,0.00000957
132,926,5,265130,20180112,16465,0.00000851
133,933,6,265130,20180119,14577,0.00000779
134,940,7,265130,20180126,13795,0.00000740
135,947,8,265130,20180202,11985,0.00000649
136,954,9,265130,20180209,13355,0.00000734
137,961,10,265130,20180216,13773,0.00000749
138,968,11,265130,20180223,49637,0.00002675
139,975,12,265130,20180302,55407,0.00002995
140,982,13,265130,20180309,21662,0.00001178
141,989,14,265130,20180316,24589,0.00001359
142,996,15,265130,20180323,14398,0.00000813
143,1003,16,265130,20180330,13729,0.00000766
144,1010,17,265130,20180406,11473,0.00000629
145,1017,18,265130,20180413,10448,0.00000581
146,1024,19,265130,20180420,10795,0.00000608
147,1031,20,265130,20180427,13348,0.00000770
148,1038,21,265130,20180504,14889,0.00000861
149,1045,22,265130,20180511,12729,0.00000726
150,1052,23,265130,20180518,10706,0.00000594
151,1059,24,265130,20180525,12056,0.00000696
152,1066,25,265130,20180601,13569,0.00000794
153,1073,26,265130,20180608,12152,0.00000705
154,1080,27,265130,20180615,11540,0.00000685
155,1087,28,265130,20180622,12399,0.00000738
0,3,-127,55986811,20150704,17157,0.00000988
1,10,-126,55986811,20150711,17654,0.00001015
2,17,-125,55986811,20150718,18095,0.00001048
3,24,-124,55986811,20150725,18055,0.00001032
4,31,-123,55986811,20150801,17177,0.00001018
5,38,-122,55986811,20150808,16409,0.00000955
6,45,-121,55986811,20150815,17078,0.00000980
7,52,-120,55986811,20150822,16706,0.00000958
8,59,-119,55986811,20150829,17837,0.00001014
9,66,-118,55986811,20150905,16227,0.00000874
10,73,-117,55986811,20150912,16882,0.00000941
11,80,-116,55986811,20150919,16980,0.00000971
12,87,-115,55986811,20150926,18299,0.00001067
13,94,-114,55986811,20151003,16865,0.00000968
14,101,-113,55986811,20151010,17012,0.00000967
15,108,-112,55986811,20151017,15918,0.00000896
16,115,-111,55986811,20151024,16054,0.00000909
17,122,-110,55986811,20151031,17101,0.00000971
18,129,-109,55986811,20151107,16685,0.00000950
19,136,-108,55986811,20151114,16110,0.00000915
20,143,-107,55986811,20151121,17837,0.00001041
21,150,-106,55986811,20151128,17476,0.00000987
22,157,-105,55986811,20151205,17821,0.00001005
23,164,-104,55986811,20151212,17706,0.00001034
24,171,-103,55986811,20151219,16269,0.00001048
25,178,-102,55986811,20151226,20242,0.00001218
26,185,-101,55986811,20160102,20571,0.00001122
27,192,-100,55986811,20160109,19517,0.00001047
28,199,-99,55986811,20160116,20349,0.00001100
29,206,-98,55986811,20160123,22813,0.00001229
30,213,-97,55986811,20160130,21561,0.00001164
31,220,-96,55986811,20160206,18426,0.00001018
32,227,-95,55986811,20160213,19331,0.00001058
33,234,-94,55986811,20160220,18767,0.00001028
34,241,-93,55986811,20160227,18562,0.00001014
35,248,-92,55986811,20160305,19189,0.00001078
36,255,-91,55986811,20160312,17792,0.00001035
37,262,-90,55986811,20160319,17913,0.00001081
38,269,-89,55986811,20160326,18874,0.00001106
39,276,-88,55986811,20160402,19785,0.00001139
40,283,-87,55986811,20160409,15369,0.00000882
41,290,-86,55986811,20160416,15213,0.00000877
42,297,-85,55986811,20160423,17549,0.00001008
43,304,-84,55986811,20160430,16727,0.00000980
44,311,-83,55986811,20160507,19081,0.00001117
45,318,-82,55986811,20160514,18428,0.00001068
46,325,-81,55986811,20160521,18314,0.00001073
47,332,-80,55986811,20160528,18754,0.00001113
48,339,-79,55986811,20160604,17322,0.00001025
49,346,-78,55986811,20160611,16129,0.00000948
50,353,-77,55986811,20160618,14922,0.00000891
51,360,-76,55986811,20160625,14561,0.00000859
52,367,-75,55986811,20160702,14438,0.00000860
53,374,-74,55986811,20160709,15169,0.00000908
54,381,-73,55986811,20160716,14384,0.00000830
55,388,-72,55986811,20160723,16198,0.00000825
56,395,-71,55986811,20160730,14304,0.00000746
57,402,-70,55986811,20160806,13937,0.00000713
58,409,-69,55986811,20160813,14830,0.00000805
59,416,-68,55986811,20160820,15722,0.00000893
60,423,-67,55986811,20160827,15026,0.00000851
61,430,-66,55986811,20160903,14218,0.00000817
62,437,-65,55986811,20160910,14488,0.00000817
63,444,-64,55986811,20160917,14333,0.00000802
64,451,-63,55986811,20160924,13406,0.00000770
65,458,-62,55986811,20161001,13269,0.00000748
66,465,-61,55986811,20161008,13838,0.00000778
67,472,-60,55986811,20161015,13927,0.00000770
68,479,-59,55986811,20161022,15473,0.00000875
69,486,-58,55986811,20161029,13929,0.00000777
70,493,-57,55986811,20161105,14936,0.00000794
71,500,-56,55986811,20161112,14202,0.00000747
72,507,-55,55986811,20161119,15234,0.00000847
73,514,-54,55986811,20161126,15228,0.00000817
74,521,-53,55986811,20161203,15295,0.00000818
75,528,-52,55986811,20161210,14062,0.00000787
76,535,-51,55986811,20161217,15513,0.00000883
77,542,-50,55986811,20161224,16031,0.00000880
78,549,-49,55986811,20161231,16515,0.00000868
79,556,-48,55986811,20170107,15601,0.00000791
80,563,-47,55986811,20170114,15516,0.00000780
81,570,-46,55986811,20170121,19699,0.00000992
82,577,-45,55986811,20170128,15973,0.00000813
83,584,-44,55986811,20170204,16394,0.00000840
84,591,-43,55986811,20170211,15555,0.00000812
85,598,-42,55986811,20170218,16250,0.00000848
86,605,-41,55986811,20170225,17096,0.00000881
87,612,-40,55986811,20170304,19985,0.00001058
88,619,-39,55986811,20170311,20156,0.00001077
89,626,-38,55986811,20170318,19944,0.00001064
90,633,-37,55986811,20170325,16757,0.00000937
91,640,-36,55986811,20170401,16278,0.00000920
92,647,-35,55986811,20170408,20252,0.00001161
93,654,-34,55986811,20170415,19356,0.00001074
94,661,-33,55986811,20170422,16883,0.00000943
95,668,-32,55986811,20170429,16174,0.00000906
96,675,-31,55986811,20170506,15545,0.00000876
97,682,-30,55986811,20170513,14938,0.00000847
98,689,-29,55986811,20170520,16347,0.00000925
99,696,-28,55986811,20170527,15119,0.00000867
100,703,-27,55986811,20170603,40,0.00000002
101,710,-26,55986811,20170610,13,0.00000001
102,717,-25,55986811,20170617,18,0.00000001
103,724,-24,55986811,20170624,16,0.00000001
104,731,-23,55986811,20170701,16,0.00000001
105,738,-22,55986811,20170708,6,0.00000000
106,745,-21,55986811,20170715,8,0.00000000
107,752,-20,55986811,20170722,23,0.00000001
108,759,-19,55986811,20170729,10,0.00000001
109,766,-18,55986811,20170805,19,0.00000001
110,773,-17,55986811,20170812,15,0.00000001
111,780,-16,55986811,20170819,12,0.00000001
112,787,-15,55986811,20170826,20,0.00000001
113,794,-14,55986811,20170902,21,0.00000001
114,801,-13,55986811,20170909,19,0.00000001
115,808,-12,55986811,20170916,22,0.00000001
116,815,-11,55986811,20170923,24,0.00000001
117,822,-10,55986811,20170930,22,0.00000001
118,829,-9,55986811,20171007,28,0.00000002
119,836,-8,55986811,20171014,2,0.00000000
120,843,-7,55986811,20171021,4,0.00000000
121,850,-6,55986811,20171028,9,0.00000001
122,857,-5,55986811,20171104,5,0.00000000
123,864,-4,55986811,20171111,17,0.00000001
124,871,-3,55986811,20171118,10,0.00000001
125,878,-2,55986811,20171125,21,0.00000001
126,885,-1,55986811,20171202,755043,0.00043304
127,892,0,55986811,20171209,708951,0.00041107
128,899,1,55986811,20171216,188725,0.00011577
129,906,2,55986811,20171223,128363,0.00007764
130,913,3,55986811,20171230,106581,0.00005912
131,920,4,55986811,20180106,161130,0.00008489
132,927,5,55986811,20180113,103962,0.00005372
133,934,6,55986811,20180120,125056,0.00006675
134,941,7,55986811,20180127,67589,0.00003645
135,948,8,55986811,20180203,60539,0.00003275
136,955,9,55986811,20180210,56878,0.00003130
137,962,10,55986811,20180217,50643,0.00002746
138,969,11,55986811,20180224,48310,0.00002610
139,976,12,55986811,20180303,46243,0.00002500
140,983,13,55986811,20180310,49948,0.00002715
141,990,14,55986811,20180317,40091,0.00002217
142,997,15,55986811,20180324,44059,0.00002490
143,1004,16,55986811,20180331,41334,0.00002305
144,1011,17,55986811,20180407,39006,0.00002141
145,1018,18,55986811,20180414,41579,0.00002318
146,1025,19,55986811,20180421,41304,0.00002321
147,1032,20,55986811,20180428,44732,0.00002591
148,1039,21,55986811,20180505,36261,0.00002092
149,1046,22,55986811,20180512,32628,0.00001860
150,1053,23,55986811,20180519,32781,0.00001824
151,1060,24,55986811,20180526,40895,0.00002365
152,1067,25,55986811,20180602,38585,0.00002242
153,1074,26,55986811,20180609,38389,0.00002247
154,1081,27,55986811,20180616,36977,0.00002191
155,1088,28,55986811,20180623,30359,0.00001811
0,2,-129,26744321,20150703,5603,0.00000326
1,9,-128,26744321,20150710,5420,0.00000310
2,16,-127,26744321,20150717,4582,0.00000267
3,23,-126,26744321,20150724,4587,0.00000261
4,30,-125,26744321,20150731,4790,0.00000285
5,37,-124,26744321,20150807,4804,0.00000279
6,44,-123,26744321,20150814,4799,0.00000276
7,51,-122,26744321,20150821,4464,0.00000256
8,58,-121,26744321,20150828,4097,0.00000234
9,65,-120,26744321,20150904,3900,0.00000211
10,72,-119,26744321,20150911,5290,0.00000292
11,79,-118,26744321,20150918,5212,0.00000298
12,86,-117,26744321,20150925,4308,0.00000250
13,93,-116,26744321,20151002,4258,0.00000245
14,100,-115,26744321,20151009,4210,0.00000239
15,107,-114,26744321,20151016,4270,0.00000242
16,114,-113,26744321,20151023,4069,0.00000230
17,121,-112,26744321,20151030,4215,0.00000240
18,128,-111,26744321,20151106,3745,0.00000212
19,135,-110,26744321,20151113,4056,0.00000231
20,142,-109,26744321,20151120,4074,0.00000236
21,149,-108,26744321,20151127,4448,0.00000253
22,156,-107,26744321,20151204,4796,0.00000271
23,163,-106,26744321,20151211,4562,0.00000263
24,170,-105,26744321,20151218,3846,0.00000244
25,177,-104,26744321,20151225,4921,0.00000302
26,184,-103,26744321,20160101,4925,0.00000271
27,191,-102,26744321,20160108,4658,0.00000250
28,198,-101,26744321,20160115,4623,0.00000251
29,205,-100,26744321,20160122,4640,0.00000249
30,212,-99,26744321,20160129,3867,0.00000209
31,219,-98,26744321,20160205,3693,0.00000203
32,226,-97,26744321,20160212,3792,0.00000208
33,233,-96,26744321,20160219,4635,0.00000253
34,240,-95,26744321,20160226,4183,0.00000229
35,247,-94,26744321,20160304,5544,0.00000310
36,254,-93,26744321,20160311,5462,0.00000316
37,261,-92,26744321,20160318,5214,0.00000315
38,268,-91,26744321,20160325,4909,0.00000288
39,275,-90,26744321,20160401,5477,0.00000317
40,282,-89,26744321,20160408,5490,0.00000315
41,289,-88,26744321,20160415,4438,0.00000258
42,296,-87,26744321,20160422,4411,0.00000251
43,303,-86,26744321,20160429,4492,0.00000263
44,310,-85,26744321,20160506,4792,0.00000280
45,317,-84,26744321,20160513,5415,0.00000314
46,324,-83,26744321,20160520,9640,0.00000562
47,331,-82,26744321,20160527,9152,0.00000545
48,338,-81,26744321,20160603,7429,0.00000439
49,345,-80,26744321,20160610,6242,0.00000366
50,352,-79,26744321,20160617,6455,0.00000386
51,359,-78,26744321,20160624,5573,0.00000331
52,366,-77,26744321,20160701,5215,0.00000308
53,373,-76,26744321,20160708,4610,0.00000276
54,380,-75,26744321,20160715,4854,0.00000287
55,387,-74,26744321,20160722,4923,0.00000251
56,394,-73,26744321,20160729,5185,0.00000269
57,401,-72,26744321,20160805,4609,0.00000238
58,408,-71,26744321,20160812,4532,0.00000241
59,415,-70,26744321,20160819,4326,0.00000246
60,422,-69,26744321,20160826,4643,0.00000263
61,429,-68,26744321,20160902,4647,0.00000267
62,436,-67,26744321,20160909,4529,0.00000255
63,443,-66,26744321,20160916,4516,0.00000254
64,450,-65,26744321,20160923,4677,0.00000267
65,457,-64,26744321,20160930,6199,0.00000350
66,464,-63,26744321,20161007,6281,0.00000355
67,471,-62,26744321,20161014,7320,0.00000405
68,478,-61,26744321,20161021,6526,0.00000367
69,485,-60,26744321,20161028,5664,0.00000320
70,492,-59,26744321,20161104,4824,0.00000257
71,499,-58,26744321,20161111,5682,0.00000298
72,506,-57,26744321,20161118,5670,0.00000312
73,513,-56,26744321,20161125,5376,0.00000290
74,520,-55,26744321,20161202,6096,0.00000327
75,527,-54,26744321,20161209,5470,0.00000303
76,534,-53,26744321,20161216,5339,0.00000303
77,541,-52,26744321,20161223,6437,0.00000359
78,548,-51,26744321,20161230,7710,0.00000408
79,555,-50,26744321,20170106,6659,0.00000338
80,562,-49,26744321,20170113,6098,0.00000307
81,569,-48,26744321,20170120,5741,0.00000288
82,576,-47,26744321,20170127,6157,0.00000313
83,583,-46,26744321,20170203,5409,0.00000277
84,590,-45,26744321,20170210,5322,0.00000277
85,597,-44,26744321,20170217,5581,0.00000292
86,604,-43,26744321,20170224,5642,0.00000291
87,611,-42,26744321,20170303,5152,0.00000272
88,618,-41,26744321,20170310,5000,0.00000268
89,625,-40,26744321,20170317,5335,0.00000283
90,632,-39,26744321,20170324,5914,0.00000330
91,639,-38,26744321,20170331,5645,0.00000319
92,646,-37,26744321,20170407,7003,0.00000401
93,653,-36,26744321,20170414,5950,0.00000331
94,660,-35,26744321,20170421,8208,0.00000457
95,667,-34,26744321,20170428,6915,0.00000388
96,674,-33,26744321,20170505,6003,0.00000336
97,681,-32,26744321,20170512,6117,0.00000348
98,688,-31,26744321,20170519,5804,0.00000326
99,695,-30,26744321,20170526,6001,0.00000345
100,702,-29,26744321,20170602,6651,0.00000389
101,709,-28,26744321,20170609,6000,0.00000356
102,716,-27,26744321,20170616,6572,0.00000398
103,723,-26,26744321,20170623,5863,0.00000364
104,730,-25,26744321,20170630,7261,0.00000451
105,737,-24,26744321,20170707,7750,0.00000467
106,744,-23,26744321,20170714,7708,0.00000467
107,751,-22,26744321,20170721,7019,0.00000420
108,758,-21,26744321,20170728,6942,0.00000428
109,765,-20,26744321,20170804,7019,0.00000433
110,772,-19,26744321,20170811,6904,0.00000426
111,779,-18,26744321,20170818,6995,0.00000428
112,786,-17,26744321,20170825,5532,0.00000342
113,793,-16,26744321,20170901,4839,0.00000293
114,800,-15,26744321,20170908,4626,0.00000283
115,807,-14,26744321,20170915,4447,0.00000264
116,814,-13,26744321,20170922,4240,0.00000254
117,821,-12,26744321,20170929,3939,0.00000238
118,828,-11,26744321,20171006,4016,0.00000234
119,835,-10,26744321,20171013,4445,0.00000261
120,842,-9,26744321,20171020,4496,0.00000260
121,849,-8,26744321,20171027,4291,0.00000250
122,856,-7,26744321,20171103,4627,0.00000264
123,863,-6,26744321,20171110,4744,0.00000271
124,870,-5,26744321,20171117,4166,0.00000240
125,877,-4,26744321,20171124,4216,0.00000241
126,884,-3,26744321,20171201,5008,0.00000289
127,891,-2,26744321,20171208,5761,0.00000331
128,898,-1,26744321,20171215,1427721,0.00086782
129,905,0,26744321,20171222,331002,0.00020418
130,912,1,26744321,20171229,104648,0.00005848
131,919,2,26744321,20180105,67147,0.00003530
132,926,3,26744321,20180112,58571,0.00003027
133,933,4,26744321,20180119,70074,0.00003746
134,940,5,26744321,20180126,47838,0.00002568
135,947,6,26744321,20180202,40444,0.00002190
136,954,7,26744321,20180209,34700,0.00001908
137,961,8,26744321,20180216,38273,0.00002080
138,968,9,26744321,20180223,33776,0.00001820
139,975,10,26744321,20180302,28340,0.00001532
140,982,11,26744321,20180309,29269,0.00001591
141,989,12,26744321,20180316,28280,0.00001563
142,996,13,26744321,20180323,31923,0.00001802
143,1003,14,26744321,20180330,30868,0.00001723
144,1010,15,26744321,20180406,55591,0.00003048
145,1017,16,26744321,20180413,27461,0.00001527
146,1024,17,26744321,20180420,31949,0.00001799
147,1031,18,26744321,20180427,22960,0.00001325
148,1038,19,26744321,20180504,21208,0.00001226
149,1045,20,26744321,20180511,20836,0.00001188
150,1052,21,26744321,20180518,22076,0.00001225
151,1059,22,26744321,20180525,29605,0.00001710
152,1066,23,26744321,20180601,27542,0.00001612
153,1073,24,26744321,20180608,26526,0.00001538
154,1080,25,26744321,20180615,26876,0.00001595
155,1087,26,26744321,20180622,26248,0.00001561
0,2,-133,534957,20150703,6742,0.00000392
1,9,-132,534957,20150710,6988,0.00000400
2,16,-131,534957,20150717,6817,0.00000397
3,23,-130,534957,20150724,6751,0.00000385
4,30,-129,534957,20150731,7009,0.00000418
5,37,-128,534957,20150807,7146,0.00000415
6,44,-127,534957,20150814,7139,0.00000410
7,51,-126,534957,20150821,6855,0.00000393
8,58,-125,534957,20150828,7966,0.00000455
9,65,-124,534957,20150904,9030,0.00000489
10,72,-123,534957,20150911,6824,0.00000376
11,79,-122,534957,20150918,6575,0.00000376
12,86,-121,534957,20150925,6494,0.00000377
13,93,-120,534957,20151002,6461,0.00000372
14,100,-119,534957,20151009,7065,0.00000401
15,107,-118,534957,20151016,7510,0.00000425
16,114,-117,534957,20151023,7932,0.00000448
17,121,-116,534957,20151030,7650,0.00000435
18,128,-115,534957,20151106,7472,0.00000423
19,135,-114,534957,20151113,6870,0.00000391
20,142,-113,534957,20151120,7372,0.00000428
21,149,-112,534957,20151127,7932,0.00000451
22,156,-111,534957,20151204,7313,0.00000413
23,163,-110,534957,20151211,9897,0.00000571
24,170,-109,534957,20151218,7342,0.00000466
25,177,-108,534957,20151225,6653,0.00000408
26,184,-107,534957,20160101,7351,0.00000405
27,191,-106,534957,20160108,7244,0.00000388
28,198,-105,534957,20160115,7387,0.00000401
29,205,-104,534957,20160122,7443,0.00000400
30,212,-103,534957,20160129,7251,0.00000391
31,219,-102,534957,20160205,7097,0.00000391
32,226,-101,534957,20160212,7124,0.00000391
33,233,-100,534957,20160219,12708,0.00000694
34,240,-99,534957,20160226,8059,0.00000441
35,247,-98,534957,20160304,7411,0.00000414
36,254,-97,534957,20160311,7996,0.00000463
37,261,-96,534957,20160318,7636,0.00000461
38,268,-95,534957,20160325,10803,0.00000633
39,275,-94,534957,20160401,8602,0.00000498
40,282,-93,534957,20160408,8163,0.00000468
41,289,-92,534957,20160415,7457,0.00000433
42,296,-91,534957,20160422,7374,0.00000420
43,303,-90,534957,20160429,6935,0.00000407
44,310,-89,534957,20160506,6857,0.00000401
45,317,-88,534957,20160513,8337,0.00000484
46,324,-87,534957,20160520,6921,0.00000404
47,331,-86,534957,20160527,6586,0.00000392
48,338,-85,534957,20160603,6890,0.00000407
49,345,-84,534957,20160610,6469,0.00000379
50,352,-83,534957,20160617,6483,0.00000387
51,359,-82,534957,20160624,6062,0.00000360
52,366,-81,534957,20160701,5938,0.00000350
53,373,-80,534957,20160708,6172,0.00000370
54,380,-79,534957,20160715,6090,0.00000360
55,387,-78,534957,20160722,6244,0.00000318
56,394,-77,534957,20160729,6363,0.00000330
57,401,-76,534957,20160805,6372,0.00000328
58,408,-75,534957,20160812,6048,0.00000322
59,415,-74,534957,20160819,6370,0.00000362
60,422,-73,534957,20160826,6769,0.00000383
61,429,-72,534957,20160902,8654,0.00000497
62,436,-71,534957,20160909,6702,0.00000377
63,443,-70,534957,20160916,7222,0.00000406
64,450,-69,534957,20160923,6860,0.00000391
65,457,-68,534957,20160930,6842,0.00000387
66,464,-67,534957,20161007,6731,0.00000380
67,471,-66,534957,20161014,7062,0.00000390
68,478,-65,534957,20161021,7171,0.00000403
69,485,-64,534957,20161028,7126,0.00000402
70,492,-63,534957,20161104,6377,0.00000340
71,499,-62,534957,20161111,6896,0.00000362
72,506,-61,534957,20161118,7220,0.00000397
73,513,-60,534957,20161125,6894,0.00000372
74,520,-59,534957,20161202,7176,0.00000384
75,527,-58,534957,20161209,6874,0.00000381
76,534,-57,534957,20161216,7489,0.00000425
77,541,-56,534957,20161223,6950,0.00000387
78,548,-55,534957,20161230,7283,0.00000385
79,555,-54,534957,20170106,8746,0.00000444
80,562,-53,534957,20170113,8297,0.00000417
81,569,-52,534957,20170120,7587,0.00000381
82,576,-51,534957,20170127,7906,0.00000402
83,583,-50,534957,20170203,9065,0.00000464
84,590,-49,534957,20170210,8623,0.00000449
85,597,-48,534957,20170217,8314,0.00000434
86,604,-47,534957,20170224,8050,0.00000415
87,611,-46,534957,20170303,8165,0.00000431
88,618,-45,534957,20170310,9056,0.00000485
89,625,-44,534957,20170317,10325,0.00000548
90,632,-43,534957,20170324,8074,0.00000451
91,639,-42,534957,20170331,8065,0.00000456
92,646,-41,534957,20170407,8192,0.00000469
93,653,-40,534957,20170414,7976,0.00000444
94,660,-39,534957,20170421,8529,0.00000475
95,667,-38,534957,20170428,23568,0.00001323
96,674,-37,534957,20170505,11989,0.00000672
97,681,-36,534957,20170512,9120,0.00000519
98,688,-35,534957,20170519,9832,0.00000552
99,695,-34,534957,20170526,8087,0.00000464
100,702,-33,534957,20170602,7910,0.00000462
101,709,-32,534957,20170609,7496,0.00000445
102,716,-31,534957,20170616,8407,0.00000509
103,723,-30,534957,20170623,7695,0.00000478
104,730,-29,534957,20170630,8716,0.00000542
105,737,-28,534957,20170707,8646,0.00000521
106,744,-27,534957,20170714,9001,0.00000545
107,751,-26,534957,20170721,8486,0.00000507
108,758,-25,534957,20170728,8299,0.00000511
109,765,-24,534957,20170804,8522,0.00000525
110,772,-23,534957,20170811,7406,0.00000457
111,779,-22,534957,20170818,7226,0.00000442
112,786,-21,534957,20170825,7067,0.00000437
113,793,-20,534957,20170901,8070,0.00000489
114,800,-19,534957,20170908,7331,0.00000448
115,807,-18,534957,20170915,7176,0.00000426
116,814,-17,534957,20170922,7181,0.00000430
117,821,-16,534957,20170929,7125,0.00000431
118,828,-15,534957,20171006,8985,0.00000524
119,835,-14,534957,20171013,8395,0.00000494
120,842,-13,534957,20171020,8933,0.00000517
121,849,-12,534957,20171027,7639,0.00000444
122,856,-11,534957,20171103,8318,0.00000475
123,863,-10,534957,20171110,7553,0.00000431
124,870,-9,534957,20171117,7761,0.00000448
125,877,-8,534957,20171124,7011,0.00000401
126,884,-7,534957,20171201,7041,0.00000406
127,891,-6,534957,20171208,7096,0.00000408
128,898,-5,534957,20171215,9898,0.00000602
129,905,-4,534957,20171222,7816,0.00000482
130,912,-3,534957,20171229,8385,0.00000469
131,919,-2,534957,20180105,8624,0.00000453
132,926,-1,534957,20180112,2340802,0.00120977
133,933,0,534957,20180119,498519,0.00026651
134,940,1,534957,20180126,161420,0.00008664
135,947,2,534957,20180202,94569,0.00005120
136,954,3,534957,20180209,86017,0.00004730
137,961,4,534957,20180216,78399,0.00004261
138,968,5,534957,20180223,83428,0.00004496
139,975,6,534957,20180302,85589,0.00004627
140,982,7,534957,20180309,124131,0.00006748
141,989,8,534957,20180316,114226,0.00006313
142,996,9,534957,20180323,105743,0.00005969
143,1003,10,534957,20180330,115353,0.00006440
144,1010,11,534957,20180406,120929,0.00006631
145,1017,12,534957,20180413,114085,0.00006344
146,1024,13,534957,20180420,115341,0.00006493
147,1031,14,534957,20180427,93017,0.00005369
148,1038,15,534957,20180504,96134,0.00005556
149,1045,16,534957,20180511,98311,0.00005606
150,1052,17,534957,20180518,81506,0.00004521
151,1059,18,534957,20180525,85061,0.00004913
152,1066,19,534957,20180601,84476,0.00004945
153,1073,20,534957,20180608,90899,0.00005270
154,1080,21,534957,20180615,84488,0.00005013
155,1087,22,534957,20180622,74955,0.00004459
0,3,-135,24378497,20150704,7168,0.00000413
1,10,-134,24378497,20150711,7227,0.00000416
2,17,-133,24378497,20150718,8378,0.00000485
3,24,-132,24378497,20150725,7765,0.00000444
4,31,-131,24378497,20150801,7380,0.00000438
5,38,-130,24378497,20150808,7923,0.00000461
6,45,-129,24378497,20150815,8286,0.00000475
7,52,-128,24378497,20150822,6372,0.00000365
8,59,-127,24378497,20150829,5837,0.00000332
9,66,-126,24378497,20150905,5381,0.00000290
10,73,-125,24378497,20150912,4837,0.00000270
11,80,-124,24378497,20150919,5253,0.00000301
12,87,-123,24378497,20150926,5803,0.00000338
13,94,-122,24378497,20151003,4923,0.00000282
14,101,-121,24378497,20151010,5056,0.00000287
15,108,-120,24378497,20151017,4432,0.00000249
16,115,-119,24378497,20151024,4622,0.00000262
17,122,-118,24378497,20151031,5135,0.00000292
18,129,-117,24378497,20151107,4813,0.00000274
19,136,-116,24378497,20151114,4381,0.00000249
20,143,-115,24378497,20151121,4765,0.00000278
21,150,-114,24378497,20151128,4859,0.00000274
22,157,-113,24378497,20151205,4883,0.00000275
23,164,-112,24378497,20151212,4558,0.00000266
24,171,-111,24378497,20151219,5193,0.00000335
25,178,-110,24378497,20151226,198066,0.00011922
26,185,-109,24378497,20160102,24720,0.00001348
27,192,-108,24378497,20160109,10567,0.00000567
28,199,-107,24378497,20160116,13416,0.00000725
29,206,-106,24378497,20160123,8222,0.00000443
30,213,-105,24378497,20160130,7124,0.00000385
31,220,-104,24378497,20160206,6379,0.00000352
32,227,-103,24378497,20160213,5766,0.00000316
33,234,-102,24378497,20160220,6177,0.00000338
34,241,-101,24378497,20160227,5067,0.00000277
35,248,-100,24378497,20160305,5148,0.00000289
36,255,-99,24378497,20160312,5206,0.00000303
37,262,-98,24378497,20160319,5816,0.00000351
38,269,-97,24378497,20160326,8044,0.00000471
39,276,-96,24378497,20160402,5850,0.00000337
40,283,-95,24378497,20160409,5815,0.00000334
41,290,-94,24378497,20160416,5901,0.00000340
42,297,-93,24378497,20160423,5800,0.00000333
43,304,-92,24378497,20160430,5877,0.00000344
44,311,-91,24378497,20160507,5387,0.00000315
45,318,-90,24378497,20160514,5657,0.00000328
46,325,-89,24378497,20160521,16169,0.00000947
47,332,-88,24378497,20160528,93450,0.00005544
48,339,-87,24378497,20160604,24018,0.00001421
49,346,-86,24378497,20160611,9078,0.00000533
50,353,-85,24378497,20160618,9244,0.00000552
51,360,-84,24378497,20160625,9707,0.00000573
52,367,-83,24378497,20160702,7018,0.00000418
53,374,-82,24378497,20160709,8040,0.00000481
54,381,-81,24378497,20160716,7050,0.00000407
55,388,-80,24378497,20160723,7852,0.00000400
56,395,-79,24378497,20160730,11081,0.00000578
57,402,-78,24378497,20160806,7586,0.00000388
58,409,-77,24378497,20160813,7245,0.00000393
59,416,-76,24378497,20160820,8613,0.00000489
60,423,-75,24378497,20160827,7209,0.00000408
61,430,-74,24378497,20160903,6826,0.00000392
62,437,-73,24378497,20160910,19266,0.00001087
63,444,-72,24378497,20160917,10269,0.00000575
64,451,-71,24378497,20160924,8160,0.00000468
65,458,-70,24378497,20161001,5689,0.00000321
66,465,-69,24378497,20161008,5728,0.00000322
67,472,-68,24378497,20161015,6086,0.00000337
68,479,-67,24378497,20161022,6225,0.00000352
69,486,-66,24378497,20161029,14038,0.00000783
70,493,-65,24378497,20161105,5786,0.00000308
71,500,-64,24378497,20161112,6678,0.00000351
72,507,-63,24378497,20161119,7678,0.00000427
73,514,-62,24378497,20161126,8262,0.00000443
74,521,-61,24378497,20161203,7655,0.00000409
75,528,-60,24378497,20161210,7373,0.00000413
76,535,-59,24378497,20161217,7571,0.00000431
77,542,-58,24378497,20161224,9581,0.00000526
78,549,-57,24378497,20161231,10719,0.00000563
79,556,-56,24378497,20170107,9123,0.00000463
80,563,-55,24378497,20170114,8332,0.00000419
81,570,-54,24378497,20170121,8316,0.00000419
82,577,-53,24378497,20170128,8932,0.00000455
83,584,-52,24378497,20170204,7638,0.00000391
84,591,-51,24378497,20170211,7379,0.00000385
85,598,-50,24378497,20170218,7724,0.00000403
86,605,-49,24378497,20170225,7030,0.00000362
87,612,-48,24378497,20170304,6839,0.00000362
88,619,-47,24378497,20170311,7166,0.00000383
89,626,-46,24378497,20170318,7287,0.00000389
90,633,-45,24378497,20170325,7354,0.00000411
91,640,-44,24378497,20170401,7602,0.00000430
92,647,-43,24378497,20170408,7619,0.00000437
93,654,-42,24378497,20170415,8687,0.00000482
94,661,-41,24378497,20170422,7719,0.00000431
95,668,-40,24378497,20170429,7117,0.00000398
96,675,-39,24378497,20170506,7725,0.00000435
97,682,-38,24378497,20170513,6721,0.00000381
98,689,-37,24378497,20170520,6555,0.00000371
99,696,-36,24378497,20170527,7962,0.00000457
100,703,-35,24378497,20170603,6660,0.00000388
101,710,-34,24378497,20170610,7328,0.00000438
102,717,-33,24378497,20170617,7042,0.00000427
103,724,-32,24378497,20170624,6839,0.00000426
104,731,-31,24378497,20170701,6860,0.00000425
105,738,-30,24378497,20170708,8210,0.00000495
106,745,-29,24378497,20170715,8092,0.00000488
107,752,-28,24378497,20170722,7607,0.00000457
108,759,-27,24378497,20170729,7889,0.00000487
109,766,-26,24378497,20170805,7496,0.00000461
110,773,-25,24378497,20170812,8360,0.00000515
111,780,-24,24378497,20170819,7877,0.00000483
112,787,-23,24378497,20170826,7735,0.00000480
113,794,-22,24378497,20170902,7726,0.00000466
114,801,-21,24378497,20170909,7668,0.00000468
115,808,-20,24378497,20170916,7649,0.00000453
116,815,-19,24378497,20170923,7739,0.00000465
117,822,-18,24378497,20170930,104609,0.00006292
118,829,-17,24378497,20171007,22323,0.00001300
119,836,-16,24378497,20171014,19907,0.00001172
120,843,-15,24378497,20171021,11680,0.00000676
121,850,-14,24378497,20171028,8608,0.00000499
122,857,-13,24378497,20171104,19158,0.00001096
123,864,-12,24378497,20171111,10437,0.00000595
124,871,-11,24378497,20171118,7998,0.00000465
125,878,-10,24378497,20171125,16750,0.00000952
126,885,-9,24378497,20171202,7562,0.00000434
127,892,-8,24378497,20171209,7172,0.00000416
128,899,-7,24378497,20171216,29486,0.00001809
129,906,-6,24378497,20171223,11258,0.00000681
130,913,-5,24378497,20171230,10028,0.00000556
131,920,-4,24378497,20180106,9400,0.00000495
132,927,-3,24378497,20180113,9055,0.00000468
133,934,-2,24378497,20180120,8103,0.00000432
134,941,-1,24378497,20180127,1017614,0.00054881
135,948,0,24378497,20180203,128888,0.00006973
136,955,1,24378497,20180210,43444,0.00002391
137,962,2,24378497,20180217,31678,0.00001718
138,969,3,24378497,20180224,29051,0.00001570
139,976,4,24378497,20180303,30779,0.00001664
140,983,5,24378497,20180310,22736,0.00001236
141,990,6,24378497,20180317,27869,0.00001541
142,997,7,24378497,20180324,20014,0.00001131
143,1004,8,24378497,20180331,17657,0.00000985
144,1011,9,24378497,20180407,18329,0.00001006
145,1018,10,24378497,20180414,20486,0.00001142
146,1025,11,24378497,20180421,24022,0.00001350
147,1032,12,24378497,20180428,18654,0.00001081
148,1039,13,24378497,20180505,15831,0.00000913
149,1046,14,24378497,20180512,14907,0.00000850
150,1053,15,24378497,20180519,13376,0.00000744
151,1060,16,24378497,20180526,15208,0.00000879
152,1067,17,24378497,20180602,18491,0.00001074
153,1074,18,24378497,20180609,22509,0.00001318
154,1081,19,24378497,20180616,16613,0.00000984
155,1088,20,24378497,20180623,16374,0.00000977
0,1,-136,581133,20150702,11571,0.00000675
1,8,-135,581133,20150709,11278,0.00000645
2,15,-134,581133,20150716,10766,0.00000627
3,22,-133,581133,20150723,11075,0.00000630
4,29,-132,581133,20150730,11640,0.00000693
5,36,-131,581133,20150806,11583,0.00000672
6,43,-130,581133,20150813,12038,0.00000692
7,50,-129,581133,20150820,11396,0.00000651
8,57,-128,581133,20150827,10944,0.00000629
9,64,-127,581133,20150903,10396,0.00000563
10,71,-126,581133,20150910,9639,0.00000530
11,78,-125,581133,20150917,9611,0.00000549
12,85,-124,581133,20150924,9074,0.00000524
13,92,-123,581133,20151001,9354,0.00000543
14,99,-122,581133,20151008,8996,0.00000511
15,106,-121,581133,20151015,9428,0.00000535
16,113,-120,581133,20151022,9295,0.00000524
17,120,-119,581133,20151029,8732,0.00000498
18,127,-118,581133,20151105,10448,0.00000590
19,134,-117,581133,20151112,10163,0.00000579
20,141,-116,581133,20151119,10308,0.00000593
21,148,-115,581133,20151126,10974,0.00000628
22,155,-114,581133,20151203,10731,0.00000607
23,162,-113,581133,20151210,9397,0.00000538
24,169,-112,581133,20151217,9819,0.00000611
25,176,-111,581133,20151224,8626,0.00000535
26,183,-110,581133,20151231,12989,0.00000730
27,190,-109,581133,20160107,11968,0.00000643
28,197,-108,581133,20160114,11733,0.00000636
29,204,-107,581133,20160121,12769,0.00000686
30,211,-106,581133,20160128,12093,0.00000653
31,218,-105,581133,20160204,11629,0.00000638
32,225,-104,581133,20160211,13558,0.00000746
33,232,-103,581133,20160218,60583,0.00003310
34,239,-102,581133,20160225,16346,0.00000896
35,246,-101,581133,20160303,13883,0.00000770
36,253,-100,581133,20160310,13182,0.00000763
37,260,-99,581133,20160317,11551,0.00000692
38,267,-98,581133,20160324,13508,0.00000795
39,274,-97,581133,20160331,11740,0.00000683
40,281,-96,581133,20160407,11578,0.00000663
41,288,-95,581133,20160414,11767,0.00000687
42,295,-94,581133,20160421,11680,0.00000663
43,302,-93,581133,20160428,11242,0.00000656
44,309,-92,581133,20160505,10295,0.00000603
45,316,-91,581133,20160512,9936,0.00000578
46,323,-90,581133,20160519,11261,0.00000654
47,330,-89,581133,20160526,10794,0.00000643
48,337,-88,581133,20160602,14766,0.00000872
49,344,-87,581133,20160609,11184,0.00000657
50,351,-86,581133,20160616,11296,0.00000675
51,358,-85,581133,20160623,10514,0.00000624
52,365,-84,581133,20160630,11127,0.00000656
53,372,-83,581133,20160707,12199,0.00000730
54,379,-82,581133,20160714,11459,0.00000689
55,386,-81,581133,20160721,10465,0.00000538
56,393,-80,581133,20160728,11411,0.00000586
57,400,-79,581133,20160804,10811,0.00000562
58,407,-78,581133,20160811,10994,0.00000573
59,414,-77,581133,20160818,12463,0.00000712
60,421,-76,581133,20160825,13195,0.00000746
61,428,-75,581133,20160901,13492,0.00000776
62,435,-74,581133,20160908,12312,0.00000697
63,442,-73,581133,20160915,15331,0.00000865
64,449,-72,581133,20160922,11695,0.00000663
65,456,-71,581133,20160929,13483,0.00000766
66,463,-70,581133,20161006,11824,0.00000667
67,470,-69,581133,20161013,11950,0.00000659
68,477,-68,581133,20161020,11524,0.00000647
69,484,-67,581133,20161027,11005,0.00000627
70,491,-66,581133,20161103,11663,0.00000623
71,498,-65,581133,20161110,10486,0.00000550
72,505,-64,581133,20161117,11847,0.00000644
73,512,-63,581133,20161124,11610,0.00000632
74,519,-62,581133,20161201,12331,0.00000663
75,526,-61,581133,20161208,11573,0.00000634
76,533,-60,581133,20161215,11219,0.00000636
77,540,-59,581133,20161222,11994,0.00000682
78,547,-58,581133,20161229,13725,0.00000725
79,554,-57,581133,20170105,14801,0.00000751
80,561,-56,581133,20170112,15769,0.00000795
81,568,-55,581133,20170119,13994,0.00000706
82,575,-54,581133,20170126,13868,0.00000698
83,582,-53,581133,20170202,14754,0.00000758
84,589,-52,581133,20170209,14631,0.00000758
85,596,-51,581133,20170216,15512,0.00000809
86,603,-50,581133,20170223,13877,0.00000716
87,610,-49,581133,20170302,14841,0.00000785
88,617,-48,581133,20170309,15215,0.00000811
89,624,-47,581133,20170316,14200,0.00000752
90,631,-46,581133,20170323,14497,0.00000806
91,638,-45,581133,20170330,12998,0.00000735
92,645,-44,581133,20170406,13957,0.00000797
93,652,-43,581133,20170413,14176,0.00000794
94,659,-42,581133,20170420,14316,0.00000795
95,666,-41,581133,20170427,13383,0.00000751
96,673,-40,581133,20170504,16068,0.00000899
97,680,-39,581133,20170511,12961,0.00000740
98,687,-38,581133,20170518,12569,0.00000700
99,694,-37,581133,20170525,12435,0.00000715
100,701,-36,581133,20170601,12646,0.00000740
101,708,-35,581133,20170608,14868,0.00000877
102,715,-34,581133,20170615,15596,0.00000943
103,722,-33,581133,20170622,12891,0.00000799
104,729,-32,581133,20170629,13821,0.00000861
105,736,-31,581133,20170706,14344,0.00000865
106,743,-30,581133,20170713,14303,0.00000868
107,750,-29,581133,20170720,14504,0.00000865
108,757,-28,581133,20170727,15571,0.00000958
109,764,-27,581133,20170803,14765,0.00000912
110,771,-26,581133,20170810,15985,0.00000986
111,778,-25,581133,20170817,14501,0.00000886
112,785,-24,581133,20170824,14469,0.00000894
113,792,-23,581133,20170831,13531,0.00000824
114,799,-22,581133,20170907,12296,0.00000751
115,806,-21,581133,20170914,13673,0.00000814
116,813,-20,581133,20170921,14960,0.00000894
117,820,-19,581133,20170928,11491,0.00000695
118,827,-18,581133,20171005,12196,0.00000713
119,834,-17,581133,20171012,12021,0.00000705
120,841,-16,581133,20171019,13034,0.00000756
121,848,-15,581133,20171026,11496,0.00000672
122,855,-14,581133,20171102,11873,0.00000676
123,862,-13,581133,20171109,13205,0.00000755
124,869,-12,581133,20171116,12014,0.00000686
125,876,-11,581133,20171123,12247,0.00000705
126,883,-10,581133,20171130,10992,0.00000638
127,890,-9,581133,20171207,12399,0.00000706
128,897,-8,581133,20171214,12700,0.00000766
129,904,-7,581133,20171221,13065,0.00000818
130,911,-6,581133,20171228,14136,0.00000794
131,918,-5,581133,20180104,15051,0.00000795
132,925,-4,581133,20180111,16645,0.00000868
133,932,-3,581133,20180118,15942,0.00000842
134,939,-2,581133,20180125,15445,0.00000826
135,946,-1,581133,20180201,672819,0.00036500
136,953,0,581133,20180208,157663,0.00008630
137,960,1,581133,20180215,35245,0.00001923
138,967,2,581133,20180222,26602,0.00001432
139,974,3,581133,20180301,26497,0.00001433
140,981,4,581133,20180308,19359,0.00001053
141,988,5,581133,20180315,16370,0.00000904
142,995,6,581133,20180322,23731,0.00001331
143,1002,7,581133,20180329,15647,0.00000877
144,1009,8,581133,20180405,15253,0.00000839
145,1016,9,581133,20180412,15199,0.00000840
146,1023,10,581133,20180419,13754,0.00000776
147,1030,11,581133,20180426,12422,0.00000715
148,1037,12,581133,20180503,12297,0.00000712
149,1044,13,581133,20180510,13195,0.00000753
150,1051,14,581133,20180517,12979,0.00000717
151,1058,15,581133,20180524,13785,0.00000797
152,1065,16,581133,20180531,14999,0.00000880
153,1072,17,581133,20180607,19202,0.00001109
154,1079,18,581133,20180614,15037,0.00000891
155,1086,19,581133,20180621,14403,0.00000857
1,6,-135,1004429,20150707,1043,0.00000060
2,13,-134,1004429,20150714,739,0.00000043
3,20,-133,1004429,20150721,850,0.00000049
4,27,-132,1004429,20150728,943,0.00000055
5,34,-131,1004429,20150804,796,0.00000046
6,41,-130,1004429,20150811,1170,0.00000068
7,48,-129,1004429,20150818,1163,0.00000067
8,55,-128,1004429,20150825,866,0.00000050
9,62,-127,1004429,20150901,894,0.00000050
10,69,-126,1004429,20150908,709,0.00000038
11,76,-125,1004429,20150915,679,0.00000039
12,83,-124,1004429,20150922,1135,0.00000065
13,90,-123,1004429,20150929,848,0.00000050
14,97,-122,1004429,20151006,861,0.00000049
15,104,-121,1004429,20151013,835,0.00000047
16,111,-120,1004429,20151020,835,0.00000047
17,118,-119,1004429,20151027,1160,0.00000066
18,125,-118,1004429,20151103,2133,0.00000120
19,132,-117,1004429,20151110,1340,0.00000077
20,139,-116,1004429,20151117,890,0.00000051
21,146,-115,1004429,20151124,772,0.00000045
22,153,-114,1004429,20151201,696,0.00000040
23,160,-113,1004429,20151208,837,0.00000047
24,167,-112,1004429,20151215,709,0.00000043
25,174,-111,1004429,20151222,666,0.00000042
26,181,-110,1004429,20151229,910,0.00000052
27,188,-109,1004429,20160105,809,0.00000044
28,195,-108,1004429,20160112,977,0.00000053
29,202,-107,1004429,20160119,1988,0.00000107
30,209,-106,1004429,20160126,983,0.00000053
31,216,-105,1004429,20160202,681,0.00000037
32,223,-104,1004429,20160209,887,0.00000049
33,230,-103,1004429,20160216,2885,0.00000156
34,237,-102,1004429,20160223,1058,0.00000058
35,244,-101,1004429,20160301,1297,0.00000071
36,251,-100,1004429,20160308,965,0.00000055
37,258,-99,1004429,20160315,804,0.00000047
38,265,-98,1004429,20160322,970,0.00000058
39,272,-97,1004429,20160329,947,0.00000055
40,279,-96,1004429,20160405,837,0.00000048
41,286,-95,1004429,20160412,921,0.00000054
42,293,-94,1004429,20160419,884,0.00000050
43,300,-93,1004429,20160426,764,0.00000044
44,307,-92,1004429,20160503,767,0.00000045
45,314,-91,1004429,20160510,1256,0.00000073
46,321,-90,1004429,20160517,1163,0.00000067
47,328,-89,1004429,20160524,946,0.00000057
48,335,-88,1004429,20160531,690,0.00000040
49,342,-87,1004429,20160607,758,0.00000045
50,349,-86,1004429,20160614,773,0.00000046
51,356,-85,1004429,20160621,721,0.00000043
52,363,-84,1004429,20160628,707,0.00000042
53,370,-83,1004429,20160705,632,0.00000037
54,377,-82,1004429,20160712,605,0.00000037
55,384,-81,1004429,20160719,931,0.00000050
56,391,-80,1004429,20160726,848,0.00000043
57,398,-79,1004429,20160802,828,0.00000043
58,405,-78,1004429,20160809,768,0.00000039
59,412,-77,1004429,20160816,837,0.00000048
60,419,-76,1004429,20160823,995,0.00000057
61,426,-75,1004429,20160830,1004,0.00000057
62,433,-74,1004429,20160906,1161,0.00000066
63,440,-73,1004429,20160913,1412,0.00000080
64,447,-72,1004429,20160920,699,0.00000039
65,454,-71,1004429,20160927,1134,0.00000065
66,461,-70,1004429,20161004,906,0.00000051
67,468,-69,1004429,20161011,1013,0.00000056
68,475,-68,1004429,20161018,1260,0.00000070
69,482,-67,1004429,20161025,794,0.00000045
70,489,-66,1004429,20161101,1647,0.00000089
71,496,-65,1004429,20161108,714,0.00000037
72,503,-64,1004429,20161115,950,0.00000051
73,510,-63,1004429,20161122,907,0.00000050
74,517,-62,1004429,20161129,932,0.00000050
75,524,-61,1004429,20161206,1503,0.00000081
76,531,-60,1004429,20161213,791,0.00000045
77,538,-59,1004429,20161220,853,0.00000049
78,545,-58,1004429,20161227,1046,0.00000056
79,552,-57,1004429,20170103,1196,0.00000061
80,559,-56,1004429,20170110,1317,0.00000067
81,566,-55,1004429,20170117,1383,0.00000070
82,573,-54,1004429,20170124,1012,0.00000051
83,580,-53,1004429,20170131,925,0.00000048
84,587,-52,1004429,20170207,1048,0.00000054
85,594,-51,1004429,20170214,989,0.00000052
86,601,-50,1004429,20170221,872,0.00000045
87,608,-49,1004429,20170228,715,0.00000038
88,615,-48,1004429,20170307,2624,0.00000139
89,622,-47,1004429,20170314,1021,0.00000054
90,629,-46,1004429,20170321,975,0.00000053
91,636,-45,1004429,20170328,835,0.00000047
92,643,-44,1004429,20170404,778,0.00000044
93,650,-43,1004429,20170411,798,0.00000045
94,657,-42,1004429,20170418,1530,0.00000084
95,664,-41,1004429,20170425,825,0.00000046
96,671,-40,1004429,20170502,850,0.00000047
97,678,-39,1004429,20170509,867,0.00000049
98,685,-38,1004429,20170516,915,0.00000051
99,692,-37,1004429,20170523,1057,0.00000062
100,699,-36,1004429,20170530,675,0.00000039
101,706,-35,1004429,20170606,561,0.00000033
102,713,-34,1004429,20170613,595,0.00000036
103,720,-33,1004429,20170620,583,0.00000036
104,727,-32,1004429,20170627,607,0.00000038
105,734,-31,1004429,20170704,772,0.00000047
106,741,-30,1004429,20170711,975,0.00000059
107,748,-29,1004429,20170718,889,0.00000053
108,755,-28,1004429,20170725,1099,0.00000067
109,762,-27,1004429,20170801,772,0.00000048
110,769,-26,1004429,20170808,736,0.00000045
111,776,-25,1004429,20170815,803,0.00000049
112,783,-24,1004429,20170822,940,0.00000058
113,790,-23,1004429,20170829,826,0.00000051
114,797,-22,1004429,20170905,1167,0.00000071
115,804,-21,1004429,20170912,930,0.00000056
116,811,-20,1004429,20170919,950,0.00000057
117,818,-19,1004429,20170926,1128,0.00000068
118,825,-18,1004429,20171003,872,0.00000051
119,832,-17,1004429,20171010,784,0.00000046
120,839,-16,1004429,20171017,800,0.00000047
121,846,-15,1004429,20171024,607,0.00000035
122,853,-14,1004429,20171031,969,0.00000056
123,860,-13,1004429,20171107,71458,0.00004084
124,867,-12,1004429,20171114,13448,0.00000766
125,874,-11,1004429,20171121,1018,0.00000059
126,881,-10,1004429,20171128,778,0.00000045
127,888,-9,1004429,20171205,1264,0.00000072
128,895,-8,1004429,20171212,683,0.00000040
129,902,-7,1004429,20171219,1987,0.00000126
130,909,-6,1004429,20171226,794,0.00000046
131,916,-5,1004429,20180102,896,0.00000047
132,923,-4,1004429,20180109,725,0.00000038
133,930,-3,1004429,20180116,798,0.00000042
134,937,-2,1004429,20180123,4949,0.00000264
135,944,-1,1004429,20180130,877,0.00000048
136,951,0,1004429,20180206,385987,0.00020960
137,958,1,1004429,20180213,27609,0.00001521
138,965,2,1004429,20180220,6637,0.00000357
139,972,3,1004429,20180227,2880,0.00000156
140,979,4,1004429,20180306,2337,0.00000128
141,986,5,1004429,20180313,2412,0.00000132
142,993,6,1004429,20180320,3521,0.00000197
143,1000,7,1004429,20180327,3861,0.00000218
144,1007,8,1004429,20180403,1324,0.00000073
145,1014,9,1004429,20180410,1181,0.00000065
146,1021,10,1004429,20180417,1380,0.00000078
147,1028,11,1004429,20180424,940,0.00000053
148,1035,12,1004429,20180501,1301,0.00000075
149,1042,13,1004429,20180508,1978,0.00000113
150,1049,14,1004429,20180515,1728,0.00000096
151,1056,15,1004429,20180522,986,0.00000057
152,1063,16,1004429,20180529,1562,0.00000091
153,1070,17,1004429,20180605,1149,0.00000066
154,1077,18,1004429,20180612,912,0.00000054
155,1084,19,1004429,20180619,890,0.00000053
156,1091,20,1004429,20180626,869,0.00000052
1,4,-137,2386530,20150705,2739,0.00000157
2,11,-136,2386530,20150712,3040,0.00000175
3,18,-135,2386530,20150719,2474,0.00000143
4,25,-134,2386530,20150726,2662,0.00000153
5,32,-133,2386530,20150802,2644,0.00000156
6,39,-132,2386530,20150809,2403,0.00000140
7,46,-131,2386530,20150816,4027,0.00000231
8,53,-130,2386530,20150823,3402,0.00000195
9,60,-129,2386530,20150830,3145,0.00000178
10,67,-128,2386530,20150906,5874,0.00000315
11,74,-127,2386530,20150913,2540,0.00000143
12,81,-126,2386530,20150920,2211,0.00000127
13,88,-125,2386530,20150927,2585,0.00000151
14,95,-124,2386530,20151004,2030,0.00000116
15,102,-123,2386530,20151011,1673,0.00000095
16,109,-122,2386530,20151018,2205,0.00000124
17,116,-121,2386530,20151025,1830,0.00000104
18,123,-120,2386530,20151101,1855,0.00000105
19,130,-119,2386530,20151108,3459,0.00000197
20,137,-118,2386530,20151115,4037,0.00000229
21,144,-117,2386530,20151122,4211,0.00000245
22,151,-116,2386530,20151129,1927,0.00000109
23,158,-115,2386530,20151206,4180,0.00000235
24,165,-114,2386530,20151213,4994,0.00000294
25,172,-113,2386530,20151220,5336,0.00000341
26,179,-112,2386530,20151227,3202,0.00000189
27,186,-111,2386530,20160103,2623,0.00000144
28,193,-110,2386530,20160110,2325,0.00000125
29,200,-109,2386530,20160117,2039,0.00000110
30,207,-108,2386530,20160124,2446,0.00000132
31,214,-107,2386530,20160131,2618,0.00000142
32,221,-106,2386530,20160207,5480,0.00000303
33,228,-105,2386530,20160214,4942,0.00000270
34,235,-104,2386530,20160221,3565,0.00000196
35,242,-103,2386530,20160228,2356,0.00000128
36,249,-102,2386530,20160306,2202,0.00000125
37,256,-101,2386530,20160313,1937,0.00000113
38,263,-100,2386530,20160320,3746,0.00000225
39,270,-99,2386530,20160327,3921,0.00000230
40,277,-98,2386530,20160403,2345,0.00000135
41,284,-97,2386530,20160410,1809,0.00000104
42,291,-96,2386530,20160417,1764,0.00000101
43,298,-95,2386530,20160424,1818,0.00000105
44,305,-94,2386530,20160501,2081,0.00000122
45,312,-93,2386530,20160508,1726,0.00000101
46,319,-92,2386530,20160515,1984,0.00000114
47,326,-91,2386530,20160522,1973,0.00000117
48,333,-90,2386530,20160529,2121,0.00000125
49,340,-89,2386530,20160605,3207,0.00000190
50,347,-88,2386530,20160612,3939,0.00000232
51,354,-87,2386530,20160619,2704,0.00000161
52,361,-86,2386530,20160626,2839,0.00000168
53,368,-85,2386530,20160703,3033,0.00000181
54,375,-84,2386530,20160710,2246,0.00000135
55,382,-83,2386530,20160717,3140,0.00000177
56,389,-82,2386530,20160724,3034,0.00000154
57,396,-81,2386530,20160731,2870,0.00000150
58,403,-80,2386530,20160807,2093,0.00000107
59,410,-79,2386530,20160814,2074,0.00000115
60,417,-78,2386530,20160821,3062,0.00000174
61,424,-77,2386530,20160828,3515,0.00000199
62,431,-76,2386530,20160904,2375,0.00000136
63,438,-75,2386530,20160911,2312,0.00000131
64,445,-74,2386530,20160918,2152,0.00000121
65,452,-73,2386530,20160925,1898,0.00000109
66,459,-72,2386530,20161002,1664,0.00000094
67,466,-71,2386530,20161009,2037,0.00000114
68,473,-70,2386530,20161016,1932,0.00000107
69,480,-69,2386530,20161023,2174,0.00000123
70,487,-68,2386530,20161030,1471,0.00000081
71,494,-67,2386530,20161106,2276,0.00000121
72,501,-66,2386530,20161113,4272,0.00000226
73,508,-65,2386530,20161120,5409,0.00000299
74,515,-64,2386530,20161127,2393,0.00000129
75,522,-63,2386530,20161204,2754,0.00000148
76,529,-62,2386530,20161211,2473,0.00000140
77,536,-61,2386530,20161218,10680,0.00000606
78,543,-60,2386530,20161225,7901,0.00000432
79,550,-59,2386530,20170101,3700,0.00000191
80,557,-58,2386530,20170108,2451,0.00000124
81,564,-57,2386530,20170115,1979,0.00000100
82,571,-56,2386530,20170122,2053,0.00000103
83,578,-55,2386530,20170129,2655,0.00000136
84,585,-54,2386530,20170205,2232,0.00000114
85,592,-53,2386530,20170212,4320,0.00000226
86,599,-52,2386530,20170219,3027,0.00000158
87,606,-51,2386530,20170226,2501,0.00000129
88,613,-50,2386530,20170305,2128,0.00000113
89,620,-49,2386530,20170312,2007,0.00000107
90,627,-48,2386530,20170319,2034,0.00000110
91,634,-47,2386530,20170326,2633,0.00000148
92,641,-46,2386530,20170402,1694,0.00000096
93,648,-45,2386530,20170409,2295,0.00000131
94,655,-44,2386530,20170416,4447,0.00000246
95,662,-43,2386530,20170423,2111,0.00000118
96,669,-42,2386530,20170430,3077,0.00000172
97,676,-41,2386530,20170507,1949,0.00000110
98,683,-40,2386530,20170514,2402,0.00000136
99,690,-39,2386530,20170521,1931,0.00000110
100,697,-38,2386530,20170528,1961,0.00000112
101,704,-37,2386530,20170604,2044,0.00000119
102,711,-36,2386530,20170611,1493,0.00000089
103,718,-35,2386530,20170618,1327,0.00000081
104,725,-34,2386530,20170625,1514,0.00000094
105,732,-33,2386530,20170702,1363,0.00000084
106,739,-32,2386530,20170709,1908,0.00000115
107,746,-31,2386530,20170716,1286,0.00000077
108,753,-30,2386530,20170723,2783,0.00000168
109,760,-29,2386530,20170730,2451,0.00000152
110,767,-28,2386530,20170806,2965,0.00000182
111,774,-27,2386530,20170813,1748,0.00000108
112,781,-26,2386530,20170820,1882,0.00000115
113,788,-25,2386530,20170827,2140,0.00000133
114,795,-24,2386530,20170903,1949,0.00000117
115,802,-23,2386530,20170910,2036,0.00000124
116,809,-22,2386530,20170917,1716,0.00000102
117,816,-21,2386530,20170924,1855,0.00000112
118,823,-20,2386530,20171001,2043,0.00000122
119,830,-19,2386530,20171008,1902,0.00000111
120,837,-18,2386530,20171015,2488,0.00000146
121,844,-17,2386530,20171022,3585,0.00000208
122,851,-16,2386530,20171029,2773,0.00000160
123,858,-15,2386530,20171105,3247,0.00000186
124,865,-14,2386530,20171112,2594,0.00000148
125,872,-13,2386530,20171119,2071,0.00000120
126,879,-12,2386530,20171126,2006,0.00000115
127,886,-11,2386530,20171203,3933,0.00000224
128,893,-10,2386530,20171210,4483,0.00000262
129,900,-9,2386530,20171217,3054,0.00000188
130,907,-8,2386530,20171224,13050,0.00000777
131,914,-7,2386530,20171231,3922,0.00000214
132,921,-6,2386530,20180107,2907,0.00000154
133,928,-5,2386530,20180114,2052,0.00000107
134,935,-4,2386530,20180121,2047,0.00000109
135,942,-3,2386530,20180128,2183,0.00000118
136,949,-2,2386530,20180204,1834,0.00000099
137,956,-1,2386530,20180211,4670,0.00000257
138,963,0,2386530,20180218,416132,0.00022568
139,970,1,2386530,20180225,470649,0.00025403
140,977,2,2386530,20180304,29047,0.00001575
141,984,3,2386530,20180311,21373,0.00001161
142,991,4,2386530,20180318,13021,0.00000723
143,998,5,2386530,20180325,13242,0.00000748
144,1005,6,2386530,20180401,14339,0.00000797
145,1012,7,2386530,20180408,12915,0.00000712
146,1019,8,2386530,20180415,16659,0.00000930
147,1026,9,2386530,20180422,11669,0.00000658
148,1033,10,2386530,20180429,9972,0.00000578
149,1040,11,2386530,20180506,17392,0.00001001
150,1047,12,2386530,20180513,32911,0.00001851
151,1054,13,2386530,20180520,11855,0.00000671
152,1061,14,2386530,20180527,10368,0.00000600
153,1068,15,2386530,20180603,10393,0.00000601
154,1075,16,2386530,20180610,10151,0.00000599
155,1082,17,2386530,20180617,11617,0.00000684
156,1089,18,2386530,20180624,11824,0.00000707
1,4,-137,690865,20150705,17237,0.00000990
2,11,-136,690865,20150712,17654,0.00001017
3,18,-135,690865,20150719,17469,0.00001007
4,25,-134,690865,20150726,16805,0.00000965
5,32,-133,690865,20150802,16740,0.00000990
6,39,-132,690865,20150809,21150,0.00001231
7,46,-131,690865,20150816,33512,0.00001923
8,53,-130,690865,20150823,22417,0.00001286
9,60,-129,690865,20150830,19043,0.00001077
10,67,-128,690865,20150906,19170,0.00001028
11,74,-127,690865,20150913,20847,0.00001175
12,81,-126,690865,20150920,22065,0.00001265
13,88,-125,690865,20150927,22025,0.00001286
14,95,-124,690865,20151004,21874,0.00001250
15,102,-123,690865,20151011,19973,0.00001136
16,109,-122,690865,20151018,18573,0.00001042
17,116,-121,690865,20151025,19591,0.00001111
18,123,-120,690865,20151101,35171,0.00001995
19,130,-119,690865,20151108,25424,0.00001449
20,137,-118,690865,20151115,17646,0.00001001
21,144,-117,690865,20151122,16814,0.00000977
22,151,-116,690865,20151129,17898,0.00001017
23,158,-115,690865,20151206,19545,0.00001100
24,165,-114,690865,20151213,19176,0.00001130
25,172,-113,690865,20151220,20201,0.00001293
26,179,-112,690865,20151227,23199,0.00001368
27,186,-111,690865,20160103,25977,0.00001427
28,193,-110,690865,20160110,20065,0.00001077
29,200,-109,690865,20160117,21018,0.00001134
30,207,-108,690865,20160124,20622,0.00001113
31,214,-107,690865,20160131,21200,0.00001148
32,221,-106,690865,20160207,20718,0.00001144
33,228,-105,690865,20160214,20931,0.00001144
34,235,-104,690865,20160221,21156,0.00001164
35,242,-103,690865,20160228,18602,0.00001012
36,249,-102,690865,20160306,22724,0.00001287
37,256,-101,690865,20160313,18093,0.00001057
38,263,-100,690865,20160320,19054,0.00001146
39,270,-99,690865,20160327,19557,0.00001147
40,277,-98,690865,20160403,19486,0.00001119
41,284,-97,690865,20160410,18954,0.00001093
42,291,-96,690865,20160417,19593,0.00001124
43,298,-95,690865,20160424,20104,0.00001162
44,305,-94,690865,20160501,19016,0.00001114
45,312,-93,690865,20160508,19705,0.00001152
46,319,-92,690865,20160515,19507,0.00001124
47,326,-91,690865,20160522,16574,0.00000979
48,333,-90,690865,20160529,16774,0.00000990
49,340,-89,690865,20160605,18858,0.00001117
50,347,-88,690865,20160612,19422,0.00001145
51,354,-87,690865,20160619,19182,0.00001142
52,361,-86,690865,20160626,17327,0.00001023
53,368,-85,690865,20160703,16644,0.00000991
54,375,-84,690865,20160710,15847,0.00000952
55,382,-83,690865,20160717,17279,0.00000972
56,389,-82,690865,20160724,15964,0.00000813
57,396,-81,690865,20160731,15601,0.00000814
58,403,-80,690865,20160807,14804,0.00000756
59,410,-79,690865,20160814,15485,0.00000856
60,417,-78,690865,20160821,18097,0.00001026
61,424,-77,690865,20160828,19732,0.00001117
62,431,-76,690865,20160904,18984,0.00001086
63,438,-75,690865,20160911,19674,0.00001115
64,445,-74,690865,20160918,19626,0.00001100
65,452,-73,690865,20160925,18211,0.00001045
66,459,-72,690865,20161002,19981,0.00001124
67,466,-71,690865,20161009,22993,0.00001288
68,473,-70,690865,20161016,28506,0.00001581
69,480,-69,690865,20161023,20872,0.00001185
70,487,-68,690865,20161030,25473,0.00001405
71,494,-67,690865,20161106,40746,0.00002158
72,501,-66,690865,20161113,26798,0.00001419
73,508,-65,690865,20161120,23069,0.00001276
74,515,-64,690865,20161127,20257,0.00001089
75,522,-63,690865,20161204,19124,0.00001026
76,529,-62,690865,20161211,21694,0.00001225
77,536,-61,690865,20161218,21513,0.00001220
78,543,-60,690865,20161225,26528,0.00001451
79,550,-59,690865,20170101,25329,0.00001309
80,557,-58,690865,20170108,24715,0.00001255
81,564,-57,690865,20170115,62161,0.00003135
82,571,-56,690865,20170122,27983,0.00001405
83,578,-55,690865,20170129,24357,0.00001248
84,585,-54,690865,20170205,21694,0.00001111
85,592,-53,690865,20170212,22289,0.00001166
86,599,-52,690865,20170219,25459,0.00001327
87,606,-51,690865,20170226,24058,0.00001245
88,613,-50,690865,20170305,24045,0.00001272
89,620,-49,690865,20170312,22864,0.00001216
90,627,-48,690865,20170319,23158,0.00001250
91,634,-47,690865,20170326,28925,0.00001626
92,641,-46,690865,20170402,31950,0.00001803
93,648,-45,690865,20170409,25844,0.00001479
94,655,-44,690865,20170416,25106,0.00001391
95,662,-43,690865,20170423,23787,0.00001334
96,669,-42,690865,20170430,24948,0.00001392
97,676,-41,690865,20170507,22804,0.00001289
98,683,-40,690865,20170514,20868,0.00001182
99,690,-39,690865,20170521,21524,0.00001227
100,697,-38,690865,20170528,20619,0.00001178
101,704,-37,690865,20170604,20469,0.00001194
102,711,-36,690865,20170611,22030,0.00001317
103,718,-35,690865,20170618,20926,0.00001271
104,725,-34,690865,20170625,20046,0.00001249
105,732,-33,690865,20170702,21080,0.00001299
106,739,-32,690865,20170709,19587,0.00001181
107,746,-31,690865,20170716,19091,0.00001150
108,753,-30,690865,20170723,20954,0.00001266
109,760,-29,690865,20170730,20502,0.00001269
110,767,-28,690865,20170806,21433,0.00001314
111,774,-27,690865,20170813,26209,0.00001617
112,781,-26,690865,20170820,31753,0.00001948
113,788,-25,690865,20170827,32432,0.00002015
114,795,-24,690865,20170903,25537,0.00001539
115,802,-23,690865,20170910,22394,0.00001363
116,809,-22,690865,20170917,24382,0.00001444
117,816,-21,690865,20170924,22082,0.00001335
118,823,-20,690865,20171001,22357,0.00001333
119,830,-19,690865,20171008,22977,0.00001338
120,837,-18,690865,20171015,23361,0.00001374
121,844,-17,690865,20171022,21399,0.00001239
122,851,-16,690865,20171029,21375,0.00001237
123,858,-15,690865,20171105,69086,0.00003951
124,865,-14,690865,20171112,28465,0.00001623
125,872,-13,690865,20171119,23435,0.00001360
126,879,-12,690865,20171126,22652,0.00001295
127,886,-11,690865,20171203,33375,0.00001905
128,893,-10,690865,20171210,93408,0.00005449
129,900,-9,690865,20171217,67578,0.00004160
130,907,-8,690865,20171224,68987,0.00004106
131,914,-7,690865,20171231,60010,0.00003276
132,921,-6,690865,20180107,46241,0.00002454
133,928,-5,690865,20180114,42123,0.00002187
134,935,-4,690865,20180121,45894,0.00002448
135,942,-3,690865,20180128,35525,0.00001919
136,949,-2,690865,20180204,30403,0.00001644
137,956,-1,690865,20180211,29109,0.00001604
138,963,0,690865,20180218,1672741,0.00090716
139,970,1,690865,20180225,735746,0.00039712
140,977,2,690865,20180304,216225,0.00011727
141,984,3,690865,20180311,77096,0.00004186
142,991,4,690865,20180318,50090,0.00002780
143,998,5,690865,20180325,31927,0.00001803
144,1005,6,690865,20180401,29735,0.00001652
145,1012,7,690865,20180408,24353,0.00001342
146,1019,8,690865,20180415,25822,0.00001441
147,1026,9,690865,20180422,23038,0.00001298
148,1033,10,690865,20180429,22248,0.00001289
149,1040,11,690865,20180506,18819,0.00001083
150,1047,12,690865,20180513,19342,0.00001088
151,1054,13,690865,20180520,19218,0.00001088
152,1061,14,690865,20180527,20489,0.00001186
153,1068,15,690865,20180603,19269,0.00001115
154,1075,16,690865,20180610,18453,0.00001088
155,1082,17,690865,20180617,16507,0.00000973
156,1089,18,690865,20180624,14937,0.00000893
0,0,-139,1938728,20150701,25986,0.00001522
1,7,-138,1938728,20150708,27439,0.00001569
2,14,-137,1938728,20150715,25089,0.00001460
3,21,-136,1938728,20150722,27018,0.00001551
4,28,-135,1938728,20150729,26100,0.00001541
5,35,-134,1938728,20150805,25905,0.00001504
6,42,-133,1938728,20150812,44404,0.00002559
7,49,-132,1938728,20150819,37507,0.00002146
8,56,-131,1938728,20150826,27840,0.00001603
9,63,-130,1938728,20150902,29415,0.00001601
10,70,-129,1938728,20150909,28236,0.00001536
11,77,-128,1938728,20150916,28818,0.00001653
12,84,-127,1938728,20150923,32267,0.00001862
13,91,-126,1938728,20150930,44218,0.00002581
14,98,-125,1938728,20151007,32521,0.00001849
15,105,-124,1938728,20151014,26228,0.00001485
16,112,-123,1938728,20151021,24994,0.00001407
17,119,-122,1938728,20151028,26838,0.00001532
18,126,-121,1938728,20151104,27414,0.00001543
19,133,-120,1938728,20151111,27172,0.00001552
20,140,-119,1938728,20151118,25377,0.00001448
21,147,-118,1938728,20151125,24510,0.00001412
22,154,-117,1938728,20151202,30047,0.00001703
23,161,-116,1938728,20151209,25468,0.00001445
24,168,-115,1938728,20151216,22664,0.00001390
25,175,-114,1938728,20151223,25922,0.00001631
26,182,-113,1938728,20151230,26162,0.00001485
27,189,-112,1938728,20160106,26223,0.00001411
28,196,-111,1938728,20160113,28225,0.00001531
29,203,-110,1938728,20160120,24342,0.00001309
30,210,-109,1938728,20160127,27360,0.00001477
31,217,-108,1938728,20160203,25277,0.00001381
32,224,-107,1938728,20160210,25148,0.00001386
33,231,-106,1938728,20160217,25849,0.00001410
34,238,-105,1938728,20160224,24889,0.00001366
35,245,-104,1938728,20160302,30669,0.00001695
36,252,-103,1938728,20160309,30056,0.00001733
37,259,-102,1938728,20160316,23282,0.00001382
38,266,-101,1938728,20160323,30418,0.00001801
39,273,-100,1938728,20160330,26574,0.00001554
40,280,-99,1938728,20160406,26410,0.00001510
41,287,-98,1938728,20160413,25109,0.00001464
42,294,-97,1938728,20160420,26307,0.00001494
43,301,-96,1938728,20160427,27016,0.00001572
44,308,-95,1938728,20160504,29869,0.00001748
45,315,-94,1938728,20160511,26003,0.00001518
46,322,-93,1938728,20160518,24529,0.00001416
47,329,-92,1938728,20160525,24032,0.00001435
48,336,-91,1938728,20160601,25023,0.00001472
49,343,-90,1938728,20160608,27533,0.00001621
50,350,-89,1938728,20160615,27130,0.00001617
51,357,-88,1938728,20160622,33593,0.00001995
52,364,-87,1938728,20160629,32857,0.00001947
53,371,-86,1938728,20160706,29659,0.00001760
54,378,-85,1938728,20160713,27845,0.00001690
55,385,-84,1938728,20160720,26412,0.00001379
56,392,-83,1938728,20160727,41803,0.00002132
57,399,-82,1938728,20160803,26195,0.00001374
58,406,-81,1938728,20160810,29099,0.00001484
59,413,-80,1938728,20160817,21708,0.00001247
60,420,-79,1938728,20160824,23950,0.00001357
61,427,-78,1938728,20160831,24574,0.00001408
62,434,-77,1938728,20160907,24960,0.00001417
63,441,-76,1938728,20160914,24465,0.00001382
64,448,-75,1938728,20160921,25476,0.00001443
65,455,-74,1938728,20160928,23680,0.00001351
66,462,-73,1938728,20161005,23768,0.00001340
67,469,-72,1938728,20161012,26294,0.00001451
68,476,-71,1938728,20161019,25837,0.00001445
69,483,-70,1938728,20161026,25427,0.00001456
70,490,-69,1938728,20161102,24708,0.00001329
71,497,-68,1938728,20161109,26597,0.00001389
72,504,-67,1938728,20161116,27461,0.00001479
73,511,-66,1938728,20161123,28657,0.00001571
74,518,-65,1938728,20161130,27370,0.00001475
75,525,-64,1938728,20161207,29435,0.00001605
76,532,-63,1938728,20161214,24183,0.00001365
77,539,-62,1938728,20161221,27970,0.00001608
78,546,-61,1938728,20161228,24819,0.00001314
79,553,-60,1938728,20170104,25903,0.00001314
80,560,-59,1938728,20170111,24015,0.00001214
81,567,-58,1938728,20170118,25111,0.00001267
82,574,-57,1938728,20170125,24380,0.00001226
83,581,-56,1938728,20170201,22384,0.00001150
84,588,-55,1938728,20170208,24946,0.00001289
85,595,-54,1938728,20170215,33826,0.00001766
86,602,-53,1938728,20170222,28434,0.00001464
87,609,-52,1938728,20170301,28057,0.00001483
88,616,-51,1938728,20170308,29384,0.00001563
89,623,-50,1938728,20170315,35768,0.00001897
90,630,-49,1938728,20170322,26245,0.00001453
91,637,-48,1938728,20170329,33225,0.00001871
92,644,-47,1938728,20170405,27428,0.00001567
93,651,-46,1938728,20170412,25279,0.00001424
94,658,-45,1938728,20170419,23859,0.00001318
95,665,-44,1938728,20170426,28416,0.00001595
96,672,-43,1938728,20170503,28360,0.00001585
97,679,-42,1938728,20170510,44126,0.00002519
98,686,-41,1938728,20170517,35241,0.00001954
99,693,-40,1938728,20170524,29071,0.00001708
100,700,-39,1938728,20170531,39297,0.00002252
101,707,-38,1938728,20170607,29317,0.00001717
102,714,-37,1938728,20170614,40797,0.00002479
103,721,-36,1938728,20170621,56536,0.00003479
104,728,-35,1938728,20170628,58978,0.00003674
105,735,-34,1938728,20170705,89451,0.00005414
106,742,-33,1938728,20170712,48321,0.00002923
107,749,-32,1938728,20170719,33234,0.00001985
108,756,-31,1938728,20170726,32975,0.00002025
109,763,-30,1938728,20170802,26693,0.00001653
110,770,-29,1938728,20170809,34252,0.00002107
111,777,-28,1938728,20170816,30611,0.00001870
112,784,-27,1938728,20170823,22890,0.00001414
113,791,-26,1938728,20170830,20765,0.00001270
114,798,-25,1938728,20170906,22170,0.00001349
115,805,-24,1938728,20170913,22329,0.00001336
116,812,-23,1938728,20170920,25886,0.00001544
117,819,-22,1938728,20170927,23650,0.00001432
118,826,-21,1938728,20171004,23825,0.00001399
119,833,-20,1938728,20171011,26105,0.00001524
120,840,-19,1938728,20171018,34604,0.00002019
121,847,-18,1938728,20171025,31936,0.00001861
122,854,-17,1938728,20171101,30509,0.00001747
123,861,-16,1938728,20171108,31604,0.00001805
124,868,-15,1938728,20171115,37846,0.00002158
125,875,-14,1938728,20171122,28849,0.00001664
126,882,-13,1938728,20171129,30613,0.00001772
127,889,-12,1938728,20171206,28801,0.00001641
128,896,-11,1938728,20171213,28935,0.00001727
129,903,-10,1938728,20171220,26582,0.00001680
130,910,-9,1938728,20171227,34573,0.00001968
131,917,-8,1938728,20180103,29288,0.00001542
132,924,-7,1938728,20180110,25632,0.00001344
133,931,-6,1938728,20180117,25857,0.00001360
134,938,-5,1938728,20180124,29369,0.00001568
135,945,-4,1938728,20180131,26469,0.00001435
136,952,-3,1938728,20180207,28771,0.00001567
137,959,-2,1938728,20180214,23932,0.00001315
138,966,-1,1938728,20180221,5461650,0.00293491
139,973,0,1938728,20180228,1940034,0.00104926
140,980,1,1938728,20180307,278421,0.00015226
141,987,2,1938728,20180314,133340,0.00007300
142,994,3,1938728,20180321,97508,0.00005452
143,1001,4,1938728,20180328,68321,0.00003843
144,1008,5,1938728,20180404,55668,0.00003069
145,1015,6,1938728,20180411,57071,0.00003141
146,1022,7,1938728,20180418,44202,0.00002504
147,1029,8,1938728,20180425,40865,0.00002328
148,1036,9,1938728,20180502,58046,0.00003364
149,1043,10,1938728,20180509,58003,0.00003324
150,1050,11,1938728,20180516,38139,0.00002103
151,1057,12,1938728,20180523,36316,0.00002096
152,1064,13,1938728,20180530,41099,0.00002405
153,1071,14,1938728,20180606,87328,0.00005043
154,1078,15,1938728,20180613,45740,0.00002704
155,1085,16,1938728,20180620,43790,0.00002602
156,1092,17,1938728,20180627,43384,0.00002586
0,0,-140,318110,20150701,8990,0.00000527
1,7,-139,318110,20150708,9808,0.00000561
2,14,-138,318110,20150715,9650,0.00000561
3,21,-137,318110,20150722,9368,0.00000538
4,28,-136,318110,20150729,8702,0.00000514
5,35,-135,318110,20150805,13922,0.00000808
6,42,-134,318110,20150812,15362,0.00000885
7,49,-133,318110,20150819,11157,0.00000638
8,56,-132,318110,20150826,10412,0.00000600
9,63,-131,318110,20150902,10002,0.00000544
10,70,-130,318110,20150909,8696,0.00000473
11,77,-129,318110,20150916,8687,0.00000498
12,84,-128,318110,20150923,7641,0.00000441
13,91,-127,318110,20150930,7269,0.00000424
14,98,-126,318110,20151007,7928,0.00000451
15,105,-125,318110,20151014,8019,0.00000454
16,112,-124,318110,20151021,7994,0.00000450
17,119,-123,318110,20151028,8708,0.00000497
18,126,-122,318110,20151104,7987,0.00000450
19,133,-121,318110,20151111,13845,0.00000791
20,140,-120,318110,20151118,8778,0.00000501
21,147,-119,318110,20151125,9818,0.00000566
22,154,-118,318110,20151202,9126,0.00000517
23,161,-117,318110,20151209,9995,0.00000567
24,168,-116,318110,20151216,8353,0.00000512
25,175,-115,318110,20151223,8067,0.00000508
26,182,-114,318110,20151230,30086,0.00001708
27,189,-113,318110,20160106,11580,0.00000623
28,196,-112,318110,20160113,9436,0.00000512
29,203,-111,318110,20160120,9569,0.00000515
30,210,-110,318110,20160127,10042,0.00000542
31,217,-109,318110,20160203,9398,0.00000514
32,224,-108,318110,20160210,9443,0.00000520
33,231,-107,318110,20160217,9416,0.00000513
34,238,-106,318110,20160224,9122,0.00000501
35,245,-105,318110,20160302,8526,0.00000471
36,252,-104,318110,20160309,8483,0.00000489
37,259,-103,318110,20160316,9118,0.00000541
38,266,-102,318110,20160323,9175,0.00000543
39,273,-101,318110,20160330,8564,0.00000501
40,280,-100,318110,20160406,8000,0.00000457
41,287,-99,318110,20160413,7525,0.00000439
42,294,-98,318110,20160420,7735,0.00000439
43,301,-97,318110,20160427,8149,0.00000474
44,308,-96,318110,20160504,7478,0.00000438
45,315,-95,318110,20160511,8878,0.00000518
46,322,-94,318110,20160518,9087,0.00000524
47,329,-93,318110,20160525,10638,0.00000635
48,336,-92,318110,20160601,8757,0.00000515
49,343,-91,318110,20160608,7941,0.00000468
50,350,-90,318110,20160615,8099,0.00000483
51,357,-89,318110,20160622,8429,0.00000500
52,364,-88,318110,20160629,9012,0.00000534
53,371,-87,318110,20160706,7977,0.00000473
54,378,-86,318110,20160713,8706,0.00000528
55,385,-85,318110,20160720,8090,0.00000422
56,392,-84,318110,20160727,9241,0.00000471
57,399,-83,318110,20160803,8506,0.00000446
58,406,-82,318110,20160810,8235,0.00000420
59,413,-81,318110,20160817,8672,0.00000498
60,420,-80,318110,20160824,9355,0.00000530
61,427,-79,318110,20160831,10132,0.00000581
62,434,-78,318110,20160907,9702,0.00000551
63,441,-77,318110,20160914,10196,0.00000576
64,448,-76,318110,20160921,10338,0.00000586
65,455,-75,318110,20160928,8908,0.00000508
66,462,-74,318110,20161005,7881,0.00000444
67,469,-73,318110,20161012,8368,0.00000462
68,476,-72,318110,20161019,8207,0.00000459
69,483,-71,318110,20161026,9479,0.00000543
70,490,-70,318110,20161102,11399,0.00000613
71,497,-69,318110,20161109,15185,0.00000793
72,504,-68,318110,20161116,10292,0.00000554
73,511,-67,318110,20161123,10647,0.00000584
74,518,-66,318110,20161130,9200,0.00000496
75,525,-65,318110,20161207,9451,0.00000515
76,532,-64,318110,20161214,10284,0.00000581
77,539,-63,318110,20161221,12092,0.00000695
78,546,-62,318110,20161228,35523,0.00001880
79,553,-61,318110,20170104,16722,0.00000848
80,560,-60,318110,20170111,13606,0.00000688
81,567,-59,318110,20170118,12853,0.00000649
82,574,-58,318110,20170125,14631,0.00000736
83,581,-57,318110,20170201,12602,0.00000648
84,588,-56,318110,20170208,10962,0.00000567
85,595,-55,318110,20170215,19181,0.00001002
86,602,-54,318110,20170222,13153,0.00000677
87,609,-53,318110,20170301,18670,0.00000987
88,616,-52,318110,20170308,16726,0.00000890
89,623,-51,318110,20170315,24051,0.00001275
90,630,-50,318110,20170322,20252,0.00001121
91,637,-49,318110,20170329,16865,0.00000950
92,644,-48,318110,20170405,13950,0.00000797
93,651,-47,318110,20170412,16012,0.00000902
94,658,-46,318110,20170419,14802,0.00000818
95,665,-45,318110,20170426,12093,0.00000679
96,672,-44,318110,20170503,13393,0.00000749
97,679,-43,318110,20170510,11715,0.00000669
98,686,-42,318110,20170517,11995,0.00000665
99,693,-41,318110,20170524,13440,0.00000790
100,700,-40,318110,20170531,11870,0.00000680
101,707,-39,318110,20170607,14847,0.00000869
102,714,-38,318110,20170614,13243,0.00000805
103,721,-37,318110,20170621,13209,0.00000813
104,728,-36,318110,20170628,14290,0.00000890
105,735,-35,318110,20170705,13092,0.00000792
106,742,-34,318110,20170712,11074,0.00000670
107,749,-33,318110,20170719,12447,0.00000743
108,756,-32,318110,20170726,12422,0.00000763
109,763,-31,318110,20170802,12806,0.00000793
110,770,-30,318110,20170809,10783,0.00000663
111,777,-29,318110,20170816,11216,0.00000685
112,784,-28,318110,20170823,10754,0.00000664
113,791,-27,318110,20170830,14954,0.00000915
114,798,-26,318110,20170906,10567,0.00000643
115,805,-25,318110,20170913,11561,0.00000692
116,812,-24,318110,20170920,11663,0.00000696
117,819,-23,318110,20170927,9088,0.00000550
118,826,-22,318110,20171004,8852,0.00000520
119,833,-21,318110,20171011,9725,0.00000568
120,840,-20,318110,20171018,8660,0.00000505
121,847,-19,318110,20171025,10193,0.00000594
122,854,-18,318110,20171101,11099,0.00000635
123,861,-17,318110,20171108,12321,0.00000704
124,868,-16,318110,20171115,10841,0.00000618
125,875,-15,318110,20171122,11222,0.00000647
126,882,-14,318110,20171129,9682,0.00000560
127,889,-13,318110,20171206,10334,0.00000589
128,896,-12,318110,20171213,8900,0.00000531
129,903,-11,318110,20171220,11461,0.00000724
130,910,-10,318110,20171227,14164,0.00000806
131,917,-9,318110,20180103,13324,0.00000701
132,924,-8,318110,20180110,14070,0.00000738
133,931,-7,318110,20180117,14126,0.00000743
134,938,-6,318110,20180124,13002,0.00000694
135,945,-5,318110,20180131,12605,0.00000683
136,952,-4,318110,20180207,11795,0.00000642
137,959,-3,318110,20180214,11204,0.00000616
138,966,-2,318110,20180221,12207,0.00000656
139,973,-1,318110,20180228,433959,0.00023470
140,980,0,318110,20180307,139583,0.00007633
141,987,1,318110,20180314,27690,0.00001516
142,994,2,318110,20180321,18443,0.00001031
143,1001,3,318110,20180328,16574,0.00000932
144,1008,4,318110,20180404,15221,0.00000839
145,1015,5,318110,20180411,15689,0.00000864
146,1022,6,318110,20180418,14701,0.00000833
147,1029,7,318110,20180425,13745,0.00000783
148,1036,8,318110,20180502,13616,0.00000789
149,1043,9,318110,20180509,14539,0.00000833
150,1050,10,318110,20180516,12291,0.00000678
151,1057,11,318110,20180523,16496,0.00000952
152,1064,12,318110,20180530,12869,0.00000753
153,1071,13,318110,20180606,19620,0.00001133
154,1078,14,318110,20180613,12145,0.00000718
155,1085,15,318110,20180620,12659,0.00000752
156,1092,16,318110,20180627,12737,0.00000759
0,1,-140,21296113,20150702,1836,0.00000107
1,8,-139,21296113,20150709,3545,0.00000203
2,15,-138,21296113,20150716,1808,0.00000105
3,22,-137,21296113,20150723,2400,0.00000137
4,29,-136,21296113,20150730,4087,0.00000243
5,36,-135,21296113,20150806,3176,0.00000184
6,43,-134,21296113,20150813,2153,0.00000124
7,50,-133,21296113,20150820,2257,0.00000129
8,57,-132,21296113,20150827,1968,0.00000113
9,64,-131,21296113,20150903,1321,0.00000071
10,71,-130,21296113,20150910,1055,0.00000058
11,78,-129,21296113,20150917,1121,0.00000064
12,85,-128,21296113,20150924,1830,0.00000106
13,92,-127,21296113,20151001,1487,0.00000086
14,99,-126,21296113,20151008,1603,0.00000091
15,106,-125,21296113,20151015,1267,0.00000072
16,113,-124,21296113,20151022,1131,0.00000064
17,120,-123,21296113,20151029,1032,0.00000059
18,127,-122,21296113,20151105,1252,0.00000071
19,134,-121,21296113,20151112,959,0.00000055
20,141,-120,21296113,20151119,932,0.00000054
21,148,-119,21296113,20151126,992,0.00000057
22,155,-118,21296113,20151203,877,0.00000050
23,162,-117,21296113,20151210,1242,0.00000071
24,169,-116,21296113,20151217,895,0.00000056
25,176,-115,21296113,20151224,776,0.00000048
26,183,-114,21296113,20151231,883,0.00000050
27,190,-113,21296113,20160107,975,0.00000052
28,197,-112,21296113,20160114,919,0.00000050
29,204,-111,21296113,20160121,1118,0.00000060
30,211,-110,21296113,20160128,1034,0.00000056
31,218,-109,21296113,20160204,885,0.00000049
32,225,-108,21296113,20160211,1121,0.00000062
33,232,-107,21296113,20160218,1328,0.00000073
34,239,-106,21296113,20160225,1209,0.00000066
35,246,-105,21296113,20160303,939,0.00000052
36,253,-104,21296113,20160310,728,0.00000042
37,260,-103,21296113,20160317,1008,0.00000060
38,267,-102,21296113,20160324,1693,0.00000100
39,274,-101,21296113,20160331,733,0.00000043
40,281,-100,21296113,20160407,677,0.00000039
41,288,-99,21296113,20160414,660,0.00000039
42,295,-98,21296113,20160421,757,0.00000043
43,302,-97,21296113,20160428,656,0.00000038
44,309,-96,21296113,20160505,746,0.00000044
45,316,-95,21296113,20160512,1032,0.00000060
46,323,-94,21296113,20160519,1673,0.00000097
47,330,-93,21296113,20160526,1428,0.00000085
48,337,-92,21296113,20160602,959,0.00000057
49,344,-91,21296113,20160609,1151,0.00000068
50,351,-90,21296113,20160616,1101,0.00000066
51,358,-89,21296113,20160623,1075,0.00000064
52,365,-88,21296113,20160630,1427,0.00000084
53,372,-87,21296113,20160707,951,0.00000057
54,379,-86,21296113,20160714,874,0.00000053
55,386,-85,21296113,20160721,876,0.00000045
56,393,-84,21296113,20160728,841,0.00000043
57,400,-83,21296113,20160804,834,0.00000043
58,407,-82,21296113,20160811,770,0.00000040
59,414,-81,21296113,20160818,2314,0.00000132
60,421,-80,21296113,20160825,1433,0.00000081
61,428,-79,21296113,20160901,1760,0.00000101
62,435,-78,21296113,20160908,758,0.00000043
63,442,-77,21296113,20160915,936,0.00000053
64,449,-76,21296113,20160922,799,0.00000045
65,456,-75,21296113,20160929,925,0.00000053
66,463,-74,21296113,20161006,1073,0.00000061
67,470,-73,21296113,20161013,692,0.00000038
68,477,-72,21296113,20161020,766,0.00000043
69,484,-71,21296113,20161027,756,0.00000043
70,491,-70,21296113,20161103,878,0.00000047
71,498,-69,21296113,20161110,1030,0.00000054
72,505,-68,21296113,20161117,652,0.00000035
73,512,-67,21296113,20161124,869,0.00000047
74,519,-66,21296113,20161201,656,0.00000035
75,526,-65,21296113,20161208,794,0.00000044
76,533,-64,21296113,20161215,624,0.00000035
77,540,-63,21296113,20161222,837,0.00000048
78,547,-62,21296113,20161229,580,0.00000031
79,554,-61,21296113,20170105,744,0.00000038
80,561,-60,21296113,20170112,1028,0.00000052
81,568,-59,21296113,20170119,827,0.00000042
82,575,-58,21296113,20170126,723,0.00000036
83,582,-57,21296113,20170202,848,0.00000044
84,589,-56,21296113,20170209,683,0.00000035
85,596,-55,21296113,20170216,973,0.00000051
86,603,-54,21296113,20170223,817,0.00000042
87,610,-53,21296113,20170302,632,0.00000033
88,617,-52,21296113,20170309,610,0.00000033
89,624,-51,21296113,20170316,919,0.00000049
90,631,-50,21296113,20170323,976,0.00000054
91,638,-49,21296113,20170330,658,0.00000037
92,645,-48,21296113,20170406,648,0.00000037
93,652,-47,21296113,20170413,640,0.00000036
94,659,-46,21296113,20170420,1049,0.00000058
95,666,-45,21296113,20170427,640,0.00000036
96,673,-44,21296113,20170504,634,0.00000035
97,680,-43,21296113,20170511,692,0.00000039
98,687,-42,21296113,20170518,581,0.00000032
99,694,-41,21296113,20170525,892,0.00000051
100,701,-40,21296113,20170601,959,0.00000056
101,708,-39,21296113,20170608,1067,0.00000063
102,715,-38,21296113,20170615,835,0.00000050
103,722,-37,21296113,20170622,784,0.00000049
104,729,-36,21296113,20170629,826,0.00000051
105,736,-35,21296113,20170706,829,0.00000050
106,743,-34,21296113,20170713,1082,0.00000066
107,750,-33,21296113,20170720,1317,0.00000079
108,757,-32,21296113,20170727,1207,0.00000074
109,764,-31,21296113,20170803,1045,0.00000065
110,771,-30,21296113,20170810,931,0.00000057
111,778,-29,21296113,20170817,1514,0.00000093
112,785,-28,21296113,20170824,1212,0.00000075
113,792,-27,21296113,20170831,1904,0.00000116
114,799,-26,21296113,20170907,1098,0.00000067
115,806,-25,21296113,20170914,1005,0.00000060
116,813,-24,21296113,20170921,838,0.00000050
117,820,-23,21296113,20170928,841,0.00000051
118,827,-22,21296113,20171005,947,0.00000055
119,834,-21,21296113,20171012,882,0.00000052
120,841,-20,21296113,20171019,720,0.00000042
121,848,-19,21296113,20171026,775,0.00000045
122,855,-18,21296113,20171102,1016,0.00000058
123,862,-17,21296113,20171109,2288,0.00000131
124,869,-16,21296113,20171116,796,0.00000045
125,876,-15,21296113,20171123,700,0.00000040
126,883,-14,21296113,20171130,608,0.00000035
127,890,-13,21296113,20171207,678,0.00000039
128,897,-12,21296113,20171214,592,0.00000036
129,904,-11,21296113,20171221,755,0.00000047
130,911,-10,21296113,20171228,903,0.00000051
131,918,-9,21296113,20180104,1032,0.00000054
132,925,-8,21296113,20180111,581,0.00000030
133,932,-7,21296113,20180118,545,0.00000029
134,939,-6,21296113,20180125,645,0.00000035
135,946,-5,21296113,20180201,626,0.00000034
136,953,-4,21296113,20180208,1123,0.00000061
137,960,-3,21296113,20180215,690,0.00000038
138,967,-2,21296113,20180222,641,0.00000035
139,974,-1,21296113,20180301,799565,0.00043229
140,981,0,21296113,20180308,234774,0.00012764
141,988,1,21296113,20180315,29885,0.00001650
142,995,2,21296113,20180322,36556,0.00002050
143,1002,3,21296113,20180329,9640,0.00000540
144,1009,4,21296113,20180405,8435,0.00000464
145,1016,5,21296113,20180412,6733,0.00000372
146,1023,6,21296113,20180419,5715,0.00000323
147,1030,7,21296113,20180426,5360,0.00000308
148,1037,8,21296113,20180503,4647,0.00000269
149,1044,9,21296113,20180510,5673,0.00000324
150,1051,10,21296113,20180517,5330,0.00000294
151,1058,11,21296113,20180524,10882,0.00000629
152,1065,12,21296113,20180531,7338,0.00000430
153,1072,13,21296113,20180607,7054,0.00000407
154,1079,14,21296113,20180614,7132,0.00000422
155,1086,15,21296113,20180621,20111,0.00001196
0,1,-141,151545,20150702,5611,0.00000327
1,8,-140,151545,20150709,2996,0.00000171
2,15,-139,151545,20150716,3083,0.00000180
3,22,-138,151545,20150723,11990,0.00000682
4,29,-137,151545,20150730,9047,0.00000539
5,36,-136,151545,20150806,4859,0.00000282
6,43,-135,151545,20150813,4151,0.00000239
7,50,-134,151545,20150820,3489,0.00000199
8,57,-133,151545,20150827,2888,0.00000166
9,64,-132,151545,20150903,3665,0.00000198
10,71,-131,151545,20150910,2757,0.00000152
11,78,-130,151545,20150917,3966,0.00000227
12,85,-129,151545,20150924,2864,0.00000166
13,92,-128,151545,20151001,2690,0.00000156
14,99,-127,151545,20151008,3128,0.00000178
15,106,-126,151545,20151015,3047,0.00000173
16,113,-125,151545,20151022,3302,0.00000186
17,120,-124,151545,20151029,2352,0.00000134
18,127,-123,151545,20151105,3357,0.00000190
19,134,-122,151545,20151112,2651,0.00000151
20,141,-121,151545,20151119,3157,0.00000182
21,148,-120,151545,20151126,2641,0.00000151
22,155,-119,151545,20151203,2624,0.00000148
23,162,-118,151545,20151210,18297,0.00001047
24,169,-117,151545,20151217,3920,0.00000244
25,176,-116,151545,20151224,4505,0.00000280
26,183,-115,151545,20151231,43116,0.00002422
27,190,-114,151545,20160107,4321,0.00000232
28,197,-113,151545,20160114,5230,0.00000283
29,204,-112,151545,20160121,5190,0.00000279
30,211,-111,151545,20160128,4401,0.00000238
31,218,-110,151545,20160204,3578,0.00000196
32,225,-109,151545,20160211,7309,0.00000402
33,232,-108,151545,20160218,3575,0.00000195
34,239,-107,151545,20160225,2689,0.00000147
35,246,-106,151545,20160303,3235,0.00000179
36,253,-105,151545,20160310,3228,0.00000187
37,260,-104,151545,20160317,11060,0.00000662
38,267,-103,151545,20160324,8738,0.00000514
39,274,-102,151545,20160331,6415,0.00000373
40,281,-101,151545,20160407,3423,0.00000196
41,288,-100,151545,20160414,3483,0.00000203
42,295,-99,151545,20160421,5310,0.00000301
43,302,-98,151545,20160428,3369,0.00000196
44,309,-97,151545,20160505,2902,0.00000170
45,316,-96,151545,20160512,2697,0.00000157
46,323,-95,151545,20160519,12009,0.00000697
47,330,-94,151545,20160526,5040,0.00000300
48,337,-93,151545,20160602,2959,0.00000175
49,344,-92,151545,20160609,2656,0.00000156
50,351,-91,151545,20160616,4874,0.00000291
51,358,-90,151545,20160623,2852,0.00000169
52,365,-89,151545,20160630,2388,0.00000141
53,372,-88,151545,20160707,2881,0.00000172
54,379,-87,151545,20160714,11129,0.00000669
55,386,-86,151545,20160721,3030,0.00000156
56,393,-85,151545,20160728,2965,0.00000152
57,400,-84,151545,20160804,2703,0.00000141
58,407,-83,151545,20160811,2556,0.00000133
59,414,-82,151545,20160818,2856,0.00000163
60,421,-81,151545,20160825,3543,0.00000200
61,428,-80,151545,20160901,2673,0.00000154
62,435,-79,151545,20160908,3755,0.00000212
63,442,-78,151545,20160915,2958,0.00000167
64,449,-77,151545,20160922,2594,0.00000147
65,456,-76,151545,20160929,3737,0.00000212
66,463,-75,151545,20161006,2587,0.00000146
67,470,-74,151545,20161013,2705,0.00000149
68,477,-73,151545,20161020,3165,0.00000178
69,484,-72,151545,20161027,3150,0.00000179
70,491,-71,151545,20161103,3700,0.00000198
71,498,-70,151545,20161110,5674,0.00000297
72,505,-69,151545,20161117,3294,0.00000179
73,512,-68,151545,20161124,10183,0.00000554
74,519,-67,151545,20161201,3379,0.00000182
75,526,-66,151545,20161208,4187,0.00000230
76,533,-65,151545,20161215,4948,0.00000280
77,540,-64,151545,20161222,15548,0.00000884
78,547,-63,151545,20161229,131296,0.00006934
79,554,-62,151545,20170105,11614,0.00000589
80,561,-61,151545,20170112,5034,0.00000254
81,568,-60,151545,20170119,20286,0.00001024
82,575,-59,151545,20170126,10339,0.00000521
83,582,-58,151545,20170202,4538,0.00000233
84,589,-57,151545,20170209,3112,0.00000161
85,596,-56,151545,20170216,2918,0.00000152
86,603,-55,151545,20170223,2603,0.00000134
87,610,-54,151545,20170302,19779,0.00001046
88,617,-53,151545,20170309,3433,0.00000183
89,624,-52,151545,20170316,2763,0.00000146
90,631,-51,151545,20170323,3793,0.00000211
91,638,-50,151545,20170330,3779,0.00000214
92,645,-49,151545,20170406,2944,0.00000168
93,652,-48,151545,20170413,2880,0.00000161
94,659,-47,151545,20170420,2745,0.00000152
95,666,-46,151545,20170427,4489,0.00000252
96,673,-45,151545,20170504,14924,0.00000835
97,680,-44,151545,20170511,2981,0.00000170
98,687,-43,151545,20170518,2699,0.00000150
99,694,-42,151545,20170525,2499,0.00000144
100,701,-41,151545,20170601,3376,0.00000198
101,708,-40,151545,20170608,2739,0.00000162
102,715,-39,151545,20170615,4184,0.00000253
103,722,-38,151545,20170622,3412,0.00000211
104,729,-37,151545,20170629,3526,0.00000220
105,736,-36,151545,20170706,4224,0.00000255
106,743,-35,151545,20170713,2730,0.00000166
107,750,-34,151545,20170720,2669,0.00000159
108,757,-33,151545,20170727,2804,0.00000172
109,764,-32,151545,20170803,3815,0.00000236
110,771,-31,151545,20170810,3072,0.00000189
111,778,-30,151545,20170817,6560,0.00000401
112,785,-29,151545,20170824,3529,0.00000218
113,792,-28,151545,20170831,3352,0.00000204
114,799,-27,151545,20170907,3424,0.00000209
115,806,-26,151545,20170914,2859,0.00000170
116,813,-25,151545,20170921,3392,0.00000203
117,820,-24,151545,20170928,3239,0.00000196
118,827,-23,151545,20171005,3102,0.00000181
119,834,-22,151545,20171012,4937,0.00000290
120,841,-21,151545,20171019,3365,0.00000195
121,848,-20,151545,20171026,3982,0.00000233
122,855,-19,151545,20171102,15414,0.00000878
123,862,-18,151545,20171109,10701,0.00000612
124,869,-17,151545,20171116,52269,0.00002985
125,876,-16,151545,20171123,16445,0.00000946
126,883,-15,151545,20171130,5240,0.00000304
127,890,-14,151545,20171207,4054,0.00000231
128,897,-13,151545,20171214,3730,0.00000225
129,904,-12,151545,20171221,4574,0.00000286
130,911,-11,151545,20171228,7747,0.00000435
131,918,-10,151545,20180104,3408,0.00000180
132,925,-9,151545,20180111,3206,0.00000167
133,932,-8,151545,20180118,21720,0.00001147
134,939,-7,151545,20180125,12679,0.00000678
135,946,-6,151545,20180201,5212,0.00000283
136,953,-5,151545,20180208,4498,0.00000246
137,960,-4,151545,20180215,4407,0.00000240
138,967,-3,151545,20180222,7741,0.00000417
139,974,-2,151545,20180301,4223,0.00000228
140,981,-1,151545,20180308,428512,0.00023297
141,988,0,151545,20180315,59111,0.00003263
142,995,1,151545,20180322,34239,0.00001920
143,1002,2,151545,20180329,19471,0.00001091
144,1009,3,151545,20180405,7117,0.00000391
145,1016,4,151545,20180412,4202,0.00000232
146,1023,5,151545,20180419,3231,0.00000182
147,1030,6,151545,20180426,3016,0.00000174
148,1037,7,151545,20180503,2612,0.00000151
149,1044,8,151545,20180510,2483,0.00000142
150,1051,9,151545,20180517,2006,0.00000111
151,1058,10,151545,20180524,2752,0.00000159
152,1065,11,151545,20180531,5247,0.00000308
153,1072,12,151545,20180607,3085,0.00000178
154,1079,13,151545,20180614,2007,0.00000119
155,1086,14,151545,20180621,1915,0.00000114
0,2,-141,1657474,20150703,4100,0.00000238
1,9,-140,1657474,20150710,2312,0.00000132
2,16,-139,1657474,20150717,2209,0.00000128
3,23,-138,1657474,20150724,2003,0.00000114
4,30,-137,1657474,20150731,2169,0.00000129
5,37,-136,1657474,20150807,1975,0.00000115
6,44,-135,1657474,20150814,2700,0.00000155
7,51,-134,1657474,20150821,2708,0.00000155
8,58,-133,1657474,20150828,2596,0.00000148
9,65,-132,1657474,20150904,2655,0.00000144
10,72,-131,1657474,20150911,2444,0.00000135
11,79,-130,1657474,20150918,2210,0.00000127
12,86,-129,1657474,20150925,2314,0.00000134
13,93,-128,1657474,20151002,2112,0.00000122
14,100,-127,1657474,20151009,2146,0.00000122
15,107,-126,1657474,20151016,2034,0.00000115
16,114,-125,1657474,20151023,1951,0.00000110
17,121,-124,1657474,20151030,1850,0.00000105
18,128,-123,1657474,20151106,2005,0.00000114
19,135,-122,1657474,20151113,2057,0.00000117
20,142,-121,1657474,20151120,2408,0.00000140
21,149,-120,1657474,20151127,2248,0.00000128
22,156,-119,1657474,20151204,2041,0.00000115
23,163,-118,1657474,20151211,2033,0.00000117
24,170,-117,1657474,20151218,1823,0.00000116
25,177,-116,1657474,20151225,1831,0.00000112
26,184,-115,1657474,20160101,2049,0.00000113
27,191,-114,1657474,20160108,2117,0.00000114
28,198,-113,1657474,20160115,2167,0.00000118
29,205,-112,1657474,20160122,2365,0.00000127
30,212,-111,1657474,20160129,2121,0.00000115
31,219,-110,1657474,20160205,2076,0.00000114
32,226,-109,1657474,20160212,1825,0.00000100
33,233,-108,1657474,20160219,1902,0.00000104
34,240,-107,1657474,20160226,1896,0.00000104
35,247,-106,1657474,20160304,2214,0.00000124
36,254,-105,1657474,20160311,1800,0.00000104
37,261,-104,1657474,20160318,1987,0.00000120
38,268,-103,1657474,20160325,2023,0.00000119
39,275,-102,1657474,20160401,4007,0.00000232
40,282,-101,1657474,20160408,2288,0.00000131
41,289,-100,1657474,20160415,2352,0.00000137
42,296,-99,1657474,20160422,1964,0.00000112
43,303,-98,1657474,20160429,1763,0.00000103
44,310,-97,1657474,20160506,2658,0.00000155
45,317,-96,1657474,20160513,2896,0.00000168
46,324,-95,1657474,20160520,6305,0.00000368
47,331,-94,1657474,20160527,3077,0.00000183
48,338,-93,1657474,20160603,2092,0.00000124
49,345,-92,1657474,20160610,1967,0.00000115
50,352,-91,1657474,20160617,1691,0.00000101
51,359,-90,1657474,20160624,3157,0.00000188
52,366,-89,1657474,20160701,1838,0.00000108
53,373,-88,1657474,20160708,1768,0.00000106
54,380,-87,1657474,20160715,2069,0.00000122
55,387,-86,1657474,20160722,1917,0.00000098
56,394,-85,1657474,20160729,2309,0.00000120
57,401,-84,1657474,20160805,2126,0.00000110
58,408,-83,1657474,20160812,1959,0.00000104
59,415,-82,1657474,20160819,2019,0.00000115
60,422,-81,1657474,20160826,2023,0.00000115
61,429,-80,1657474,20160902,2272,0.00000130
62,436,-79,1657474,20160909,2130,0.00000120
63,443,-78,1657474,20160916,2055,0.00000116
64,450,-77,1657474,20160923,1845,0.00000105
65,457,-76,1657474,20160930,2032,0.00000115
66,464,-75,1657474,20161007,1766,0.00000100
67,471,-74,1657474,20161014,1838,0.00000102
68,478,-73,1657474,20161021,2121,0.00000119
69,485,-72,1657474,20161028,1971,0.00000111
70,492,-71,1657474,20161104,1802,0.00000096
71,499,-70,1657474,20161111,2131,0.00000112
72,506,-69,1657474,20161118,1886,0.00000104
73,513,-68,1657474,20161125,2447,0.00000132
74,520,-67,1657474,20161202,2331,0.00000125
75,527,-66,1657474,20161209,2016,0.00000112
76,534,-65,1657474,20161216,2473,0.00000140
77,541,-64,1657474,20161223,1765,0.00000098
78,548,-63,1657474,20161230,2002,0.00000106
79,555,-62,1657474,20170106,2039,0.00000104
80,562,-61,1657474,20170113,2964,0.00000149
81,569,-60,1657474,20170120,2527,0.00000127
82,576,-59,1657474,20170127,4071,0.00000207
83,583,-58,1657474,20170203,2497,0.00000128
84,590,-57,1657474,20170210,2393,0.00000125
85,597,-56,1657474,20170217,2476,0.00000129
86,604,-55,1657474,20170224,1998,0.00000103
87,611,-54,1657474,20170303,2532,0.00000134
88,618,-53,1657474,20170310,3461,0.00000185
89,625,-52,1657474,20170317,2195,0.00000116
90,632,-51,1657474,20170324,2044,0.00000114
91,639,-50,1657474,20170331,2022,0.00000114
92,646,-49,1657474,20170407,1784,0.00000102
93,653,-48,1657474,20170414,1757,0.00000098
94,660,-47,1657474,20170421,1736,0.00000097
95,667,-46,1657474,20170428,1841,0.00000103
96,674,-45,1657474,20170505,2592,0.00000145
97,681,-44,1657474,20170512,2111,0.00000120
98,688,-43,1657474,20170519,2457,0.00000138
99,695,-42,1657474,20170526,2062,0.00000118
100,702,-41,1657474,20170602,2104,0.00000123
101,709,-40,1657474,20170609,2237,0.00000133
102,716,-39,1657474,20170616,2650,0.00000160
103,723,-38,1657474,20170623,5544,0.00000344
104,730,-37,1657474,20170630,6029,0.00000375
105,737,-36,1657474,20170707,4441,0.00000267
106,744,-35,1657474,20170714,3207,0.00000194
107,751,-34,1657474,20170721,2397,0.00000143
108,758,-33,1657474,20170728,2124,0.00000131
109,765,-32,1657474,20170804,2440,0.00000150
110,772,-31,1657474,20170811,2211,0.00000136
111,779,-30,1657474,20170818,2030,0.00000124
112,786,-29,1657474,20170825,2089,0.00000129
113,793,-28,1657474,20170901,2958,0.00000179
114,800,-27,1657474,20170908,2748,0.00000168
115,807,-26,1657474,20170915,3031,0.00000180
116,814,-25,1657474,20170922,2583,0.00000155
117,821,-24,1657474,20170929,2121,0.00000128
118,828,-23,1657474,20171006,2193,0.00000128
119,835,-22,1657474,20171013,2362,0.00000139
120,842,-21,1657474,20171020,2140,0.00000124
121,849,-20,1657474,20171027,1801,0.00000105
122,856,-19,1657474,20171103,2295,0.00000131
123,863,-18,1657474,20171110,2071,0.00000118
124,870,-17,1657474,20171117,2426,0.00000140
125,877,-16,1657474,20171124,2658,0.00000152
126,884,-15,1657474,20171201,2164,0.00000125
127,891,-14,1657474,20171208,1919,0.00000110
128,898,-13,1657474,20171215,1951,0.00000119
129,905,-12,1657474,20171222,1870,0.00000115
130,912,-11,1657474,20171229,5110,0.00000286
131,919,-10,1657474,20180105,2137,0.00000112
132,926,-9,1657474,20180112,2344,0.00000121
133,933,-8,1657474,20180119,2334,0.00000125
134,940,-7,1657474,20180126,2342,0.00000126
135,947,-6,1657474,20180202,1941,0.00000105
136,954,-5,1657474,20180209,2069,0.00000114
137,961,-4,1657474,20180216,2067,0.00000112
138,968,-3,1657474,20180223,2005,0.00000108
139,975,-2,1657474,20180302,2003,0.00000108
140,982,-1,1657474,20180309,453642,0.00024662
141,989,0,1657474,20180316,49454,0.00002733
142,996,1,1657474,20180323,27924,0.00001576
143,1003,2,1657474,20180330,32959,0.00001840
144,1010,3,1657474,20180406,12728,0.00000698
145,1017,4,1657474,20180413,7307,0.00000406
146,1024,5,1657474,20180420,6571,0.00000370
147,1031,6,1657474,20180427,5075,0.00000293
148,1038,7,1657474,20180504,5020,0.00000290
149,1045,8,1657474,20180511,4895,0.00000279
150,1052,9,1657474,20180518,3813,0.00000212
151,1059,10,1657474,20180525,4300,0.00000248
152,1066,11,1657474,20180601,4436,0.00000260
153,1073,12,1657474,20180608,5288,0.00000307
154,1080,13,1657474,20180615,14187,0.00000842
155,1087,14,1657474,20180622,8844,0.00000526
1,4,-140,19376148,20150705,164258,0.00009432
2,11,-139,19376148,20150712,214725,0.00012367
3,18,-138,19376148,20150719,336450,0.00019395
4,25,-137,19376148,20150726,209665,0.00012043
5,32,-136,19376148,20150802,189957,0.00011233
6,39,-135,19376148,20150809,167662,0.00009761
7,46,-134,19376148,20150816,737664,0.00042320
8,53,-133,19376148,20150823,555265,0.00031848
9,60,-132,19376148,20150830,387467,0.00021916
10,67,-131,19376148,20150906,275259,0.00014767
11,74,-130,19376148,20150913,228059,0.00012852
12,81,-129,19376148,20150920,205266,0.00011773
13,88,-128,19376148,20150927,201458,0.00011762
14,95,-127,19376148,20151004,175982,0.00010058
15,102,-126,19376148,20151011,278603,0.00015853
16,109,-125,19376148,20151018,331160,0.00018587
17,116,-124,19376148,20151025,204055,0.00011575
18,123,-123,19376148,20151101,174383,0.00009893
19,130,-122,19376148,20151108,158137,0.00009015
20,137,-121,19376148,20151115,152274,0.00008641
21,144,-120,19376148,20151122,189432,0.00011004
22,151,-119,19376148,20151129,175755,0.00009982
23,158,-118,19376148,20151206,165590,0.00009317
24,165,-117,19376148,20151213,182151,0.00010732
25,172,-116,19376148,20151220,198021,0.00012673
26,179,-115,19376148,20151227,229963,0.00013561
27,186,-114,19376148,20160103,270820,0.00014882
28,193,-113,19376148,20160110,221510,0.00011886
29,200,-112,19376148,20160117,346021,0.00018673
30,207,-111,19376148,20160124,262073,0.00014148
31,214,-110,19376148,20160131,222350,0.00012037
32,221,-109,19376148,20160207,224752,0.00012414
33,228,-108,19376148,20160214,214988,0.00011749
34,235,-107,19376148,20160221,200836,0.00011048
35,242,-106,19376148,20160228,199516,0.00010852
36,249,-105,19376148,20160306,172417,0.00009766
37,256,-104,19376148,20160313,139535,0.00008154
38,263,-103,19376148,20160320,121728,0.00007319
39,270,-102,19376148,20160327,126465,0.00007415
40,277,-101,19376148,20160403,124578,0.00007151
41,284,-100,19376148,20160410,278956,0.00016083
42,291,-99,19376148,20160417,146102,0.00008382
43,298,-98,19376148,20160424,190476,0.00011007
44,305,-97,19376148,20160501,138845,0.00008132
45,312,-96,19376148,20160508,136015,0.00007951
46,319,-95,19376148,20160515,168095,0.00009690
47,326,-94,19376148,20160522,163497,0.00009660
48,333,-93,19376148,20160529,270839,0.00015985
49,340,-92,19376148,20160605,163481,0.00009682
50,347,-91,19376148,20160612,163503,0.00009643
51,354,-90,19376148,20160619,148632,0.00008851
52,361,-89,19376148,20160626,168921,0.00009971
53,368,-88,19376148,20160703,138726,0.00008264
54,375,-87,19376148,20160710,121568,0.00007304
55,382,-86,19376148,20160717,105569,0.00005939
56,389,-85,19376148,20160724,146251,0.00007445
57,396,-84,19376148,20160731,141227,0.00007368
58,403,-83,19376148,20160807,148725,0.00007594
59,410,-82,19376148,20160814,135131,0.00007473
60,417,-81,19376148,20160821,157699,0.00008940
61,424,-80,19376148,20160828,144370,0.00008176
62,431,-79,19376148,20160904,124260,0.00007108
63,438,-78,19376148,20160911,123226,0.00006985
64,445,-77,19376148,20160918,138016,0.00007736
65,452,-76,19376148,20160925,150834,0.00008654
66,459,-75,19376148,20161002,161858,0.00009108
67,466,-74,19376148,20161009,270233,0.00015140
68,473,-73,19376148,20161016,333309,0.00018490
69,480,-72,19376148,20161023,182804,0.00010383
70,487,-71,19376148,20161030,169533,0.00009350
71,494,-70,19376148,20161106,144212,0.00007637
72,501,-69,19376148,20161113,300930,0.00015932
73,508,-68,19376148,20161120,203198,0.00011237
74,515,-67,19376148,20161127,196850,0.00010581
75,522,-66,19376148,20161204,197323,0.00010590
76,529,-65,19376148,20161211,138418,0.00007813
77,536,-64,19376148,20161218,127977,0.00007257
78,543,-63,19376148,20161225,139046,0.00007608
79,550,-62,19376148,20170101,159783,0.00008258
80,557,-61,19376148,20170108,359056,0.00018238
81,564,-60,19376148,20170115,202095,0.00010191
82,571,-59,19376148,20170122,185922,0.00009338
83,578,-58,19376148,20170129,161051,0.00008249
84,585,-57,19376148,20170205,175471,0.00008990
85,592,-56,19376148,20170212,361127,0.00018886
86,599,-55,19376148,20170219,151243,0.00007884
87,606,-54,19376148,20170226,136680,0.00007073
88,613,-53,19376148,20170305,252896,0.00013382
89,620,-52,19376148,20170312,138437,0.00007364
90,627,-51,19376148,20170319,233966,0.00012626
91,634,-50,19376148,20170326,168249,0.00009459
92,641,-49,19376148,20170402,136983,0.00007730
93,648,-48,19376148,20170409,139806,0.00008003
94,655,-47,19376148,20170416,194680,0.00010788
95,662,-46,19376148,20170423,214900,0.00012048
96,669,-45,19376148,20170430,170693,0.00009525
97,676,-44,19376148,20170507,155217,0.00008773
98,683,-43,19376148,20170514,113209,0.00006412
99,690,-42,19376148,20170521,96243,0.00005488
100,697,-41,19376148,20170528,95749,0.00005472
101,704,-40,19376148,20170604,110198,0.00006427
102,711,-39,19376148,20170611,103001,0.00006160
103,718,-38,19376148,20170618,159654,0.00009698
104,725,-37,19376148,20170625,104805,0.00006531
105,732,-36,19376148,20170702,201535,0.00012415
106,739,-35,19376148,20170709,120668,0.00007274
107,746,-34,19376148,20170716,104345,0.00006283
108,753,-33,19376148,20170723,128583,0.00007767
109,760,-32,19376148,20170730,111286,0.00006886
110,767,-31,19376148,20170806,84583,0.00005187
111,774,-30,19376148,20170813,118403,0.00007304
112,781,-29,19376148,20170820,107055,0.00006567
113,788,-28,19376148,20170827,305198,0.00018963
114,795,-27,19376148,20170903,127007,0.00007655
115,802,-26,19376148,20170910,100224,0.00006102
116,809,-25,19376148,20170917,108293,0.00006412
117,816,-24,19376148,20170924,114216,0.00006906
118,823,-23,19376148,20171001,102332,0.00006100
119,830,-22,19376148,20171008,106096,0.00006179
120,837,-21,19376148,20171015,97877,0.00005756
121,844,-20,19376148,20171022,232699,0.00013473
122,851,-19,19376148,20171029,115865,0.00006705
123,858,-18,19376148,20171105,159565,0.00009125
124,865,-17,19376148,20171112,124783,0.00007116
125,872,-16,19376148,20171119,150211,0.00008714
126,879,-15,19376148,20171126,117253,0.00006705
127,886,-14,19376148,20171203,109822,0.00006267
128,893,-13,19376148,20171210,116663,0.00006805
129,900,-12,19376148,20171217,102018,0.00006280
130,907,-11,19376148,20171224,142107,0.00008459
131,914,-10,19376148,20171231,164672,0.00008991
132,921,-9,19376148,20180107,162601,0.00008628
133,928,-8,19376148,20180114,116989,0.00006075
134,935,-7,19376148,20180121,117208,0.00006251
135,942,-6,19376148,20180128,358247,0.00019348
136,949,-5,19376148,20180204,152327,0.00008239
137,956,-4,19376148,20180211,145704,0.00008027
138,963,-3,19376148,20180218,130765,0.00007092
139,970,-2,19376148,20180225,124023,0.00006694
140,977,-1,19376148,20180304,161514,0.00008760
141,984,0,19376148,20180311,10219796,0.00554943
142,991,1,19376148,20180318,1284490,0.00071287
143,998,2,19376148,20180325,472581,0.00026681
144,1005,3,19376148,20180401,348360,0.00019353
145,1012,4,19376148,20180408,193922,0.00010689
146,1019,5,19376148,20180415,153679,0.00008578
147,1026,6,19376148,20180422,127078,0.00007162
148,1033,7,19376148,20180429,146913,0.00008509
149,1040,8,19376148,20180506,141400,0.00008137
150,1047,9,19376148,20180513,152061,0.00008551
151,1054,10,19376148,20180520,124066,0.00007022
152,1061,11,19376148,20180527,115968,0.00006714
153,1068,12,19376148,20180603,132212,0.00007647
154,1075,13,19376148,20180610,165749,0.00009774
155,1082,14,19376148,20180617,118784,0.00006999
156,1089,15,19376148,20180624,91944,0.00005496
1,4,-143,1339265,20150705,2344,0.00000135
2,11,-142,1339265,20150712,2376,0.00000137
3,18,-141,1339265,20150719,2576,0.00000148
4,25,-140,1339265,20150726,2855,0.00000164
5,32,-139,1339265,20150802,4658,0.00000275
6,39,-138,1339265,20150809,6544,0.00000381
7,46,-137,1339265,20150816,3122,0.00000179
8,53,-136,1339265,20150823,2350,0.00000135
9,60,-135,1339265,20150830,2112,0.00000119
10,67,-134,1339265,20150906,2695,0.00000145
11,74,-133,1339265,20150913,3723,0.00000210
12,81,-132,1339265,20150920,2211,0.00000127
13,88,-131,1339265,20150927,1975,0.00000115
14,95,-130,1339265,20151004,2395,0.00000137
15,102,-129,1339265,20151011,3944,0.00000224
16,109,-128,1339265,20151018,3839,0.00000215
17,116,-127,1339265,20151025,4573,0.00000259
18,123,-126,1339265,20151101,4447,0.00000252
19,130,-125,1339265,20151108,2482,0.00000141
20,137,-124,1339265,20151115,2187,0.00000124
21,144,-123,1339265,20151122,1963,0.00000114
22,151,-122,1339265,20151129,2214,0.00000126
23,158,-121,1339265,20151206,2433,0.00000137
24,165,-120,1339265,20151213,7747,0.00000456
25,172,-119,1339265,20151220,3127,0.00000200
26,179,-118,1339265,20151227,2881,0.00000170
27,186,-117,1339265,20160103,3127,0.00000172
28,193,-116,1339265,20160110,3574,0.00000192
29,200,-115,1339265,20160117,2671,0.00000144
30,207,-114,1339265,20160124,2645,0.00000143
31,214,-113,1339265,20160131,3570,0.00000193
32,221,-112,1339265,20160207,2614,0.00000144
33,228,-111,1339265,20160214,2828,0.00000155
34,235,-110,1339265,20160221,3078,0.00000169
35,242,-109,1339265,20160228,2607,0.00000142
36,249,-108,1339265,20160306,2847,0.00000161
37,256,-107,1339265,20160313,3972,0.00000232
38,263,-106,1339265,20160320,3109,0.00000187
39,270,-105,1339265,20160327,2948,0.00000173
40,277,-104,1339265,20160403,3768,0.00000216
41,284,-103,1339265,20160410,4950,0.00000285
42,291,-102,1339265,20160417,3083,0.00000177
43,298,-101,1339265,20160424,2770,0.00000160
44,305,-100,1339265,20160501,2666,0.00000156
45,312,-99,1339265,20160508,2610,0.00000153
46,319,-98,1339265,20160515,2947,0.00000170
47,326,-97,1339265,20160522,3985,0.00000235
48,333,-96,1339265,20160529,3700,0.00000218
49,340,-95,1339265,20160605,2544,0.00000151
50,347,-94,1339265,20160612,3531,0.00000208
51,354,-93,1339265,20160619,3092,0.00000184
52,361,-92,1339265,20160626,3891,0.00000230
53,368,-91,1339265,20160703,2763,0.00000165
54,375,-90,1339265,20160710,1822,0.00000109
55,382,-89,1339265,20160717,2819,0.00000159
56,389,-88,1339265,20160724,15650,0.00000797
57,396,-87,1339265,20160731,2324,0.00000121
58,403,-86,1339265,20160807,1773,0.00000091
59,410,-85,1339265,20160814,1781,0.00000098
60,417,-84,1339265,20160821,2973,0.00000169
61,424,-83,1339265,20160828,2591,0.00000147
62,431,-82,1339265,20160904,2638,0.00000151
63,438,-81,1339265,20160911,2462,0.00000140
64,445,-80,1339265,20160918,2017,0.00000113
65,452,-79,1339265,20160925,1845,0.00000106
66,459,-78,1339265,20161002,2099,0.00000118
67,466,-77,1339265,20161009,1838,0.00000103
68,473,-76,1339265,20161016,2149,0.00000119
69,480,-75,1339265,20161023,2338,0.00000133
70,487,-74,1339265,20161030,2066,0.00000114
71,494,-73,1339265,20161106,2432,0.00000129
72,501,-72,1339265,20161113,2509,0.00000133
73,508,-71,1339265,20161120,2552,0.00000141
74,515,-70,1339265,20161127,2924,0.00000157
75,522,-69,1339265,20161204,2647,0.00000142
76,529,-68,1339265,20161211,1546,0.00000087
77,536,-67,1339265,20161218,1470,0.00000083
78,543,-66,1339265,20161225,2296,0.00000126
79,550,-65,1339265,20170101,6335,0.00000327
80,557,-64,1339265,20170108,2942,0.00000149
81,564,-63,1339265,20170115,2892,0.00000146
82,571,-62,1339265,20170122,2150,0.00000108
83,578,-61,1339265,20170129,2762,0.00000141
84,585,-60,1339265,20170205,2414,0.00000124
85,592,-59,1339265,20170212,1697,0.00000089
86,599,-58,1339265,20170219,2240,0.00000117
87,606,-57,1339265,20170226,2571,0.00000133
88,613,-56,1339265,20170305,1931,0.00000102
89,620,-55,1339265,20170312,2889,0.00000154
90,627,-54,1339265,20170319,2126,0.00000115
91,634,-53,1339265,20170326,2228,0.00000125
92,641,-52,1339265,20170402,1754,0.00000099
93,648,-51,1339265,20170409,1523,0.00000087
94,655,-50,1339265,20170416,2778,0.00000154
95,662,-49,1339265,20170423,2284,0.00000128
96,669,-48,1339265,20170430,5161,0.00000288
97,676,-47,1339265,20170507,2288,0.00000129
98,683,-46,1339265,20170514,2344,0.00000133
99,690,-45,1339265,20170521,2529,0.00000144
100,697,-44,1339265,20170528,1792,0.00000102
101,704,-43,1339265,20170604,1758,0.00000103
102,711,-42,1339265,20170611,4826,0.00000289
103,718,-41,1339265,20170618,1568,0.00000095
104,725,-40,1339265,20170625,1437,0.00000090
105,732,-39,1339265,20170702,1556,0.00000096
106,739,-38,1339265,20170709,1612,0.00000097
107,746,-37,1339265,20170716,1166,0.00000070
108,753,-36,1339265,20170723,1293,0.00000078
109,760,-35,1339265,20170730,1315,0.00000081
110,767,-34,1339265,20170806,1255,0.00000077
111,774,-33,1339265,20170813,1846,0.00000114
112,781,-32,1339265,20170820,1287,0.00000079
113,788,-31,1339265,20170827,2314,0.00000144
114,795,-30,1339265,20170903,3512,0.00000212
115,802,-29,1339265,20170910,3064,0.00000187
116,809,-28,1339265,20170917,2414,0.00000143
117,816,-27,1339265,20170924,1242,0.00000075
118,823,-26,1339265,20171001,1821,0.00000109
119,830,-25,1339265,20171008,2558,0.00000149
120,837,-24,1339265,20171015,1726,0.00000102
121,844,-23,1339265,20171022,1651,0.00000096
122,851,-22,1339265,20171029,1983,0.00000115
123,858,-21,1339265,20171105,4268,0.00000244
124,865,-20,1339265,20171112,2284,0.00000130
125,872,-19,1339265,20171119,1323,0.00000077
126,879,-18,1339265,20171126,4815,0.00000275
127,886,-17,1339265,20171203,1659,0.00000095
128,893,-16,1339265,20171210,4435,0.00000259
129,900,-15,1339265,20171217,1565,0.00000096
130,907,-14,1339265,20171224,2583,0.00000154
131,914,-13,1339265,20171231,1975,0.00000108
132,921,-12,1339265,20180107,1581,0.00000084
133,928,-11,1339265,20180114,1789,0.00000093
134,935,-10,1339265,20180121,1698,0.00000091
135,942,-9,1339265,20180128,1378,0.00000074
136,949,-8,1339265,20180204,2409,0.00000130
137,956,-7,1339265,20180211,1797,0.00000099
138,963,-6,1339265,20180218,2673,0.00000145
139,970,-5,1339265,20180225,1911,0.00000103
140,977,-4,1339265,20180304,1927,0.00000105
141,984,-3,1339265,20180311,2630,0.00000143
142,991,-2,1339265,20180318,2128,0.00000118
143,998,-1,1339265,20180325,111895,0.00006317
144,1005,0,1339265,20180401,660622,0.00036702
145,1012,1,1339265,20180408,81703,0.00004504
146,1019,2,1339265,20180415,7898,0.00000441
147,1026,3,1339265,20180422,6161,0.00000347
148,1033,4,1339265,20180429,10218,0.00000592
149,1040,5,1339265,20180506,7018,0.00000404
150,1047,6,1339265,20180513,39814,0.00002239
151,1054,7,1339265,20180520,9091,0.00000515
152,1061,8,1339265,20180527,6565,0.00000380
153,1068,9,1339265,20180603,4650,0.00000269
154,1075,10,1339265,20180610,3271,0.00000193
155,1082,11,1339265,20180617,3049,0.00000180
156,1089,12,1339265,20180624,2743,0.00000164
0,1,-146,262457,20150702,15056,0.00000878
1,8,-145,262457,20150709,28193,0.00001613
2,15,-144,262457,20150716,14736,0.00000858
3,22,-143,262457,20150723,19220,0.00001094
4,29,-142,262457,20150730,13375,0.00000797
5,36,-141,262457,20150806,15287,0.00000887
6,43,-140,262457,20150813,14812,0.00000852
7,50,-139,262457,20150820,12752,0.00000729
8,57,-138,262457,20150827,16781,0.00000965
9,64,-137,262457,20150903,18672,0.00001010
10,71,-136,262457,20150910,14606,0.00000803
11,78,-135,262457,20150917,16290,0.00000931
12,85,-134,262457,20150924,13901,0.00000803
13,92,-133,262457,20151001,12042,0.00000699
14,99,-132,262457,20151008,13195,0.00000750
15,106,-131,262457,20151015,17620,0.00000999
16,113,-130,262457,20151022,13782,0.00000777
17,120,-129,262457,20151029,14539,0.00000829
18,127,-128,262457,20151105,17851,0.00001008
19,134,-127,262457,20151112,17107,0.00000974
20,141,-126,262457,20151119,14076,0.00000810
21,148,-125,262457,20151126,12871,0.00000736
22,155,-124,262457,20151203,13044,0.00000738
23,162,-123,262457,20151210,18904,0.00001082
24,169,-122,262457,20151217,12516,0.00000779
25,176,-121,262457,20151224,19565,0.00001215
26,183,-120,262457,20151231,15024,0.00000844
27,190,-119,262457,20160107,12453,0.00000669
28,197,-118,262457,20160114,14869,0.00000806
29,204,-117,262457,20160121,15596,0.00000837
30,211,-116,262457,20160128,16734,0.00000903
31,218,-115,262457,20160204,26985,0.00001479
32,225,-114,262457,20160211,23953,0.00001317
33,232,-113,262457,20160218,19612,0.00001072
34,239,-112,262457,20160225,19146,0.00001050
35,246,-111,262457,20160303,17206,0.00000954
36,253,-110,262457,20160310,16025,0.00000927
37,260,-109,262457,20160317,15645,0.00000937
38,267,-108,262457,20160324,26104,0.00001536
39,274,-107,262457,20160331,15785,0.00000918
40,281,-106,262457,20160407,14943,0.00000856
41,288,-105,262457,20160414,14764,0.00000862
42,295,-104,262457,20160421,15652,0.00000888
43,302,-103,262457,20160428,14518,0.00000847
44,309,-102,262457,20160505,14059,0.00000823
45,316,-101,262457,20160512,14948,0.00000869
46,323,-100,262457,20160519,14886,0.00000864
47,330,-99,262457,20160526,15287,0.00000910
48,337,-98,262457,20160602,17071,0.00001008
49,344,-97,262457,20160609,15749,0.00000925
50,351,-96,262457,20160616,15844,0.00000946
51,358,-95,262457,20160623,72161,0.00004284
52,365,-94,262457,20160630,23421,0.00001381
53,372,-93,262457,20160707,16983,0.00001016
54,379,-92,262457,20160714,17012,0.00001023
55,386,-91,262457,20160721,17288,0.00000888
56,393,-90,262457,20160728,15988,0.00000821
57,400,-89,262457,20160804,14887,0.00000774
58,407,-88,262457,20160811,15156,0.00000790
59,414,-87,262457,20160818,15088,0.00000862
60,421,-86,262457,20160825,15590,0.00000881
61,428,-85,262457,20160901,13863,0.00000797
62,435,-84,262457,20160908,13660,0.00000773
63,442,-83,262457,20160915,13744,0.00000776
64,449,-82,262457,20160922,12702,0.00000720
65,456,-81,262457,20160929,14602,0.00000830
66,463,-80,262457,20161006,12443,0.00000702
67,470,-79,262457,20161013,15190,0.00000838
68,477,-78,262457,20161020,15666,0.00000879
69,484,-77,262457,20161027,12631,0.00000719
70,491,-76,262457,20161103,12169,0.00000650
71,498,-75,262457,20161110,17974,0.00000942
72,505,-74,262457,20161117,14835,0.00000806
73,512,-73,262457,20161124,16423,0.00000894
74,519,-72,262457,20161201,16292,0.00000877
75,526,-71,262457,20161208,15303,0.00000839
76,533,-70,262457,20161215,14072,0.00000798
77,540,-69,262457,20161222,21618,0.00001230
78,547,-68,262457,20161229,17540,0.00000926
79,554,-67,262457,20170105,13961,0.00000708
80,561,-66,262457,20170112,14315,0.00000722
81,568,-65,262457,20170119,14348,0.00000724
82,575,-64,262457,20170126,14450,0.00000728
83,582,-63,262457,20170202,20542,0.00001055
84,589,-62,262457,20170209,21192,0.00001097
85,596,-61,262457,20170216,15525,0.00000810
86,603,-60,262457,20170223,17616,0.00000909
87,610,-59,262457,20170302,13885,0.00000734
88,617,-58,262457,20170309,18519,0.00000987
89,624,-57,262457,20170316,13458,0.00000713
90,631,-56,262457,20170323,24753,0.00001376
91,638,-55,262457,20170330,19107,0.00001081
92,645,-54,262457,20170406,19134,0.00001093
93,652,-53,262457,20170413,14974,0.00000839
94,659,-52,262457,20170420,18043,0.00001002
95,666,-51,262457,20170427,16308,0.00000915
96,673,-50,262457,20170504,14659,0.00000820
97,680,-49,262457,20170511,14253,0.00000813
98,687,-48,262457,20170518,15041,0.00000838
99,694,-47,262457,20170525,16611,0.00000955
100,701,-46,262457,20170601,21452,0.00001256
101,708,-45,262457,20170608,25040,0.00001477
102,715,-44,262457,20170615,26151,0.00001581
103,722,-43,262457,20170622,22308,0.00001383
104,729,-42,262457,20170629,19244,0.00001199
105,736,-41,262457,20170706,19598,0.00001181
106,743,-40,262457,20170713,19412,0.00001177
107,750,-39,262457,20170720,18606,0.00001110
108,757,-38,262457,20170727,17512,0.00001077
109,764,-37,262457,20170803,16390,0.00001012
110,771,-36,262457,20170810,17045,0.00001051
111,778,-35,262457,20170817,17589,0.00001075
112,785,-34,262457,20170824,17066,0.00001055
113,792,-33,262457,20170831,16801,0.00001024
114,799,-32,262457,20170907,15828,0.00000966
115,806,-31,262457,20170914,17387,0.00001035
116,813,-30,262457,20170921,18655,0.00001115
117,820,-29,262457,20170928,17881,0.00001081
118,827,-28,262457,20171005,18862,0.00001103
119,834,-27,262457,20171012,16242,0.00000953
120,841,-26,262457,20171019,15308,0.00000888
121,848,-25,262457,20171026,16709,0.00000977
122,855,-24,262457,20171102,17278,0.00000984
123,862,-23,262457,20171109,19853,0.00001135
124,869,-22,262457,20171116,16824,0.00000961
125,876,-21,262457,20171123,14857,0.00000855
126,883,-20,262457,20171130,17845,0.00001036
127,890,-19,262457,20171207,16587,0.00000945
128,897,-18,262457,20171214,16064,0.00000969
129,904,-17,262457,20171221,15817,0.00000990
130,911,-16,262457,20171228,16231,0.00000912
131,918,-15,262457,20180104,15419,0.00000814
132,925,-14,262457,20180111,17623,0.00000919
133,932,-13,262457,20180118,15128,0.00000799
134,939,-12,262457,20180125,16779,0.00000898
135,946,-11,262457,20180201,14383,0.00000780
136,953,-10,262457,20180208,15625,0.00000855
137,960,-9,262457,20180215,16784,0.00000916
138,967,-8,262457,20180222,16670,0.00000897
139,974,-7,262457,20180301,15330,0.00000829
140,981,-6,262457,20180308,18425,0.00001002
141,988,-5,262457,20180315,14841,0.00000819
142,995,-4,262457,20180322,19161,0.00001074
143,1002,-3,262457,20180329,17563,0.00000984
144,1009,-2,262457,20180405,18040,0.00000992
145,1016,-1,262457,20180412,1706611,0.00094303
146,1023,0,262457,20180419,182122,0.00010279
147,1030,1,262457,20180426,75706,0.00004357
148,1037,2,262457,20180503,42093,0.00002437
149,1044,3,262457,20180510,31481,0.00001796
150,1051,4,262457,20180517,29364,0.00001622
151,1058,5,262457,20180524,33205,0.00001919
152,1065,6,262457,20180531,25012,0.00001467
153,1072,7,262457,20180607,24181,0.00001396
154,1079,8,262457,20180614,23391,0.00001385
155,1086,9,262457,20180621,20046,0.00001193
0,2,-146,1251324,20150703,6339,0.00000368
1,9,-145,1251324,20150710,4219,0.00000241
2,16,-144,1251324,20150717,5070,0.00000295
3,23,-143,1251324,20150724,9232,0.00000526
4,30,-142,1251324,20150731,4970,0.00000296
5,37,-141,1251324,20150807,4465,0.00000259
6,44,-140,1251324,20150814,4377,0.00000251
7,51,-139,1251324,20150821,5647,0.00000323
8,58,-138,1251324,20150828,4288,0.00000245
9,65,-137,1251324,20150904,4252,0.00000230
10,72,-136,1251324,20150911,3697,0.00000204
11,79,-135,1251324,20150918,3597,0.00000206
12,86,-134,1251324,20150925,3775,0.00000219
13,93,-133,1251324,20151002,3604,0.00000207
14,100,-132,1251324,20151009,5039,0.00000286
15,107,-131,1251324,20151016,3711,0.00000210
16,114,-130,1251324,20151023,4047,0.00000228
17,121,-129,1251324,20151030,7835,0.00000446
18,128,-128,1251324,20151106,3685,0.00000209
19,135,-127,1251324,20151113,4162,0.00000237
20,142,-126,1251324,20151120,3506,0.00000203
21,149,-125,1251324,20151127,3190,0.00000181
22,156,-124,1251324,20151204,3230,0.00000182
23,163,-123,1251324,20151211,2901,0.00000167
24,170,-122,1251324,20151218,2855,0.00000181
25,177,-121,1251324,20151225,3434,0.00000211
26,184,-120,1251324,20160101,8847,0.00000488
27,191,-119,1251324,20160108,10734,0.00000576
28,198,-118,1251324,20160115,7768,0.00000421
29,205,-117,1251324,20160122,7653,0.00000411
30,212,-116,1251324,20160129,7043,0.00000380
31,219,-115,1251324,20160205,6230,0.00000343
32,226,-114,1251324,20160212,6667,0.00000366
33,233,-113,1251324,20160219,7640,0.00000417
34,240,-112,1251324,20160226,6341,0.00000347
35,247,-111,1251324,20160304,6322,0.00000353
36,254,-110,1251324,20160311,6621,0.00000384
37,261,-109,1251324,20160318,10453,0.00000631
38,268,-108,1251324,20160325,6431,0.00000377
39,275,-107,1251324,20160401,6699,0.00000388
40,282,-106,1251324,20160408,5762,0.00000330
41,289,-105,1251324,20160415,5459,0.00000317
42,296,-104,1251324,20160422,5461,0.00000311
43,303,-103,1251324,20160429,5439,0.00000319
44,310,-102,1251324,20160506,4967,0.00000290
45,317,-101,1251324,20160513,4887,0.00000283
46,324,-100,1251324,20160520,4830,0.00000282
47,331,-99,1251324,20160527,5398,0.00000321
48,338,-98,1251324,20160603,5508,0.00000326
49,345,-97,1251324,20160610,5001,0.00000293
50,352,-96,1251324,20160617,5980,0.00000357
51,359,-95,1251324,20160624,4907,0.00000291
52,366,-94,1251324,20160701,8067,0.00000476
53,373,-93,1251324,20160708,5905,0.00000354
54,380,-92,1251324,20160715,5287,0.00000312
55,387,-91,1251324,20160722,5021,0.00000256
56,394,-90,1251324,20160729,5234,0.00000271
57,401,-89,1251324,20160805,5010,0.00000258
58,408,-88,1251324,20160812,6097,0.00000324
59,415,-87,1251324,20160819,10514,0.00000598
60,422,-86,1251324,20160826,6875,0.00000389
61,429,-85,1251324,20160902,6448,0.00000370
62,436,-84,1251324,20160909,6510,0.00000367
63,443,-83,1251324,20160916,5995,0.00000337
64,450,-82,1251324,20160923,6227,0.00000355
65,457,-81,1251324,20160930,6054,0.00000342
66,464,-80,1251324,20161007,6884,0.00000389
67,471,-79,1251324,20161014,7241,0.00000400
68,478,-78,1251324,20161021,6188,0.00000348
69,485,-77,1251324,20161028,9617,0.00000543
70,492,-76,1251324,20161104,5488,0.00000293
71,499,-75,1251324,20161111,5971,0.00000314
72,506,-74,1251324,20161118,6067,0.00000334
73,513,-73,1251324,20161125,6519,0.00000352
74,520,-72,1251324,20161202,5334,0.00000286
75,527,-71,1251324,20161209,5157,0.00000286
76,534,-70,1251324,20161216,5854,0.00000332
77,541,-69,1251324,20161223,6515,0.00000363
78,548,-68,1251324,20161230,6837,0.00000362
79,555,-67,1251324,20170106,7032,0.00000357
80,562,-66,1251324,20170113,7184,0.00000361
81,569,-65,1251324,20170120,5887,0.00000296
82,576,-64,1251324,20170127,6183,0.00000314
83,583,-63,1251324,20170203,6197,0.00000317
84,590,-62,1251324,20170210,6365,0.00000331
85,597,-61,1251324,20170217,6708,0.00000350
86,604,-60,1251324,20170224,6196,0.00000319
87,611,-59,1251324,20170303,5844,0.00000309
88,618,-58,1251324,20170310,6962,0.00000373
89,625,-57,1251324,20170317,9035,0.00000479
90,632,-56,1251324,20170324,14152,0.00000790
91,639,-55,1251324,20170331,17316,0.00000979
92,646,-54,1251324,20170407,9740,0.00000558
93,653,-53,1251324,20170414,7670,0.00000427
94,660,-52,1251324,20170421,6988,0.00000389
95,667,-51,1251324,20170428,6366,0.00000357
96,674,-50,1251324,20170505,6025,0.00000338
97,681,-49,1251324,20170512,5518,0.00000314
98,688,-48,1251324,20170519,5301,0.00000298
99,695,-47,1251324,20170526,6196,0.00000356
100,702,-46,1251324,20170602,6388,0.00000373
101,709,-45,1251324,20170609,6506,0.00000386
102,716,-44,1251324,20170616,6835,0.00000414
103,723,-43,1251324,20170623,8684,0.00000539
104,730,-42,1251324,20170630,6947,0.00000432
105,737,-41,1251324,20170707,6687,0.00000403
106,744,-40,1251324,20170714,7072,0.00000429
107,751,-39,1251324,20170721,9665,0.00000578
108,758,-38,1251324,20170728,10853,0.00000669
109,765,-37,1251324,20170804,8473,0.00000522
110,772,-36,1251324,20170811,7888,0.00000487
111,779,-35,1251324,20170818,8662,0.00000530
112,786,-34,1251324,20170825,16758,0.00001036
113,793,-33,1251324,20170901,15873,0.00000962
114,800,-32,1251324,20170908,45238,0.00002767
115,807,-31,1251324,20170915,25407,0.00001507
116,814,-30,1251324,20170922,15275,0.00000914
117,821,-29,1251324,20170929,10840,0.00000655
118,828,-28,1251324,20171006,8882,0.00000518
119,835,-27,1251324,20171013,12641,0.00000744
120,842,-26,1251324,20171020,7098,0.00000411
121,849,-25,1251324,20171027,10764,0.00000626
122,856,-24,1251324,20171103,6363,0.00000363
123,863,-23,1251324,20171110,4859,0.00000277
124,870,-22,1251324,20171117,5017,0.00000290
125,877,-21,1251324,20171124,4147,0.00000237
126,884,-20,1251324,20171201,3650,0.00000210
127,891,-19,1251324,20171208,3805,0.00000219
128,898,-18,1251324,20171215,5195,0.00000316
129,905,-17,1251324,20171222,4910,0.00000303
130,912,-16,1251324,20171229,5411,0.00000302
131,919,-15,1251324,20180105,5188,0.00000273
132,926,-14,1251324,20180112,5777,0.00000299
133,933,-13,1251324,20180119,5267,0.00000282
134,940,-12,1251324,20180126,4809,0.00000258
135,947,-11,1251324,20180202,4322,0.00000234
136,954,-10,1251324,20180209,4422,0.00000243
137,961,-9,1251324,20180216,4969,0.00000270
138,968,-8,1251324,20180223,4491,0.00000242
139,975,-7,1251324,20180302,4045,0.00000219
140,982,-6,1251324,20180309,3992,0.00000217
141,989,-5,1251324,20180316,5395,0.00000298
142,996,-4,1251324,20180323,4167,0.00000235
143,1003,-3,1251324,20180330,4173,0.00000233
144,1010,-2,1251324,20180406,4014,0.00000220
145,1017,-1,1251324,20180413,680058,0.00037815
146,1024,0,1251324,20180420,90524,0.00005096
147,1031,1,1251324,20180427,24632,0.00001422
148,1038,2,1251324,20180504,21453,0.00001240
149,1045,3,1251324,20180511,12896,0.00000735
150,1052,4,1251324,20180518,9311,0.00000517
151,1059,5,1251324,20180525,10522,0.00000608
152,1066,6,1251324,20180601,15013,0.00000879
153,1073,7,1251324,20180608,10697,0.00000620
154,1080,8,1251324,20180615,8174,0.00000485
155,1087,9,1251324,20180622,8950,0.00000532
0,3,-146,163047,20150704,13378,0.00000770
1,10,-145,163047,20150711,19215,0.00001105
2,17,-144,163047,20150718,12517,0.00000725
3,24,-143,163047,20150725,12210,0.00000698
4,31,-142,163047,20150801,15757,0.00000934
5,38,-141,163047,20150808,20328,0.00001183
6,45,-140,163047,20150815,17014,0.00000976
7,52,-139,163047,20150822,13426,0.00000770
8,59,-138,163047,20150829,12122,0.00000689
9,66,-137,163047,20150905,12361,0.00000666
10,73,-136,163047,20150912,20843,0.00001162
11,80,-135,163047,20150919,13677,0.00000782
12,87,-134,163047,20150926,11516,0.00000671
13,94,-133,163047,20151003,12402,0.00000712
14,101,-132,163047,20151010,14790,0.00000841
15,108,-131,163047,20151017,13057,0.00000735
16,115,-130,163047,20151024,14887,0.00000843
17,122,-129,163047,20151031,16312,0.00000926
18,129,-128,163047,20151107,21446,0.00001221
19,136,-127,163047,20151114,11739,0.00000667
20,143,-126,163047,20151121,11893,0.00000694
21,150,-125,163047,20151128,10745,0.00000607
22,157,-124,163047,20151205,12163,0.00000686
23,164,-123,163047,20151212,13794,0.00000805
24,171,-122,163047,20151219,12231,0.00000788
25,178,-121,163047,20151226,10761,0.00000648
26,185,-120,163047,20160102,18956,0.00001034
27,192,-119,163047,20160109,13039,0.00000699
28,199,-118,163047,20160116,15509,0.00000839
29,206,-117,163047,20160123,18699,0.00001008
30,213,-116,163047,20160130,30622,0.00001653
31,220,-115,163047,20160206,39828,0.00002200
32,227,-114,163047,20160213,46428,0.00002541
33,234,-113,163047,20160220,45836,0.00002511
34,241,-112,163047,20160227,20007,0.00001092
35,248,-111,163047,20160305,63961,0.00003595
36,255,-110,163047,20160312,23020,0.00001340
37,262,-109,163047,20160319,15336,0.00000926
38,269,-108,163047,20160326,13204,0.00000774
39,276,-107,163047,20160402,11175,0.00000643
40,283,-106,163047,20160409,11320,0.00000650
41,290,-105,163047,20160416,10575,0.00000610
42,297,-104,163047,20160423,10648,0.00000612
43,304,-103,163047,20160430,14311,0.00000839
44,311,-102,163047,20160507,18270,0.00001069
45,318,-101,163047,20160514,12012,0.00000696
46,325,-100,163047,20160521,10694,0.00000626
47,332,-99,163047,20160528,9358,0.00000555
48,339,-98,163047,20160604,15871,0.00000939
49,346,-97,163047,20160611,11793,0.00000693
50,353,-96,163047,20160618,10913,0.00000651
51,360,-95,163047,20160625,9074,0.00000536
52,367,-94,163047,20160702,11376,0.00000677
53,374,-93,163047,20160709,13474,0.00000806
54,381,-92,163047,20160716,18055,0.00001041
55,388,-91,163047,20160723,27629,0.00001408
56,395,-90,163047,20160730,17098,0.00000891
57,402,-89,163047,20160806,11661,0.00000597
58,409,-88,163047,20160813,11517,0.00000625
59,416,-87,163047,20160820,10403,0.00000591
60,423,-86,163047,20160827,10167,0.00000576
61,430,-85,163047,20160903,10783,0.00000619
62,437,-84,163047,20160910,14440,0.00000815
63,444,-83,163047,20160917,15565,0.00000871
64,451,-82,163047,20160924,17897,0.00001027
65,458,-81,163047,20161001,19651,0.00001108
66,465,-80,163047,20161008,34887,0.00001962
67,472,-79,163047,20161015,23673,0.00001309
68,479,-78,163047,20161022,17588,0.00000994
69,486,-77,163047,20161029,22813,0.00001273
70,493,-76,163047,20161105,77600,0.00004124
71,500,-75,163047,20161112,42055,0.00002213
72,507,-74,163047,20161119,19743,0.00001098
73,514,-73,163047,20161126,15688,0.00000842
74,521,-72,163047,20161203,11790,0.00000630
75,528,-71,163047,20161210,10487,0.00000587
76,535,-70,163047,20161217,11172,0.00000636
77,542,-69,163047,20161224,12704,0.00000698
78,549,-68,163047,20161231,14895,0.00000783
79,556,-67,163047,20170107,30830,0.00001564
80,563,-66,163047,20170114,115740,0.00005822
81,570,-65,163047,20170121,85761,0.00004320
82,577,-64,163047,20170128,26164,0.00001332
83,584,-63,163047,20170204,109509,0.00005610
84,591,-62,163047,20170211,16156,0.00000843
85,598,-61,163047,20170218,12520,0.00000654
86,605,-60,163047,20170225,18300,0.00000944
87,612,-59,163047,20170304,14003,0.00000742
88,619,-58,163047,20170311,9784,0.00000523
89,626,-57,163047,20170318,9011,0.00000481
90,633,-56,163047,20170325,9283,0.00000519
91,640,-55,163047,20170401,10288,0.00000582
92,647,-54,163047,20170408,11292,0.00000648
93,654,-53,163047,20170415,16676,0.00000925
94,661,-52,163047,20170422,12343,0.00000689
95,668,-51,163047,20170429,9726,0.00000545
96,675,-50,163047,20170506,9427,0.00000531
97,682,-49,163047,20170513,9781,0.00000555
98,689,-48,163047,20170520,10394,0.00000588
99,696,-47,163047,20170527,9691,0.00000556
100,703,-46,163047,20170603,23168,0.00001349
101,710,-45,163047,20170610,10877,0.00000649
102,717,-44,163047,20170617,7671,0.00000465
103,724,-43,163047,20170624,7320,0.00000456
104,731,-42,163047,20170701,8709,0.00000539
105,738,-41,163047,20170708,8484,0.00000511
106,745,-40,163047,20170715,9018,0.00000544
107,752,-39,163047,20170722,9356,0.00000562
108,759,-38,163047,20170729,8787,0.00000543
109,766,-37,163047,20170805,8982,0.00000553
110,773,-36,163047,20170812,9651,0.00000595
111,780,-35,163047,20170819,8196,0.00000503
112,787,-34,163047,20170826,9526,0.00000591
113,794,-33,163047,20170902,10078,0.00000608
114,801,-32,163047,20170909,9868,0.00000602
115,808,-31,163047,20170916,8223,0.00000487
116,815,-30,163047,20170923,8246,0.00000495
117,822,-29,163047,20170930,8487,0.00000510
118,829,-28,163047,20171007,8371,0.00000487
119,836,-27,163047,20171014,10174,0.00000599
120,843,-26,163047,20171021,37909,0.00002195
121,850,-25,163047,20171028,20086,0.00001165
122,857,-24,163047,20171104,12939,0.00000740
123,864,-23,163047,20171111,14221,0.00000811
124,871,-22,163047,20171118,9082,0.00000528
125,878,-21,163047,20171125,11310,0.00000642
126,885,-20,163047,20171202,9019,0.00000517
127,892,-19,163047,20171209,8752,0.00000507
128,899,-18,163047,20171216,7712,0.00000473
129,906,-17,163047,20171223,8455,0.00000511
130,913,-16,163047,20171230,9565,0.00000531
131,920,-15,163047,20180106,11876,0.00000626
132,927,-14,163047,20180113,10010,0.00000517
133,934,-13,163047,20180120,10387,0.00000554
134,941,-12,163047,20180127,10309,0.00000556
135,948,-11,163047,20180203,9847,0.00000533
136,955,-10,163047,20180210,10049,0.00000553
137,962,-9,163047,20180217,10880,0.00000590
138,969,-8,163047,20180224,10553,0.00000570
139,976,-7,163047,20180303,10080,0.00000545
140,983,-6,163047,20180310,9313,0.00000506
141,990,-5,163047,20180317,9145,0.00000506
142,997,-4,163047,20180324,9730,0.00000550
143,1004,-3,163047,20180331,10173,0.00000567
144,1011,-2,163047,20180407,9287,0.00000510
145,1018,-1,163047,20180414,2064327,0.00115076
146,1025,0,163047,20180421,782471,0.00043970
147,1032,1,163047,20180428,51669,0.00002993
148,1039,2,163047,20180505,30732,0.00001773
149,1046,3,163047,20180512,21898,0.00001248
150,1053,4,163047,20180519,18944,0.00001054
151,1060,5,163047,20180526,27750,0.00001605
152,1067,6,163047,20180602,17126,0.00000995
153,1074,7,163047,20180609,15032,0.00000880
154,1081,8,163047,20180616,15220,0.00000902
155,1088,9,163047,20180623,12501,0.00000746
1,6,-145,29331348,20150707,49227,0.00002820
2,13,-144,29331348,20150714,35958,0.00002082
3,20,-143,29331348,20150721,38279,0.00002204
4,27,-142,29331348,20150728,39075,0.00002295
5,34,-141,29331348,20150804,41247,0.00002399
6,41,-140,29331348,20150811,37781,0.00002180
7,48,-139,29331348,20150818,33314,0.00001908
8,55,-138,29331348,20150825,37760,0.00002167
9,62,-137,29331348,20150901,40000,0.00002225
10,69,-136,29331348,20150908,39536,0.00002124
11,76,-135,29331348,20150915,34524,0.00001967
12,83,-134,29331348,20150922,34472,0.00001989
13,90,-133,29331348,20150929,52602,0.00003081
14,97,-132,29331348,20151006,42386,0.00002414
15,104,-131,29331348,20151013,35355,0.00002004
16,111,-130,29331348,20151020,30771,0.00001727
17,118,-129,29331348,20151027,29057,0.00001653
18,125,-128,29331348,20151103,30780,0.00001736
19,132,-127,29331348,20151110,27676,0.00001582
20,139,-126,29331348,20151117,26989,0.00001535
21,146,-125,29331348,20151124,28183,0.00001627
22,153,-124,29331348,20151201,27597,0.00001569
23,160,-123,29331348,20151208,27713,0.00001561
24,167,-122,29331348,20151215,24277,0.00001472
25,174,-121,29331348,20151222,22360,0.00001421
26,181,-120,29331348,20151229,25399,0.00001454
27,188,-119,29331348,20160105,25103,0.00001357
28,195,-118,29331348,20160112,24333,0.00001322
29,202,-117,29331348,20160119,26338,0.00001413
30,209,-116,29331348,20160126,25261,0.00001363
31,216,-115,29331348,20160202,25616,0.00001394
32,223,-114,29331348,20160209,24854,0.00001381
33,230,-113,29331348,20160216,26039,0.00001411
34,237,-112,29331348,20160223,25155,0.00001379
35,244,-111,29331348,20160301,23478,0.00001291
36,251,-110,29331348,20160308,26118,0.00001498
37,258,-109,29331348,20160315,29874,0.00001763
38,265,-108,29331348,20160322,27124,0.00001621
39,272,-107,29331348,20160329,105780,0.00006187
40,279,-106,29331348,20160405,42683,0.00002442
41,286,-105,29331348,20160412,35049,0.00002039
42,293,-104,29331348,20160419,33909,0.00001929
43,300,-103,29331348,20160426,32570,0.00001894
44,307,-102,29331348,20160503,28487,0.00001668
45,314,-101,29331348,20160510,32799,0.00001913
46,321,-100,29331348,20160517,28418,0.00001637
47,328,-99,29331348,20160524,27584,0.00001648
48,335,-98,29331348,20160531,28381,0.00001663
49,342,-97,29331348,20160607,28207,0.00001668
50,349,-96,29331348,20160614,25713,0.00001523
51,356,-95,29331348,20160621,22825,0.00001360
52,363,-94,29331348,20160628,24742,0.00001467
53,370,-93,29331348,20160705,23222,0.00001373
54,377,-92,29331348,20160712,23058,0.00001400
55,384,-91,29331348,20160719,23517,0.00001259
56,391,-90,29331348,20160726,21421,0.00001089
57,398,-89,29331348,20160802,21506,0.00001128
58,405,-88,29331348,20160809,18898,0.00000960
59,412,-87,29331348,20160816,20591,0.00001169
60,419,-86,29331348,20160823,40454,0.00002298
61,426,-85,29331348,20160830,26269,0.00001501
62,433,-84,29331348,20160906,24002,0.00001365
63,440,-83,29331348,20160913,20113,0.00001134
64,447,-82,29331348,20160920,17776,0.00001003
65,454,-81,29331348,20160927,17662,0.00001012
66,461,-80,29331348,20161004,17360,0.00000977
67,468,-79,29331348,20161011,17335,0.00000962
68,475,-78,29331348,20161018,17705,0.00000987
69,482,-77,29331348,20161025,16414,0.00000938
70,489,-76,29331348,20161101,16732,0.00000907
71,496,-75,29331348,20161108,16430,0.00000860
72,503,-74,29331348,20161115,17994,0.00000966
73,510,-73,29331348,20161122,16299,0.00000898
74,517,-72,29331348,20161129,17445,0.00000939
75,524,-71,29331348,20161206,16662,0.00000902
76,531,-70,29331348,20161213,15847,0.00000895
77,538,-69,29331348,20161220,15769,0.00000913
78,545,-68,29331348,20161227,18533,0.00000988
79,552,-67,29331348,20170103,18165,0.00000919
80,559,-66,29331348,20170110,19081,0.00000969
81,566,-65,29331348,20170117,17320,0.00000872
82,573,-64,29331348,20170124,16047,0.00000807
83,580,-63,29331348,20170131,16053,0.00000825
84,587,-62,29331348,20170207,16545,0.00000850
85,594,-61,29331348,20170214,16337,0.00000858
86,601,-60,29331348,20170221,16992,0.00000875
87,608,-59,29331348,20170228,16113,0.00000849
88,615,-58,29331348,20170307,15639,0.00000830
89,622,-57,29331348,20170314,15149,0.00000806
90,629,-56,29331348,20170321,15955,0.00000875
91,636,-55,29331348,20170328,15884,0.00000894
92,643,-54,29331348,20170404,15400,0.00000873
93,650,-53,29331348,20170411,14372,0.00000818
94,657,-52,29331348,20170418,14724,0.00000812
95,664,-51,29331348,20170425,14182,0.00000797
96,671,-50,29331348,20170502,13851,0.00000774
97,678,-49,29331348,20170509,14033,0.00000798
98,685,-48,29331348,20170516,13485,0.00000752
99,692,-47,29331348,20170523,13861,0.00000810
100,699,-46,29331348,20170530,14869,0.00000850
101,706,-45,29331348,20170606,13164,0.00000768
102,713,-44,29331348,20170613,12988,0.00000786
103,720,-43,29331348,20170620,12329,0.00000755
104,727,-42,29331348,20170627,12392,0.00000774
105,734,-41,29331348,20170704,12716,0.00000773
106,741,-40,29331348,20170711,13292,0.00000802
107,748,-39,29331348,20170718,12680,0.00000760
108,755,-38,29331348,20170725,13459,0.00000822
109,762,-37,29331348,20170801,16298,0.00001010
110,769,-36,29331348,20170808,31213,0.00001919
111,776,-35,29331348,20170815,22441,0.00001373
112,783,-34,29331348,20170822,18906,0.00001166
113,790,-33,29331348,20170829,15821,0.00000976
114,797,-32,29331348,20170905,17105,0.00001033
115,804,-31,29331348,20170912,16776,0.00001011
116,811,-30,29331348,20170919,17370,0.00001034
117,818,-29,29331348,20170926,15303,0.00000929
118,825,-28,29331348,20171003,15310,0.00000901
119,832,-27,29331348,20171010,15283,0.00000890
120,839,-26,29331348,20171017,16481,0.00000965
121,846,-25,29331348,20171024,16555,0.00000958
122,853,-24,29331348,20171031,14479,0.00000835
123,860,-23,29331348,20171107,14348,0.00000820
124,867,-22,29331348,20171114,13114,0.00000747
125,874,-21,29331348,20171121,12541,0.00000726
126,881,-20,29331348,20171128,12533,0.00000725
127,888,-19,29331348,20171205,12088,0.00000686
128,895,-18,29331348,20171212,10667,0.00000632
129,902,-17,29331348,20171219,10801,0.00000684
130,909,-16,29331348,20171226,12609,0.00000730
131,916,-15,29331348,20180102,12940,0.00000681
132,923,-14,29331348,20180109,12148,0.00000639
133,930,-13,29331348,20180116,12150,0.00000638
134,937,-12,29331348,20180123,11852,0.00000631
135,944,-11,29331348,20180130,11079,0.00000601
136,951,-10,29331348,20180206,10838,0.00000589
137,958,-9,29331348,20180213,10625,0.00000585
138,965,-8,29331348,20180220,10839,0.00000583
139,972,-7,29331348,20180227,11076,0.00000598
140,979,-6,29331348,20180306,11257,0.00000616
141,986,-5,29331348,20180313,11042,0.00000602
142,993,-4,29331348,20180320,12878,0.00000720
143,1000,-3,29331348,20180327,17886,0.00001010
144,1007,-2,29331348,20180403,15271,0.00000840
145,1014,-1,29331348,20180410,18159,0.00000999
146,1021,0,29331348,20180417,6543259,0.00370675
147,1028,1,29331348,20180424,1157025,0.00065568
148,1035,2,29331348,20180501,467000,0.00027097
149,1042,3,29331348,20180508,258881,0.00014842
150,1049,4,29331348,20180515,192977,0.00010672
151,1056,5,29331348,20180522,170852,0.00009862
152,1063,6,29331348,20180529,117207,0.00006815
153,1070,7,29331348,20180605,130685,0.00007532
154,1077,8,29331348,20180612,94184,0.00005581
155,1084,9,29331348,20180619,89084,0.00005263
156,1091,10,29331348,20180626,69767,0.00004165
0,0,-147,418468,20150701,12979,0.00000760
1,7,-146,418468,20150708,19971,0.00001142
2,14,-145,418468,20150715,10948,0.00000637
3,21,-144,418468,20150722,11311,0.00000649
4,28,-143,418468,20150729,11461,0.00000677
5,35,-142,418468,20150805,9491,0.00000551
6,42,-141,418468,20150812,35638,0.00002054
7,49,-140,418468,20150819,13067,0.00000747
8,56,-139,418468,20150826,10466,0.00000603
9,63,-138,418468,20150902,11203,0.00000610
10,70,-137,418468,20150909,10440,0.00000568
11,77,-136,418468,20150916,10238,0.00000587
12,84,-135,418468,20150923,20075,0.00001158
13,91,-134,418468,20150930,8984,0.00000524
14,98,-133,418468,20151007,10547,0.00000600
15,105,-132,418468,20151014,12349,0.00000699
16,112,-131,418468,20151021,11146,0.00000627
17,119,-130,418468,20151028,8223,0.00000469
18,126,-129,418468,20151104,29401,0.00001655
19,133,-128,418468,20151111,10449,0.00000597
20,140,-127,418468,20151118,9761,0.00000557
21,147,-126,418468,20151125,10727,0.00000618
22,154,-125,418468,20151202,8886,0.00000504
23,161,-124,418468,20151209,12805,0.00000726
24,168,-123,418468,20151216,12993,0.00000797
25,175,-122,418468,20151223,16249,0.00001023
26,182,-121,418468,20151230,15077,0.00000856
27,189,-120,418468,20160106,10084,0.00000543
28,196,-119,418468,20160113,10574,0.00000573
29,203,-118,418468,20160120,18172,0.00000977
30,210,-117,418468,20160127,9164,0.00000495
31,217,-116,418468,20160203,9307,0.00000509
32,224,-115,418468,20160210,9573,0.00000528
33,231,-114,418468,20160217,9657,0.00000527
34,238,-113,418468,20160224,7436,0.00000408
35,245,-112,418468,20160302,8807,0.00000487
36,252,-111,418468,20160309,8651,0.00000499
37,259,-110,418468,20160316,9389,0.00000557
38,266,-109,418468,20160323,13137,0.00000778
39,273,-108,418468,20160330,14451,0.00000845
40,280,-107,418468,20160406,12215,0.00000698
41,287,-106,418468,20160413,10153,0.00000592
42,294,-105,418468,20160420,13331,0.00000757
43,301,-104,418468,20160427,12903,0.00000751
44,308,-103,418468,20160504,8877,0.00000519
45,315,-102,418468,20160511,10382,0.00000606
46,322,-101,418468,20160518,14283,0.00000824
47,329,-100,418468,20160525,10812,0.00000646
48,336,-99,418468,20160601,10290,0.00000605
49,343,-98,418468,20160608,14744,0.00000868
50,350,-97,418468,20160615,30785,0.00001834
51,357,-96,418468,20160622,20486,0.00001216
52,364,-95,418468,20160629,14337,0.00000850
53,371,-94,418468,20160706,12304,0.00000730
54,378,-93,418468,20160713,16397,0.00000995
55,385,-92,418468,20160720,9383,0.00000490
56,392,-91,418468,20160727,10291,0.00000525
57,399,-90,418468,20160803,9100,0.00000477
58,406,-89,418468,20160810,10201,0.00000520
59,413,-88,418468,20160817,8970,0.00000515
60,420,-87,418468,20160824,10928,0.00000619
61,427,-86,418468,20160831,10790,0.00000618
62,434,-85,418468,20160907,13838,0.00000785
63,441,-84,418468,20160914,11752,0.00000664
64,448,-83,418468,20160921,9657,0.00000547
65,455,-82,418468,20160928,18721,0.00001068
66,462,-81,418468,20161005,10020,0.00000565
67,469,-80,418468,20161012,9212,0.00000508
68,476,-79,418468,20161019,10004,0.00000559
69,483,-78,418468,20161026,7581,0.00000434
70,490,-77,418468,20161102,8935,0.00000481
71,497,-76,418468,20161109,10407,0.00000543
72,504,-75,418468,20161116,9836,0.00000530
73,511,-74,418468,20161123,10876,0.00000596
74,518,-73,418468,20161130,9748,0.00000525
75,525,-72,418468,20161207,11428,0.00000623
76,532,-71,418468,20161214,16824,0.00000950
77,539,-70,418468,20161221,18925,0.00001088
78,546,-69,418468,20161228,19876,0.00001052
79,553,-68,418468,20170104,17227,0.00000874
80,560,-67,418468,20170111,11093,0.00000561
81,567,-66,418468,20170118,12505,0.00000631
82,574,-65,418468,20170125,9849,0.00000495
83,581,-64,418468,20170201,16064,0.00000825
84,588,-63,418468,20170208,10387,0.00000537
85,595,-62,418468,20170215,11920,0.00000622
86,602,-61,418468,20170222,10747,0.00000553
87,609,-60,418468,20170301,10854,0.00000574
88,616,-59,418468,20170308,9580,0.00000510
89,623,-58,418468,20170315,12663,0.00000672
90,630,-57,418468,20170322,9936,0.00000550
91,637,-56,418468,20170329,12081,0.00000680
92,644,-55,418468,20170405,22568,0.00001289
93,651,-54,418468,20170412,10724,0.00000604
94,658,-53,418468,20170419,8761,0.00000484
95,665,-52,418468,20170426,11602,0.00000651
96,672,-51,418468,20170503,9595,0.00000536
97,679,-50,418468,20170510,9121,0.00000521
98,686,-49,418468,20170517,9380,0.00000520
99,693,-48,418468,20170524,11076,0.00000651
100,700,-47,418468,20170531,22970,0.00001316
101,707,-46,418468,20170607,11182,0.00000655
102,714,-45,418468,20170614,10984,0.00000668
103,721,-44,418468,20170621,10441,0.00000643
104,728,-43,418468,20170628,9896,0.00000616
105,735,-42,418468,20170705,11477,0.00000695
106,742,-41,418468,20170712,10543,0.00000638
107,749,-40,418468,20170719,11433,0.00000683
108,756,-39,418468,20170726,12407,0.00000762
109,763,-38,418468,20170802,12932,0.00000801
110,770,-37,418468,20170809,9149,0.00000563
111,777,-36,418468,20170816,27139,0.00001658
112,784,-35,418468,20170823,27189,0.00001679
113,791,-34,418468,20170830,14206,0.00000869
114,798,-33,418468,20170906,12958,0.00000789
115,805,-32,418468,20170913,16078,0.00000962
116,812,-31,418468,20170920,9018,0.00000538
117,819,-30,418468,20170927,10962,0.00000664
118,826,-29,418468,20171004,10976,0.00000644
119,833,-28,418468,20171011,11232,0.00000656
120,840,-27,418468,20171018,10489,0.00000612
121,847,-26,418468,20171025,12573,0.00000732
122,854,-25,418468,20171101,11305,0.00000647
123,861,-24,418468,20171108,11469,0.00000655
124,868,-23,418468,20171115,8904,0.00000508
125,875,-22,418468,20171122,12313,0.00000710
126,882,-21,418468,20171129,10591,0.00000613
127,889,-20,418468,20171206,10188,0.00000580
128,896,-19,418468,20171213,11305,0.00000675
129,903,-18,418468,20171220,12189,0.00000771
130,910,-17,418468,20171227,44413,0.00002528
131,917,-16,418468,20180103,30109,0.00001585
132,924,-15,418468,20180110,19440,0.00001019
133,931,-14,418468,20180117,20245,0.00001065
134,938,-13,418468,20180124,13529,0.00000722
135,945,-12,418468,20180131,13799,0.00000748
136,952,-11,418468,20180207,13761,0.00000749
137,959,-10,418468,20180214,15965,0.00000877
138,966,-9,418468,20180221,11373,0.00000611
139,973,-8,418468,20180228,9301,0.00000503
140,980,-7,418468,20180307,17140,0.00000937
141,987,-6,418468,20180314,15961,0.00000874
142,994,-5,418468,20180321,14399,0.00000805
143,1001,-4,418468,20180328,14450,0.00000813
144,1008,-3,418468,20180404,41176,0.00002270
145,1015,-2,418468,20180411,11837,0.00000652
146,1022,-1,418468,20180418,2128223,0.00120548
147,1029,0,418468,20180425,242363,0.00013806
148,1036,1,418468,20180502,123290,0.00007145
149,1043,2,418468,20180509,69762,0.00003998
150,1050,3,418468,20180516,39546,0.00002180
151,1057,4,418468,20180523,32227,0.00001860
152,1064,5,418468,20180530,31081,0.00001819
153,1071,6,418468,20180606,34798,0.00002010
154,1078,7,418468,20180613,24725,0.00001462
155,1085,8,418468,20180620,29353,0.00001744
156,1092,9,418468,20180627,26148,0.00001559
0,1,-150,1255496,20150702,11595,0.00000676
1,8,-149,1255496,20150709,9448,0.00000540
2,15,-148,1255496,20150716,10200,0.00000594
3,22,-147,1255496,20150723,10488,0.00000597
4,29,-146,1255496,20150730,10239,0.00000610
5,36,-145,1255496,20150806,9357,0.00000543
6,43,-144,1255496,20150813,10901,0.00000627
7,50,-143,1255496,20150820,9656,0.00000552
8,57,-142,1255496,20150827,17792,0.00001023
9,64,-141,1255496,20150903,15052,0.00000814
10,71,-140,1255496,20150910,9685,0.00000533
11,78,-139,1255496,20150917,8867,0.00000507
12,85,-138,1255496,20150924,8245,0.00000476
13,92,-137,1255496,20151001,8238,0.00000478
14,99,-136,1255496,20151008,10236,0.00000582
15,106,-135,1255496,20151015,26781,0.00001519
16,113,-134,1255496,20151022,20262,0.00001142
17,120,-133,1255496,20151029,12215,0.00000697
18,127,-132,1255496,20151105,10992,0.00000621
19,134,-131,1255496,20151112,9029,0.00000514
20,141,-130,1255496,20151119,9745,0.00000561
21,148,-129,1255496,20151126,10476,0.00000599
22,155,-128,1255496,20151203,10673,0.00000603
23,162,-127,1255496,20151210,10906,0.00000624
24,169,-126,1255496,20151217,13266,0.00000825
25,176,-125,1255496,20151224,19960,0.00001239
26,183,-124,1255496,20151231,14478,0.00000813
27,190,-123,1255496,20160107,9497,0.00000511
28,197,-122,1255496,20160114,8068,0.00000437
29,204,-121,1255496,20160121,8578,0.00000461
30,211,-120,1255496,20160128,8042,0.00000434
31,218,-119,1255496,20160204,11888,0.00000652
32,225,-118,1255496,20160211,14473,0.00000796
33,232,-117,1255496,20160218,10969,0.00000599
34,239,-116,1255496,20160225,9747,0.00000535
35,246,-115,1255496,20160303,10601,0.00000588
36,253,-114,1255496,20160310,9988,0.00000578
37,260,-113,1255496,20160317,15421,0.00000923
38,267,-112,1255496,20160324,38614,0.00002272
39,274,-111,1255496,20160331,25827,0.00001502
40,281,-110,1255496,20160407,14784,0.00000847
41,288,-109,1255496,20160414,15206,0.00000888
42,295,-108,1255496,20160421,11172,0.00000634
43,302,-107,1255496,20160428,9351,0.00000545
44,309,-106,1255496,20160505,9200,0.00000538
45,316,-105,1255496,20160512,9693,0.00000563
46,323,-104,1255496,20160519,13187,0.00000766
47,330,-103,1255496,20160526,12424,0.00000740
48,337,-102,1255496,20160602,8429,0.00000498
49,344,-101,1255496,20160609,10375,0.00000609
50,351,-100,1255496,20160616,8907,0.00000532
51,358,-99,1255496,20160623,11401,0.00000677
52,365,-98,1255496,20160630,14280,0.00000842
53,372,-97,1255496,20160707,8980,0.00000537
54,379,-96,1255496,20160714,8007,0.00000482
55,386,-95,1255496,20160721,9174,0.00000471
56,393,-94,1255496,20160728,12528,0.00000644
57,400,-93,1255496,20160804,9171,0.00000477
58,407,-92,1255496,20160811,8361,0.00000436
59,414,-91,1255496,20160818,9426,0.00000538
60,421,-90,1255496,20160825,17812,0.00001007
61,428,-89,1255496,20160901,18901,0.00001087
62,435,-88,1255496,20160908,11922,0.00000675
63,442,-87,1255496,20160915,9641,0.00000544
64,449,-86,1255496,20160922,9121,0.00000517
65,456,-85,1255496,20160929,9709,0.00000552
66,463,-84,1255496,20161006,8596,0.00000485
67,470,-83,1255496,20161013,15590,0.00000860
68,477,-82,1255496,20161020,9298,0.00000522
69,484,-81,1255496,20161027,9140,0.00000520
70,491,-80,1255496,20161103,7641,0.00000408
71,498,-79,1255496,20161110,8450,0.00000443
72,505,-78,1255496,20161117,10768,0.00000585
73,512,-77,1255496,20161124,10356,0.00000564
74,519,-76,1255496,20161201,9776,0.00000526
75,526,-75,1255496,20161208,14569,0.00000799
76,533,-74,1255496,20161215,11162,0.00000633
77,540,-73,1255496,20161222,18020,0.00001025
78,547,-72,1255496,20161229,22969,0.00001213
79,554,-71,1255496,20170105,19364,0.00000983
80,561,-70,1255496,20170112,17675,0.00000891
81,568,-69,1255496,20170119,12838,0.00000648
82,575,-68,1255496,20170126,12618,0.00000635
83,582,-67,1255496,20170202,14380,0.00000739
84,589,-66,1255496,20170209,11404,0.00000591
85,596,-65,1255496,20170216,12022,0.00000627
86,603,-64,1255496,20170223,10834,0.00000559
87,610,-63,1255496,20170302,9307,0.00000492
88,617,-62,1255496,20170309,9140,0.00000487
89,624,-61,1255496,20170316,8526,0.00000452
90,631,-60,1255496,20170323,11615,0.00000646
91,638,-59,1255496,20170330,12452,0.00000704
92,645,-58,1255496,20170406,8025,0.00000458
93,652,-57,1255496,20170413,9190,0.00000515
94,659,-56,1255496,20170420,9025,0.00000501
95,666,-55,1255496,20170427,9570,0.00000537
96,673,-54,1255496,20170504,9000,0.00000504
97,680,-53,1255496,20170511,8453,0.00000482
98,687,-52,1255496,20170518,7927,0.00000442
99,694,-51,1255496,20170525,8132,0.00000468
100,701,-50,1255496,20170601,9066,0.00000531
101,708,-49,1255496,20170608,8381,0.00000494
102,715,-48,1255496,20170615,8576,0.00000519
103,722,-47,1255496,20170622,9231,0.00000572
104,729,-46,1255496,20170629,8562,0.00000533
105,736,-45,1255496,20170706,8863,0.00000534
106,743,-44,1255496,20170713,7449,0.00000452
107,750,-43,1255496,20170720,131579,0.00007850
108,757,-42,1255496,20170727,12943,0.00000796
109,764,-41,1255496,20170803,11191,0.00000691
110,771,-40,1255496,20170810,10557,0.00000651
111,778,-39,1255496,20170817,10403,0.00000636
112,785,-38,1255496,20170824,15813,0.00000977
113,792,-37,1255496,20170831,10389,0.00000633
114,799,-36,1255496,20170907,8250,0.00000504
115,806,-35,1255496,20170914,9861,0.00000587
116,813,-34,1255496,20170921,7610,0.00000455
117,820,-33,1255496,20170928,8738,0.00000528
118,827,-32,1255496,20171005,8634,0.00000505
119,834,-31,1255496,20171012,12484,0.00000733
120,841,-30,1255496,20171019,10874,0.00000631
121,848,-29,1255496,20171026,15900,0.00000930
122,855,-28,1255496,20171102,9940,0.00000566
123,862,-27,1255496,20171109,9721,0.00000556
124,869,-26,1255496,20171116,10779,0.00000616
125,876,-25,1255496,20171123,11291,0.00000650
126,883,-24,1255496,20171130,13739,0.00000798
127,890,-23,1255496,20171207,10793,0.00000615
128,897,-22,1255496,20171214,12027,0.00000725
129,904,-21,1255496,20171221,33383,0.00002090
130,911,-20,1255496,20171228,20647,0.00001160
131,918,-19,1255496,20180104,13764,0.00000727
132,925,-18,1255496,20180111,11261,0.00000587
133,932,-17,1255496,20180118,13470,0.00000712
134,939,-16,1255496,20180125,9071,0.00000485
135,946,-15,1255496,20180201,10459,0.00000567
136,953,-14,1255496,20180208,15023,0.00000822
137,960,-13,1255496,20180215,10671,0.00000582
138,967,-12,1255496,20180222,9079,0.00000489
139,974,-11,1255496,20180301,15548,0.00000841
140,981,-10,1255496,20180308,10548,0.00000573
141,988,-9,1255496,20180315,26548,0.00001465
142,995,-8,1255496,20180322,9682,0.00000543
143,1002,-7,1255496,20180329,8781,0.00000492
144,1009,-6,1255496,20180405,8119,0.00000447
145,1016,-5,1255496,20180412,21514,0.00001189
146,1023,-4,1255496,20180419,12244,0.00000691
147,1030,-3,1255496,20180426,7568,0.00000436
148,1037,-2,1255496,20180503,8045,0.00000466
149,1044,-1,1255496,20180510,843666,0.00048138
150,1051,0,1255496,20180517,104863,0.00005793
151,1058,1,1255496,20180524,38035,0.00002198
152,1065,2,1255496,20180531,23515,0.00001379
153,1072,3,1255496,20180607,22314,0.00001288
154,1079,4,1255496,20180614,15628,0.00000926
155,1086,5,1255496,20180621,14799,0.00000880
1,5,-150,37586959,20150706,3454,0.00000197
2,12,-149,37586959,20150713,3817,0.00000221
3,19,-148,37586959,20150720,4663,0.00000268
4,26,-147,37586959,20150727,3363,0.00000194
5,33,-146,37586959,20150803,3045,0.00000179
6,40,-145,37586959,20150810,3271,0.00000190
7,47,-144,37586959,20150817,3097,0.00000177
8,54,-143,37586959,20150824,3646,0.00000210
9,61,-142,37586959,20150831,3313,0.00000186
10,68,-141,37586959,20150907,3778,0.00000202
11,75,-140,37586959,20150914,3061,0.00000174
12,82,-139,37586959,20150921,3138,0.00000181
13,89,-138,37586959,20150928,2786,0.00000163
14,96,-137,37586959,20151005,2521,0.00000144
15,103,-136,37586959,20151012,69549,0.00003946
16,110,-135,37586959,20151019,39023,0.00002188
17,117,-134,37586959,20151026,12753,0.00000726
18,124,-133,37586959,20151102,8473,0.00000479
19,131,-132,37586959,20151109,8408,0.00000479
20,138,-131,37586959,20151116,7418,0.00000421
21,145,-130,37586959,20151123,8151,0.00000472
22,152,-129,37586959,20151130,8043,0.00000458
23,159,-128,37586959,20151207,6366,0.00000358
24,166,-127,37586959,20151214,5826,0.00000348
25,173,-126,37586959,20151221,6007,0.00000383
26,180,-125,37586959,20151228,8899,0.00000516
27,187,-124,37586959,20160104,9465,0.00000519
28,194,-123,37586959,20160111,10820,0.00000581
29,201,-122,37586959,20160118,9629,0.00000518
30,208,-121,37586959,20160125,27694,0.00001494
31,215,-120,37586959,20160201,11987,0.00000652
32,222,-119,37586959,20160208,8658,0.00000479
33,229,-118,37586959,20160215,9671,0.00000526
34,236,-117,37586959,20160222,8321,0.00000460
35,243,-116,37586959,20160229,7134,0.00000388
36,250,-115,37586959,20160307,6324,0.00000361
37,257,-114,37586959,20160314,8994,0.00000528
38,264,-113,37586959,20160321,7910,0.00000475
39,271,-112,37586959,20160328,6783,0.00000397
40,278,-111,37586959,20160404,8018,0.00000459
41,285,-110,37586959,20160411,8201,0.00000475
42,292,-109,37586959,20160418,7146,0.00000408
43,299,-108,37586959,20160425,6206,0.00000361
44,306,-107,37586959,20160502,8009,0.00000469
45,313,-106,37586959,20160509,9372,0.00000546
46,320,-105,37586959,20160516,8095,0.00000467
47,327,-104,37586959,20160523,6092,0.00000362
48,334,-103,37586959,20160530,6348,0.00000372
49,341,-102,37586959,20160606,7888,0.00000468
50,348,-101,37586959,20160613,9392,0.00000556
51,355,-100,37586959,20160620,9260,0.00000550
52,362,-99,37586959,20160627,8540,0.00000506
53,369,-98,37586959,20160704,13797,0.00000818
54,376,-97,37586959,20160711,6058,0.00000366
55,383,-96,37586959,20160718,5342,0.00000293
56,390,-95,37586959,20160725,4683,0.00000238
57,397,-94,37586959,20160801,4561,0.00000239
58,404,-93,37586959,20160808,8498,0.00000432
59,411,-92,37586959,20160815,7527,0.00000422
60,418,-91,37586959,20160822,8221,0.00000468
61,425,-90,37586959,20160829,7144,0.00000406
62,432,-89,37586959,20160905,5121,0.00000291
63,439,-88,37586959,20160912,4866,0.00000276
64,446,-87,37586959,20160919,7532,0.00000424
65,453,-86,37586959,20160926,5483,0.00000314
66,460,-85,37586959,20161003,6715,0.00000377
67,467,-84,37586959,20161010,7393,0.00000413
68,474,-83,37586959,20161017,6741,0.00000375
69,481,-82,37586959,20161024,7567,0.00000431
70,488,-81,37586959,20161031,6986,0.00000382
71,495,-80,37586959,20161107,6922,0.00000365
72,502,-79,37586959,20161114,4727,0.00000252
73,509,-78,37586959,20161121,4753,0.00000262
74,516,-77,37586959,20161128,7721,0.00000416
75,523,-76,37586959,20161205,5558,0.00000300
76,530,-75,37586959,20161212,4074,0.00000230
77,537,-74,37586959,20161219,4269,0.00000245
78,544,-73,37586959,20161226,4705,0.00000255
79,551,-72,37586959,20170102,5684,0.00000289
80,558,-71,37586959,20170109,5562,0.00000283
81,565,-70,37586959,20170116,6741,0.00000339
82,572,-69,37586959,20170123,7553,0.00000380
83,579,-68,37586959,20170130,5060,0.00000260
84,586,-67,37586959,20170206,5633,0.00000289
85,593,-66,37586959,20170213,6098,0.00000320
86,600,-65,37586959,20170220,6188,0.00000321
87,607,-64,37586959,20170227,5161,0.00000269
88,614,-63,37586959,20170306,5553,0.00000294
89,621,-62,37586959,20170313,5890,0.00000313
90,628,-61,37586959,20170320,8304,0.00000452
91,635,-60,37586959,20170327,6158,0.00000348
92,642,-59,37586959,20170403,7952,0.00000449
93,649,-58,37586959,20170410,5225,0.00000299
94,656,-57,37586959,20170417,4875,0.00000269
95,663,-56,37586959,20170424,5528,0.00000311
96,670,-55,37586959,20170501,5063,0.00000282
97,677,-54,37586959,20170508,5468,0.00000310
98,684,-53,37586959,20170515,5225,0.00000296
99,691,-52,37586959,20170522,4466,0.00000256
100,698,-51,37586959,20170529,3765,0.00000215
101,705,-50,37586959,20170605,4984,0.00000291
102,712,-49,37586959,20170612,6064,0.00000365
103,719,-48,37586959,20170619,6042,0.00000368
104,726,-47,37586959,20170626,6892,0.00000430
105,733,-46,37586959,20170703,5353,0.00000328
106,740,-45,37586959,20170710,6097,0.00000367
107,747,-44,37586959,20170717,7363,0.00000442
108,754,-43,37586959,20170724,6296,0.00000382
109,761,-42,37586959,20170731,5790,0.00000359
110,768,-41,37586959,20170807,5178,0.00000318
111,775,-40,37586959,20170814,7300,0.00000448
112,782,-39,37586959,20170821,4800,0.00000295
113,789,-38,37586959,20170828,5000,0.00000310
114,796,-37,37586959,20170904,4659,0.00000281
115,803,-36,37586959,20170911,4355,0.00000265
116,810,-35,37586959,20170918,3688,0.00000219
117,817,-34,37586959,20170925,3789,0.00000230
118,824,-33,37586959,20171002,4500,0.00000266
119,831,-32,37586959,20171009,5157,0.00000300
120,838,-31,37586959,20171016,21713,0.00001275
121,845,-30,37586959,20171023,13028,0.00000753
122,852,-29,37586959,20171030,6508,0.00000375
123,859,-28,37586959,20171106,6029,0.00000345
124,866,-27,37586959,20171113,5735,0.00000327
125,873,-26,37586959,20171120,6433,0.00000373
126,880,-25,37586959,20171127,5078,0.00000292
127,887,-24,37586959,20171204,4445,0.00000253
128,894,-23,37586959,20171211,4542,0.00000267
129,901,-22,37586959,20171218,4696,0.00000292
130,908,-21,37586959,20171225,5686,0.00000335
131,915,-20,37586959,20180101,6188,0.00000331
132,922,-19,37586959,20180108,4522,0.00000239
133,929,-18,37586959,20180115,7358,0.00000385
134,936,-17,37586959,20180122,5795,0.00000309
135,943,-16,37586959,20180129,4785,0.00000259
136,950,-15,37586959,20180205,4312,0.00000233
137,957,-14,37586959,20180212,5039,0.00000278
138,964,-13,37586959,20180219,4371,0.00000236
139,971,-12,37586959,20180226,4355,0.00000236
140,978,-11,37586959,20180305,4486,0.00000244
141,985,-10,37586959,20180312,4501,0.00000245
142,992,-9,37586959,20180319,4450,0.00000248
143,999,-8,37586959,20180326,4661,0.00000264
144,1006,-7,37586959,20180402,4756,0.00000262
145,1013,-6,37586959,20180409,4616,0.00000254
146,1020,-5,37586959,20180416,17686,0.00000996
147,1027,-4,37586959,20180423,7033,0.00000398
148,1034,-3,37586959,20180430,49978,0.00002901
149,1041,-2,37586959,20180507,12118,0.00000695
150,1048,-1,37586959,20180514,9741,0.00000542
151,1055,0,37586959,20180521,643858,0.00036877
152,1062,1,37586959,20180528,135272,0.00007843
153,1069,2,37586959,20180604,33549,0.00001936
154,1076,3,37586959,20180611,20240,0.00001197
155,1083,4,37586959,20180618,14620,0.00000862
156,1090,5,37586959,20180625,11618,0.00000694